0 0 0.531656 0.531656 0.531656 0.820213 0.820213 0.990242 0.990242 1 1 0.349794 0.349794 0 0.860667 0 0 1 0 0.491977 0 0 0 0 0 0 0 0 0 1 0 0.8 0.8 0 0 0 0 0.565579 0.565579 
0 0 0.531656 0.531656 0.531656 0.884261 0.884261 0.990242 0.990242 1 1 0.444444 0.444444 0 0.625434 0 0 1 0 0.43362 0 0 0 0 0 0 0 0 0 1 0 0.8 0.8 0 0 0 0 0.565579 0.565579 
0 0 0.531656 0.531656 0.531656 0.973864 0.973864 0.990242 0.990242 1 1 0.52428 0.52428 0 0.301585 0 0 1 0 0.363963 0 0 0 0 0 0 0 0 0 1 0 0.8 0.8 0 0 0 0 0.565579 0.565579 
0 0 0.531656 0.531656 0.531656 1 1 0.990242 0.990242 1 1 0.579424 0.579424 0 0.0421101 0 0 1 0 0.317452 0 0 0 0 0 0 0 0 0 1 0 0.8 0.8 0 0 0 0 0.565579 0.565579 
0 0 0.531656 0.531656 0.531656 1 1 0.990242 0.990242 1 1 0.6 0.6 0 0 0 0 1 0 0.328534 0 0 0 0 0 0 0 0 0 1 0 0.8 0.8 0 0 0 0 0.565579 0.565579 
0 0 0.531656 0.531656 0.531656 1 1 0.990242 0.990242 1 1 0.6 0.6 0 0.454978 0 0 1 0 0.42981 0.0192585 0.0192585 0 0 0 0 0 0 0 1 0 0.830066 0.841446 0 0 0 0 0.662873 0.579437 
0 0 0.531656 0.531656 0.531656 1 1 0.990242 0.990242 1 1 0.6 0.6 0 1 0 0 1 0 0.621917 0.0644177 0.0644177 0 0 0 0 0 0 0 1 0 0.927462 0.959975 0 0 0 0 0.849427 0.612482 
0 0 0.531656 0.531656 0.531656 1 1 0.990242 0.990242 1 1 0.6 0.6 0 1 0 0 1 0 0.891359 0.116554 0.116554 0 0 0 0 0 0 0 1 0 1 1 0 0 0 0 0.967251 0.651918 
0 0 0.531656 0.531656 0.531656 1 1 0.990242 0.990242 1 1 0.6 0.6 0 1 0 0 0.985513 0 1 0.17667 0.17667 0 0 0 0 0 0 0.1408 1 0 1 1 0 0 0 0 0.901911 0.699825 
0 0 0.5402 0.5402 0.5402 1 1 0.990242 0.990242 1 1 0.6 0.6 0 1 0 0 0.722516 0 1 0.242981 0.242981 0 0 0 0 0 0 0.3584 0.701218 0 1 1 0 0 0 0 0.768702 0.753646 
0 0 0.603134 0.603134 0.603134 1 1 0.990242 0.990242 1 1 0.6 0.6 0 1 0 0 0.406042 0 1 0.297457 0.297457 0 0 0 0 0 0 0.3584 0.3976 0 1 1 0 0 0 0 0.741624 0.799725 
0 0 0.715156 0.715156 0.715156 1 1 0.990242 0.990242 1 1 0.6 0.6 0 0.424272 0 0 0.00704412 0 1 0.346265 0.346265 0 0 0 0 0 0 0.1408 0.1242 0 1 1 0 0 0 0 0.813445 0.845966 
0 0 0.861819 0.861819 0.861819 1 1 0.990242 0.990242 1 1 0.6 0.6 0.143291 0 0 0 0 0 1 0.368368 0.368368 0 0 0 0 0 0 0 0 0 1 1 0 0 0 0 0.855975 0.855975 
0 0 1 1 1 1 1 0.990242 0.990242 1 1 0.6 0.6 0.370196 0 0 0 0 0 1 0.368368 0.368368 0 0 0 0 0 0 0 0 0 1 1 0 0 0 0 0.804722 0.793128 
0 0 1 1 1 1 1 0.990242 0.990242 1 1 0.6 0.6 0.638971 0 0 0 0 0 1 0.368368 0.368368 0 0 0 0 0 0 0 0 0 1 1 0 0 0 0 0.718229 0.700088 
0 0 1 1 1 0.801591 0.801591 0.990242 0.990242 1 1 0.6 0.6 0.732541 0 0 0 0 0 1 0.368368 0.368368 0 0 0 0 0 0 0 0 0 1 1 0 0 0 0 0.652308 0.652308 
0 0 1 1 1 0.544543 0.544543 0.990242 0.990242 1 1 0.6 0.6 0.443026 0 0 0 0 0 1 0.368368 0.368368 0 0 0 0 0 0 0 0 0 1 1 0 0 0 0 0.638977 0.652308 
0 0 1 1 1 0.4 0.4 0.990242 0.990242 1 1 0.6 0.6 0.0511228 0 0 0 0 0 1 0.368368 0.368368 0 0 0 0 0 0 0 0 0 1 1 0 0 0 0 0.649345 0.652308 
0 0 1 1 1 0.393097 0.393097 0.990242 0.990242 1 1 0.6 0.6 0 0 0 0 0.0622792 0 1 0.368368 0.368368 0 0 0 0 0 0 0 0 0 1 1 0 0 0 0 0.652308 0.652308 
0 0 1 1 1 0.480833 0.480833 0.990242 0.990242 1 1 0.6 0.6 0 0 0 0 0.0680992 0 1 0.368368 0.368368 0 0 0 0 0 0 0 0 0 1 1 0 0 0 0 0.652308 0.652308 
0 0 1 1 1 0.621035 0.621035 0.990242 0.990242 1 1 0.6 0.6 0 0 0 0 0.0606164 0 1 0.368368 0.368368 0 0 0 0 0 0 0 0 0 1 1 0 0 0 0 0.652308 0.652308 
0 0 0.785182 0.785182 0.785182 0.771533 0.771533 0.990242 0.990242 1 1 0.6 0.6 0.255857 0 0 0 0 0 0.709189 0.274065 0.274065 0 0 0 0 0 0 0 0 0 1 1 0 0 0 0.662031 0.485317 0.485317 
0 0 0.812257 0.812257 0.812257 0.890156 0.890156 0.990242 0.990242 1 1 0.6 0.6 0 0 0 0 0.51075 0 0.310879 0.0416866 0.0457651 0 0 0 0 0 0 0 0 0 1 1 0 0 0 0.206771 0.0868213 0.0852747 
0 0 0.965124 0.965124 0.965124 0.934733 0.934733 0.990242 0.990242 1 1 0.756252 0.756252 0 0 0 0 0.886237 0.187502 0.239537 0 0 0 0 0 0 0 0 0 0 0.156252 1 1 0 0 0 0 0 0 
0 0 1 1 1 0.927562 0.927562 0.990242 0.990242 1 1 1 1 0 0 0 0 0.886237 1 0.239537 0 0 0 0 0 0 0 0 0 0 0.84375 1 1 0 0 0 0 0 0 
0 0 1 1 1 0.919091 0.919091 0.990242 0.990242 1 1 1 1 0 0 0 0 0.886237 1 0.451727 0 0 0 0 0 0 0 0 0 0 0.84375 1 1 0 0 0 0.136687 0 0 
0 0 0.992491 0.992491 0.992491 0.909375 0.909375 0.990242 0.990242 1 1 1 1 0 0 0 0 0.886237 1 1 0 0 0 0 0 0 0 0 0 0 0.156252 1 1 0 0 0 0.846961 0 0 
0 0 0.846456 0.846456 0.846456 0.898465 0.898465 0.990242 0.990242 1 1 1 1 0 0 0 0 0.901462 1 1 0.00137836 0.00137836 0 0 0 0 0 0 0 0 0 1 1 0 0 0 1 0 0 
0 0 0.738741 0.738741 0.738741 0.886415 0.886415 0.990242 0.990242 1 1 1 1 0 0 0 0 0.993817 1 1 0.0104204 0.0104204 0 0 0 0 0 0 0 0 0 1 1 0 0 0 1 0 0 
0 0 0.721882 0.721882 0.721882 0.873278 0.873278 0.99044 0.99044 1 1 1 1 0 0 0 0 1 1 1 0.0234321 0.0234321 0 0 0 0 0 0 0 0 0 1 1 0 0 0 1 0 0 
0 0 0.721882 0.721882 0.721882 0.859107 0.859107 0.991987 0.991987 1 1 1 1 0 0 0 0 1 1 1 0.0351206 0.0351206 0 0 0 0 0 0 0 0 0 1 1 0 0 0 1 0 0 
0 0 0.721882 0.721882 0.721882 0.843954 0.843954 0.994998 0.994998 1 1 1 1 0 0 0 0 1 1 1 0.040193 0.040193 0 0 0 0 0 0 0 0 0 1 1 0 0 0 1 0 0 
0 0 0.721882 0.721882 0.721882 0.827873 0.827873 0.999386 0.999386 1 1 1 1 0 0 0 0 0.368873 1 1 0.040193 0.040193 0 0 0 0 0 0 0 0 0 1 1 0 0 0 1 0 0 
0 0 0.721882 0.721882 0.721882 0.810916 0.810916 1 1 1 1 1 1 0.121883 0 0 0 0 1 1 0.040193 0.040193 0 0 0 0 0 0 0 0 0 1 1 0 0 0 1 0 0 
0 0 0.721882 0.721882 0.721882 0.793137 0.793137 1 1 1 1 1 1 0.0950436 0 0 0 0 1 1 0.040193 0.040193 0 0 0 0 0 0 0 0 0 1 1 0 0 0 1 0 0 
0 0 0.721882 0.721882 0.721882 0.774588 0.774588 1 1 1 1 1 1 0 0 0 0 0.0321662 1 1 0.040193 0.040193 0 0 0 0 0 0 0 0 0 1 1 0 0 0 1 0 0 
0 0 0.721882 0.721882 0.721882 0.755322 0.755322 1 1 1 1 1 1 0 0 0 0 0.0939636 1 1 0.040193 0.040193 0 0 0 0 0 0 0 0 0 1 1 0 0 0 1 0 0 
0 0 0.721882 0.721882 0.721882 0.735393 0.735393 1 1 1 1 1 1 0 0 0 0 0.0939636 1 1 0.040193 0.040193 0 0 0 0 0 0 0 0 0 1 1 0 0 0 1 0 0 
0 0 0.721882 0.721882 0.721882 0.714853 0.714853 1 1 1 1 1 1 0 0 0 0 0.0939636 1 0.967945 0.040193 0.040193 0 0 0 0 0 0 0 0 0 1 1 0 0 0 1 0 0 
0 0 0.721882 0.721882 0.721882 0.693755 0.693755 1 1 1 1 1 1 0 0 0 0 0.0939636 1 0.782406 0.040193 0.040193 0 0 0 0 0 0 0 0.25 0 1 1 0 0 0 1 0 0 
0 0 0.721882 0.721882 0.721882 0.672152 0.672152 1 1 1 1 1 1 0 0 0 0 0.0939636 0.1875 0.459284 0.040193 0.040193 0 0 0 0 0 0 0 1 0 1 1 0 0 0 1 0 0 
0 0 0.721882 0.721882 0.721882 0.650097 0.650097 1 1 1 1 1 1 0 0 0 0 0.0856682 0 0.263923 0.040193 0.040193 0 0 0 0 0 0 0 1 0 1 1 0 0 0 1 0.000982349 0.000982349 
0 0 0.721882 0.721882 0.721882 0.627643 0.627643 1 1 1 1 1 1 0 0 0 0 0.0284168 0 0.196323 0.040193 0.040193 0 0 0 0 0 0 0 1 0 1 1 0 0 0 1 0.0505998 0.0505998 
0 0 0.721882 0.721882 0.721882 0.604843 0.604843 1 1 1 1 1 1 0.0263065 0 0 0 0 0 0.321494 0.0642476 0.0642476 0 0 0 0 0 0 0 1 0 1 1 0 0 0 1 0.272492 0.272492 
0 0 0.721882 0.721882 0.721882 0.58175 0.58175 1 1 1 1 1 1 0.0797929 0 0 0 0 0 0.639484 0.190073 0.190073 0 0 0 0 0 0 0 1 0 1 1 0 0 0 0.820779 0.680072 0.680072 
0 0 0.721882 0.721882 0.721882 0.558417 0.558417 1 1 1 1 1 1 0.116753 0 0 0 0 0 0.824934 0.271488 0.271488 0 0 0 0 0 0 0 1 0 1 1 0 0 0 0.167753 0.905904 0.905904 
0 0 0.721882 0.721882 0.721882 0.534897 0.534897 1 1 1 1 1 1 0.129537 0 0 0 0 0 0.824934 0.271488 0.271488 0 0 0 0 0 0 0 1 0 1 1 0 0 0 0.216347 0.905904 0.905904 
0 0 0.721882 0.721882 0.721882 0.511242 0.511242 1 1 1 1 1 1 0.113981 0 0 0 0 0 0.824934 0.271488 0.271488 0 0 0 0 0 0 0 1 0 1 1 0 0 0 0.526717 0.905904 0.905904 
0 0 0.721882 0.721882 0.721882 0.487506 0.487506 1 1 1 1 1 1 0.0198748 0 0 0 0 0 0.824934 0.271488 0.271488 0 0 0 0 0.3125 0.3125 0 1 0 1 1 0 0 0 0.593499 0.905904 0.905904 
0 0 0.721882 0.721882 0.721882 0.463741 0.463741 1 1 1 1 1 1 0 0 0 0 0.467131 0 0.824934 0.271488 0.271488 0 0 0 0 1 1 0 1 0 1 1 0 0 0 0.593499 0.905904 0.905904 
0 0 0.721882 0.721882 0.721882 0.440002 0.440002 1 1 1 1 1 1 0 0 0 0 0.665258 0 0.824934 0.271488 0.271488 0 0 0 0 1 1 0 1 0 1 1 0 0 0 0.593499 0.907039 0.907039 
0 0 0.721882 0.721882 0.721882 0.416339 0.416339 1 1 1 1 1 1 0 0 0 0 0.760252 0 0.824934 0.271488 0.271488 0 0 0 0 1 1 0 1 0 1 1 0 0 0 0.593499 0.915376 0.915376 
0 0 0.721882 0.721882 0.721882 0.392807 0.392807 1 1 1 1 1 1 0 0 0 0 0.839373 0 0.824934 0.271488 0.271488 0 0 0 0 1 1 0 1 0 1 1 0 0 0 0.593499 0.930152 0.930152 
0 0 0.721882 0.721882 0.721882 0.369458 0.369458 1 1 1 1 1 1 0 0 0 0 0.903877 0 0.824934 0.271488 0.271488 0 0 0 0 1 1 0 1 0 1 1 0 0 0 0.593499 0.949386 0.949386 
0 0 0.736863 0.737515 0.737515 0.346346 0.346346 1 1 1 1 1 1 0 0 0 0 0.955017 0 0.824934 0.271488 0.271488 0 0 0 0 1 1 0 1 0 1 1 0 0 0 0.593499 0.971096 0.971096 
0 0 0.84188 0.846572 0.846572 0.323523 0.323523 1 1 1 1 1 1 0 0 0 0 0.994047 0 0.824934 0.271488 0.271488 0 0 0 0 1 1 0 1 0 1 1 0 0 0 0.593499 0.993301 0.993301 
0 0 1 1 1 0.301042 0.301042 1 1 1 1 1 1 0 0 0 0 1 0 0.824934 0.271488 0.271488 0 0 0 0 1 1 0 1 0 1 1 0 0 0 0.593499 1 1 
0 0 1 1 1 0.278956 0.278956 1 1 1 1 1 1 0 0 0 0 1 0 0.824934 0.271488 0.271488 0 0 0 0 1 1 0 1 0 1 1 0 0 0 0.593499 1 1 
0 0 1 1 1 0.257319 0.257319 1 1 1 1 1 1 0 0 0 0 1 0 0.824934 0.271488 0.271488 0 0 0 0 1 1 0 1 0 1 1 0 0 0 0.593499 1 1 
0 0 1 1 1 0.236182 0.236182 1 1 1 1 1 1 0 0 0 0 1 0 0.824934 0.271488 0.271488 0 0 0 0 1 1 0 1 0 1 1 0 0 0 0.593499 1 1 
0 0 1 1 1 0.215599 0.215599 1 1 1 1 1 1 0 0 0 0 1 0 0.824934 0.271488 0.271488 0 0 0 0 1 1 0 1 0 1 1 0 0 0 0.593499 1 1 
0 0 1 1 1 0.195623 0.195623 1 1 1 1 1 1 0 0 0 0 1 0 0.824934 0.271488 0.271488 0 0 0 0 1 1 0 1 0 1 1 0 0 0 0.593499 1 1 
0 0 1 1 1 0.176308 0.176308 1 1 1 1 1 1 0 0 0 0 0.973316 0 0.824934 0.271488 0.271488 0 0 0 0 1 1 0 1 0 1 1 0 0 0 0.593499 1 1 
0 0 1 1 1 0.157705 0.157705 1 1 1 1 1 1 0 0 0 0 0.921094 0 0.824934 0.271488 0.271488 0 0 0 0 1 1 0 1 0 1 1 0 0 0 0.593499 1 1 
0 0 1 1 1 0.139867 0.139867 1 1 1 1 1 1 0 0 0 0 0.862884 0 0.824934 0.271488 0.271488 0 0 0 0 1 1 0 1 0 1 1 0 0 0 0.593499 1 1 
0 0 1 1 1 0.122849 0.122849 1 1 1 1 1 1 0 0 0 0 0.802678 0 0.824934 0.271488 0.271488 0 0 0 0 1 1 0 1 0 1 1 0 0 0 0.593499 1 1 
0 0 1 1 1 0.106702 0.106702 1 1 1 1 1 1 0 0 0 0 0.744468 0 0.824934 0.271488 0.271488 0 0 0 0 1 1 0 1 0 1 1 0 0 0 0.593499 1 1 
0 0 1 1 1 0.0914792 0.0914792 1 1 1 1 1 1 0 0 0 0 0.692246 0 0.824934 0.271488 0.271488 0 0 0 0 1 1 0 1 0 1 1 0 0 0 0.593499 0.996598 1 
0 0 1 1 1 0.0772343 0.0772343 1 1 1 1 1 1 0 0 0 0 0.650002 0 0.824934 0.271488 0.271488 0 0 0 0 1 1 0 1 0 1 1 0 0 0 0.593499 0.972959 0.98502 
0 0 1 1 1 0.0640199 0.0640199 1 1 1 1 1 1 0 0 0 0 0.621729 0 0.824934 0.271488 0.271488 0 0 0 0 1 1 0 1 0 1 1 0 0 0 0.593499 0.942977 0.950423 
0 0 1 1 1 0.0518889 0.0518889 1 1 1 1 1 1 0 0 0 0 0.611417 0 0.824934 0.271488 0.271488 0 0 0 0 1 1 0 1 0 1 1 0 0 0 0.593499 0.905904 0.905904 
0 0 1 1 1 0.0408943 0.0408943 1 1 1 1 1 1 0 0 0 0 0.611417 0 0.824934 0.263887 0.263887 0 0 0 0 1 1 0 1 0 1 1 0 0 0 0.593499 0.852731 0.840137 
0 0 1 1 1 0.031089 0.031089 1 1 1 1 1 1 0 0 0 0 0.611417 0 0.824934 0.243254 0.243254 0 0 0 0 1 1 0 1 0 1 1 0 0 0 0.593499 0.779052 0.747845 
0 0 1 1 1 0.0225259 0.0225259 1 1 1 1 1 1 0 0 0 0 0.611417 0 0.824934 0.212847 0.212847 0 0 0 0 1 1 0 1 0 1 1 0 0 0 0.593499 0.691015 0.636907 
0 0 1 1 1 0.015258 0.015258 1 1 1 1 0.907199 0.907199 0 0 0 0 0.611417 0 0.824934 0.175924 0.175924 0 0 0 0 1 1 0 1 0 1 1 0 0 0 0.593499 0.594766 0.5152 
0 0 1 1 1 0.00933823 0.00933823 1 1 1 1 0.699999 0.699999 0 0 0 0 0.611417 0 0.824934 0.135744 0.135744 0 0 0 0 0.999999 0.999999 0 0.799999 0 1 0.999999 0 0 0 0.593499 0.496458 0.390603 
0 0 1 1 1 0.00481955 0.00481955 0.975026 0.975026 1 1 0.492799 0.492799 0 0 0 0 0.611417 0 0.824934 0.0955638 0.0955638 0 0 0 0 0.703999 0.703999 0 0.563199 0 1 0.703999 0 0 0 0.593499 0.402236 0.270994 
0 0 1 1 1 0.00175489 0.00175489 0.861768 0.861768 1 1 0.3024 0.3024 0 0 0 0 0.611417 0 0.824934 0.0586414 0.0586414 0 0 0 0 0.431999 0.431999 0 0.3456 0 1 0.431999 0 0 0 0.593499 0.318249 0.164251 
0 0 1 1 1 0.000197194 0.000197194 0.744172 0.744172 1 1 0.1456 0.1456 0 0 0 0 0.611417 0 0.824934 0.0282348 0.0282348 0 0 0 0 0.208 0.208 0 0.1664 0 1 0.208 0 0 0 0.593499 0.250647 0.0782527 
0.207882 0.207882 1 1 1 0 0 0.626662 0.626662 1 1 0.0391999 0.0391999 0 0 0 0 0.611417 0 0.824934 0.00760166 0.00760166 0 0 0 0 0.0559999 0.0559999 0 0.0447999 0 1 0.0559999 0 0 0 0.593499 0.205576 0.0208762 
1 1 1 1 1 0 0 0.513662 0.513662 1 1 0 0 0 0 0 0 0.611417 0 0.824934 0 0 0 0 0 0 0 0 0 0 0 1 0 0 0 0 0.593499 0.189186 0 
1 1 1 1 1 0 0 0.409597 0.409597 1 1 0 0 0 0 0 0 0.611417 0 0 0 0 0 0 0 0 0 0 0 0 0 1 0 0 0 0 0 0.189186 0 
1 1 1 1 1 0 0 0.318891 0.318891 1 1 0 0 0 0 0 0 0.504161 0 0 0 0 0 0 0 0 0 0 0 0 0 0.740741 0 0 0 0 0 0.140138 0 
0.00146422 0.00146422 1 1 1 0 0 0.245969 0.245969 1 1 0 0 0 0 0 0 0.261035 0 0 0 0 0 0 0 0 0 0 0 0 0 0.259259 0 0 0 0 0 0.0490483 0 
0.00146422 0.00146422 1 0.978806 0.978806 0 0 0.195255 0.195255 1 1 0 0 0 0 0 0 0 0 0 0 0 0 0 0 0 0 0 0 0 0 0 0 0 0 0 0 0 0 
0.00146422 0.00146422 0.899696 0.899696 0.899696 0 0 0.171173 0.171173 1 1 0 0 0.114327 0 0 0 0 0 0.116282 0 0 0 0 0 0 0 0 0 0 0 0 0 0 0 0 0.146414 0 0 
0.00146422 0.00146422 0.695562 0.739704 0.739704 0 0 0.178147 0.178147 1 1 0 0 0.220859 0 0 0 0 0 0.295992 0 0 0 0 0 0 0 0 0 0 0 0 0 0 0 0 0.372689 0 0 
0.00146422 0.00146422 0.460763 0.492545 0.492545 0 0 0.220603 0.220603 1 1 0 0 0.239005 0 0 0 0 0 0.330348 0 0 0 0 0 0 0 0 0 0.103704 0 0 0 0 0 0 0.415948 0 0 
0.00146422 0.00146422 0.264158 0.269455 0.269455 0 0 0.302963 0.302963 1 1 0 0 0.239005 0 0 0 0 0 0.330348 0 0 0 0 0 0 0 0 0 0.4 0 0 0 0 0 0 0.415948 0 0 
0.482863 0.482863 0.160556 0.160391 0.160391 0 0 0.439485 0.439485 1 1 0 0 0.239005 0 0 0 0 0 0.388773 0 0 0 0 0 0 0 0 0 0.4 0 0 0 0 0 0 0.415948 0 0 
1 1 0.105138 0.10395 0.10395 0 0 0.670293 0.670293 1 1 0 0 0.239005 0 0 0 0 0 0.479064 0 0 0 0 0 0 0 0 0 0.4 0 0 0 0 0 0 0.415948 0 0 
0.918621 0.918621 0.0776406 0.0751655 0.0751655 0 0 0.950157 0.950157 1 1 0 0 0.179336 0 0 0 0 0 0.496326 0 0 0 0 0 0 0 0 0 0.4 0 0 0 0 0 0 0.415948 0.0311531 0 
0.127143 0.127143 0.0685892 0.0653551 0.0653551 0 0 1 1 1 1 0 0 0 0 0 0 0.205809 0 0.496326 0 0 0 0 0 0 0 0 0 0.4 0 0 0 0 0 0 0.415948 0.168227 0 
0 0 0.0685092 0.0658361 0.0658361 0 0 1 1 1 1 0 0 0 0 0 0 0.0897876 0 0.522365 0 0 0 0 0 0 0 0 0 0.4 0 0 0 0 0 0 0.415948 0.199381 0 
0 0 0.067926 0.067926 0.067926 0 0 1 1 1 1 0 0 0.305911 0 0 0 0 0 0.605037 0 0 0 0 0 0 0 0 0 0.4 0 0 0 0 0 0 0.415948 0.199381 0 
0 0 0.064213 0.067926 0.067926 0 0 1 1 1 1 0 0 0.293396 0 0 0 0 0 0.414865 0 0 0 0 0 0 0 0 0 0.296298 0 0 0 0 0 0 0.308111 0.147691 0 
0 0 0.0610398 0.067926 0.067926 0 0 1 1 1 1 0 0 0 0 0 0 0.126813 0 0 0 0 0 0 0 0 0 0 0 0 0 0 0 0 0 0 0 0 0 
0 0 0.058376 0.067926 0.067926 0 0 1 1 1 1 0 0 0.0879036 0 0 0 0 0 0.166113 0 0 0 0 0 0.4 0 0 0 0.4 0 0 0 0 0 0 0 0 0 
0.820564 0.820564 0.056191 0.067926 0.067926 0 0 1 1 1 1 0 0 0.595819 0 0 0 0 0 0.560402 0 0 0 0 0 0.4 0 0 0 0.4 0 0 0 0 0 0 0 0 0 
1 1 0.0544542 0.067926 0.067926 0 0 1 1 1 1 0 0 0.744502 0 0 0 0 0 0.559662 0 0 0 0 0 0.4 0 0 0 0.4 0 0 0 0 0 0 0 0 0 
0.263992 0.263992 0.053135 0.067926 0.067926 0 0 1 1 1 1 0 0 0.0623594 0 0 0 0 0 0.492861 0 0 0 0 0 0.4 0 0 0 0.4 0 0 0 0 0 0 0.263172 0 0 
0.00852128 0.00852128 0.052203 0.067926 0.067926 0 0 1 1 1 1 0 0 0.145855 0 0 0 0 0 0.19509 0 0 0 0 0 0.4 0 0 0 0.696298 0 0 0 0 0 0 0.038617 0 0 
0.00852128 0.00852128 0.0516274 0.067926 0.067926 0 0 1 1 1 1 0 0 0.210929 0 0 0 0 0 0.378661 0 0 0 0 0 0.4 0 0 0 0.8 0 0 0 0 0 0 0.314815 0 0 
0.00852128 0.00852128 0.0513779 0.067926 0.067926 0 0 1 1 1 1 0 0 0.136845 0 0 0 0 0 0.615868 0 0 0 0 0 0.4 0 0 0 0.8 0 0 0 0 0 0 0.596304 0 0 
0.00852128 0.00852128 0.0514237 0.067926 0.067926 0 0 1 1 1 1 0 0 0.109166 0 0 0 0 0 0.572786 0 0 0 0 0 0.4 0 0 0 0.8 0 0 0 0 0 0 0.596304 0 0 
0.00852128 0.00852128 0.0517344 0.067926 0.067926 0 0 1 1 1 1 0 0 0.152944 0 0 0 0 0 0.525578 0 0 0 0 0 0.4 0 0 0 0.8 0 0 0 0 0 0 0.596304 0 0 
0.00852128 0.00852128 0.0522794 0.067926 0.067926 0 0 1 1 1 1 0 0 0.314783 0 0 0 0 0 0.525578 0 0 0 0 0 0.4 0 0 0 0.8 0 0 0 0 0 0 0.450231 0 0 
0.00852128 0.00852128 0.0530281 0.067926 0.067926 0 0 1 1 1 1 0 0 0.237977 0 0 0 0 0 0.525578 0 0 0 0 0 0.4 0 0 0 0.8 0 0 0 0 0 0 0.399107 0.0304738 0 
0.00852128 0.00852128 0.05395 0.067926 0.067926 0 0 1 1 1 1 0 0 0 0 0 0 0.0379094 0 0.525578 0 0 0 0 0 0.4 0 0 0 0.8 0 0 0 0 0 0 0.399107 0.11754 0 
0.00852128 0.00852128 0.0550145 0.067926 0.067926 0 0 1 1 1 1 0 0 0 0 0 0 0.0397235 0 0.144652 0 0 0 0 0 0.4 0 0 0 0.221697 0.592589 0 0 0 0 0 0.104501 0.11754 0 
0.00852128 0.00852128 0.056191 0.067926 0.067926 0 0 1 1 1 1 0 0 0.0561172 0 0 0 0 0 0.0508586 0 0 0 0 0 0.4 0 0 0 0.671427 0.675003 0 0 0 0 0 0.00138662 0.11754 0 
0.00852128 0.00852128 0.0574491 0.067926 0.067926 0 0 1 1 1 1 0 0 0.367614 0 0 0 0 0 0.328436 0 0 0 0 0 0.4 0 0 0 1 0.125003 0 0 0 0 0 0.00138662 0.11754 0 
0.00852128 0.00852128 0.058758 0.067926 0.067926 0 0 1 1 1 1 0 0 0.438411 0 0 0 0 0.51851 0.291449 0 0 0 0 0 0.4 0 0 0 0.429924 0 0 0 0 0 0 0.110506 0.11754 0 
0.00852128 0.00852128 0.0600874 0.067926 0.067926 0 0 1 1 1 1 0 0 0.438411 0 0 0 0 1 0 0 0 0 0 0 0.4 0 0 0 0 0 0 0 0 0 0 0.462536 0.11754 0 
0.00852128 0.00852128 0.0614065 0.067926 0.067926 0 0 1 1 1 1 0 0 0.239975 0 0 0 0 1 0 0 0 0 0 0 0.4 0 0 0.199998 1 0 0 0 0 0 0 0.400991 0.11754 0 
0.00852128 0.00852128 0.062685 0.067926 0.067926 0 0 1 1 1 1 0 0 0.0348895 0 0 0 0 0 0 0 0 0 0 0 0.4 0 0 0.4 1 0 0 0 0 0 0 0.330108 0.11754 0 
0.00852128 0.00852128 0.0638921 0.067926 0.067926 0 0 1 1 1 1 0 0 0.28707 0 0 0 0 0 0.144679 0 0 0 0 0 0.4 0 0 0.4 1 0 0 0 0 0 0 0.631648 0.11754 0 
0.00852128 0.00852128 0.0649973 0.067926 0.067926 0 0 1 1 1 1 0.0518527 0.0518527 0.359189 0 0 0 0 0 0.195315 0 0 0 0 0 0.4 0 0 0.4 1 0 0 0 0 0 0 0.725898 0.11754 0 
0.00852128 0.00852128 0.0659702 0.067926 0.067926 0 0 1 1 1 1 0.2 0.2 0.180619 0 0 0 0 0 0.195315 0 0 0 0 0 0.4 0 0 0.4 1 0 0 0 0 0 0 0.725898 0.11754 0 
0.00852128 0.00852128 0.06678 0.067926 0.067926 0 0 1 1 1 1 0.2 0.2 0.116809 0 0 0 0 0 0.195315 0 0 0 0 0 0.4 0 0 0.4 1 0 0 0 0 0 0 0.65768 0.11754 0 
0.00852128 0.00852128 0.0673963 0.067926 0.067926 0 0 1 1 1 1 0.2 0.2 0.104599 0 0 0 0 0 0.195315 0 0 0 0 0 0.4 0 0 0.4 1 0 0 0 0 0 0 0.530988 0.11754 0 
0.00852128 0.00852128 0.0677885 0.067926 0.067926 0 0 1 1 1 1 0.2 0.2 0.108432 0 0 0 0 0 0.195315 0 0 0 0 0 0.4 0 0 0.4 1 0 0 0 0 0 0 0.46277 0.11754 0 
0.00852128 0.00852128 0.067926 0.067926 0.067926 0 0 1 1 1 1 0.2 0.2 0.108432 0 0 0 0 0 0.195315 0 0 0 0 0 0.4 0 0 0.4 1 0 0 0 0 0 0 0.46277 0.11754 0 
0.00852128 0.00852128 0.0709758 0.0714762 0.0714762 0 0 1 1 1 1 0.2 0.2 0.107736 0 0 0 0 0 0.197904 0 0 0 0 0 0.4 0 0 0.4 1 0 0.00259444 0 0 0 0 0.465625 0.11754 0 
0.00852128 0.00852128 0.079879 0.0818119 0.0818119 0 0 1 1 1 1 0.2 0.2 0.10572 0 0 0 0 0 0.20541 0 0 0 0 0 0.4 0 0 0.4 1 0 0.0101047 0 0 0 0 0.473872 0.11754 0 
0.00852128 0.00852128 0.0942659 0.0984609 0.0984609 0 0 1 1 1 1 0.2 0.2 0.102493 0 0 0 0 0 0.217446 0 0 0 0 0 0.4 0 0 0.4 1 0 0.022121 0 0 0 0 0.487038 0.11754 0 
0.00852128 0.00852128 0.113767 0.120951 0.120951 0 0 1 1 1 1 0.2 0.2 0.0981621 0 0 0 0 0 0.233623 0 0 0 0 0 0.4 0 0 0.4 1 0 0.0382339 0 0 0 0 0.504649 0.11754 0 
0.00852128 0.00852128 0.138012 0.14881 0.14881 0 0 1 1 1 1 0.2 0.2 0.0928351 0 0 0 0 0 0.253551 0 0 0 0 0 0.4 0 0 0.4 1 0 0.0580336 0 0 0 0 0.52623 0.11754 0 
0.00852128 0.00852128 0.166632 0.181566 0.181566 0 0 1 1 1 1 0.2 0.2 0.0866203 0 0 0 0 0 0.276843 0 0 0 0 0 0.4 0 0 0.4 1 0 0.0811104 0 0 0 0 0.551306 0.11754 0 
0.00852128 0.00852128 0.199257 0.218746 0.218746 0 0 1 1 1 1 0.2 0.2 0.0796254 0 0 0 0 0 0.303109 0 0 0 0 0 0.4 0 0 0.4 1 0 0.107055 0 0 0 0 0.579403 0.11754 0 
0.00852128 0.00852128 0.235519 0.259879 0.259879 0 0 1 1 1 1 0.2 0.2 0.0719584 0 0 0 0 0 0.331962 0 0 0 0 0 0.4 0 0 0.4 1 0 0.135458 0 0 0 0 0.610048 0.11754 0 
0.00852128 0.00852128 0.275046 0.304491 0.304491 0 0 1 1 1 1 0.2 0.2 0.0637273 0 0 0 0 0 0.363011 0 0 0 0 0 0.4 0 0 0.4 1 0 0.165908 0 0 0 0 0.642766 0.11754 0 
0.00852128 0.00852128 0.317468 0.352111 0.352111 0 0 1 1 1 1 0.2 0.2 0.0550401 0 0 0 0 0 0.395868 0 0 0 0 0 0.4 0 0 0.4 1 0 0.197997 0 0 0 0 0.677081 0.11754 0 
0.00852128 0.00852128 0.362418 0.402267 0.402267 0 0 0.926399 0.926399 1 1 0.2 0.2 0.0460046 0 0 0 0 0 0.430145 0 0 0 0 0 0.4 0 0 0.4 1 0 0.231316 0 0 0 0 0.712521 0.11754 0 
0.00852128 0.00852128 0.409525 0.454486 0.454486 0 0 0.840621 0.840621 1 1 0.2 0.2 0.0367289 0 0 0 0 0 0.465453 0 0 0 0 0 0.4 0 0 0.4 1 0 0.265453 0 0 0 0 0.74861 0.11754 0 
0.00852128 0.00852128 0.458419 0.508295 0.508295 0 0 0.753814 0.753814 1 1 0.2 0.2 0.0273207 0 0 0 0 0 0.501404 0 0 0 0 0 0.4 0 0 0.4 1 0 0.3 0 0 0 0 0.784875 0.11754 0 
0.00852128 0.00852128 0.50873 0.563224 0.563224 0 0 0.667007 0.667007 1 1 0.2 0.2 0.0178882 0 0 0 0 0 0.537607 0 0 0 0 0 0.4 0 0 0.4 1 0 0.334547 0 0 0 0 0.820841 0.11754 0 
0.00852128 0.00852128 0.56009 0.6188 0.6188 0 0 0.58123 0.58123 1 1 0.2 0.2 0.00853914 0 0 0 0 0 0.573676 0 0 0 0 0 0.4 0 0 0.4 1 0 0.368685 0 0 0 0 0.856033 0.11754 0 
0.00852128 0.00852128 0.612128 0.674549 0.674549 0 0 0.497511 0.497511 1 1 0.2 0.2 0 0 0 0 0.00170075 0 0.60922 0 0 0 0 0 0.4 0 0 0.4 1 0 0.402003 0 0 0 0 0.889978 0.11754 0 
0.00852128 0.00852128 0.664475 0.730001 0.730001 0 0 0.41688 0.41688 1 1 0.2 0.2 0 0 0 0 0.0260608 0 0.643852 0 0 0 0 0 0.4 0 0 0.4 1 0 0.434092 0 0 0 0 0.922201 0.11754 0 
0.00852128 0.00852128 0.716761 0.784683 0.784683 0 0 0.340366 0.340366 1 1 0.2 0.2 0 0 0 0 0.0493007 0 0.677183 0 0 0 0 0 0.4 0 0 0.4 1 0 0.464542 0 0 0 0 0.952227 0.11754 0 
0.00852128 0.00852128 0.768617 0.838123 0.838123 0 0 0.268999 0.268999 1 1 0.2 0.2 0 0 0 0 0.0711237 0 0.708823 0 0 0 0 0 0.4 0 0 0.4 1 0 0.492945 0 0 0 0 0.979583 0.11754 0 
0.00852128 0.00852128 0.819673 0.889848 0.889848 0 0 0.203808 0.203808 1 1 0.2 0.2 0 0 0 0 0.0912328 0 0.738385 0 0 0 0 0 0.4 0 0 0.4 1 0 0.518889 0 0 0 0 1 0.11754 0 
0.00852128 0.00852128 0.869559 0.939386 0.939386 0 0 0.145823 0.145823 1 1 0.2 0.2 0 0 0 0 0.109331 0 0.765479 0 0 0 0 0 0.4 0 0 0.4 1 0 0.541966 0 0 0 0 1 0.11754 0 
0.00852128 0.00852128 0.917905 0.986266 0.986266 0 0 0.0960714 0.0960714 1 1 0.2 0.2 0 0 0 0 0.125122 0 0.789717 0 0 0 0 0 0.4 0 0 0.4 1 0 0.561766 0 0 0 0 1 0.11754 0 
0.00852128 0.00852128 0.964343 1 1 0 0 0.0555838 0.0555838 1 1 0.2 0.2 0 0 0 0 0.138309 0 0.810711 0 0 0 0 0 0.4 0 0 0.4 1 0 0.577879 0 0 0 0 1 0.11754 0 
0.00852128 0.00852128 1 1 1 0 0 0.0253901 0.0253901 1 1 0.2 0.2 0 0 0 0 0.148595 0 0.82807 0 0 0 0 0 0.4 0 0 0.4 1 0 0.589895 0 0 0 0 1 0.11754 0 
0.00852128 0.00852128 1 1 1 0 0 0.00651909 0.00651909 1 1 0.2 0.2 0 0 0 0 0.155682 0 0.841407 0 0 0 0 0 0.4 0 0 0.4 1 0 0.597406 0 0 0 0 1 0.11754 0 
0.00852128 0.00852128 1 1 1 0 0 0 0 1 1 0.2 0.2 0 0 0 0 0.159275 0 0.850333 0 0 0 0 0 0.4 0 0 0.4 1 0 0.6 0 0 0 0 1 0.11754 0 
0.00852128 0.00852128 1 1 1 0 0 0 0 1 1 0.2 0.2 0.0522974 0 0 0 0 0 0.500125 0 0 0 0 0 0.4 0 0 0.4 1 0 0.6 0 0 0 0 0.89579 0.11754 0 
0.00852128 0.00852128 1 1 1 0 0 0 0 1 1 0.2 0.2 0.0909673 0 0 0 0 0 0.373941 0 0 0 0 0 0.4 0 0 0.4 1 0 0.6 0 0 0 0 0.497515 0.11754 0 
0.00852128 0.00852128 1 1 1 0 0 0 0 0.71173 0.71173 0.303705 0.303705 0.0909673 0 0 0 0 0 0.275047 0 0 0 0 0 0.4 0 0 0.4 1 0 0.444442 0 0 0 0 0.0591583 0.087066 0 
0.00852128 0.00852128 1 1 1 0 0 0 0 0.314 0.314 0.6 0.6 0.0909673 0 0 0 0 0 0 0 0 0 0 0 0.4 0 0 0.4 1 0 0 0 0 0 0 0 0 0 
0.00852128 0.00852128 1 1 1 0 0 0 0 0.0486655 0.0486655 0.6 0.6 0.0909673 0 0 0 0 0.0097185 0 0 0 0 0 0 0.4 0 0 0.4 1 0 0 0 0 0 0 0 0 0 
0.00852128 0.00852128 0.988517 1 1 0 0 0.0559126 0.0559126 0 0 0.6 0.6 0.0909673 0 0 0 0 0.0350814 0 0 0 0 0 0 0.4 0 0 0.4 1 0 0 0 0 0 0 0 0 0 
0.00852128 0.00852128 0.635047 0.704594 0.704594 0 0 0.184755 0.184755 0 0 0.6 0.6 0.0909673 0 0 0 0 0.0703999 0 0 0 0 0 0 0.4 0 0 0.4 1 0 0 0 0 0 0 0 0 0 
0.00852128 0.00852128 0.27567 0.313226 0.313226 0 0 0.328183 0.328183 0 0 0.6 0.6 0.0909673 0 0 0 0 0.109985 0 0 0 0 0 0 0.4 0 0 0.4 1 0 0 0 0 0 0 0 0 0 
0.00852128 0.00852128 0.0358587 0.0414226 0.0414226 0 0 0.427854 0.427854 0.00486894 0.00486894 0.6 0.6 0.0909673 0 0 0 0 0.148148 0 0 0 0 0 0 0.4 0 0 0.4 0.955556 0 0 0 0 0 0 0 0 0 
0.00852128 0.00852128 0 0 0 0 0 0.443048 0.443048 0.0788645 0.0788645 0.6 0.6 0.0909673 0 0 0 0 0.1792 0 0 0 0 0 0 0.4 0 0 0.4 0.8624 0 0 0 0 0 0 0 0 0 
0.00852128 0.00852128 0 0 0 0 0 0.443048 0.443048 0.20433 0.20433 0.6 0.6 0.0909673 0 0 0 0 0.197452 0 0 0 0 0 0 0.4 0 0 0.4 0.807645 0 0 0 0 0 0 0 0 0 
0.00852128 0.00852128 0.04507 0.0449886 0.0449886 0 0 0.443048 0.443048 0.391742 0.391742 0.6 0.6 0.243216 0 0 0 0 0.2 0.105845 0 0 0 0 0 0.4 0 0 0.4 0.8 0 0 0 0 0 0 0.432671 0 0 
0.00852128 0.00852128 0.304217 0.303777 0.303777 0 0 0.443048 0.443048 0.65157 0.65157 0.6 0.6 0.519688 0 0 0 0 0.2 0.67441 0 0 0 0 0 0.4 0 0 0.4 0.8 0 0 0 0 0 0 1 0 0 
0.00852128 0.00852128 0.563362 0.562955 0.562955 0 0 0.443048 0.443048 0.994287 0.994287 0.6 0.6 0.44829 0 0 0 0 0.2 1 0.0138313 0.0726023 0 0 0 0.4 0 0 0.4 0.8 0 0.362969 0.362969 0 0 0 1 0 0 
0.00852128 0.00852128 0.545151 0.550896 0.550896 0.0997381 0.0997381 0.443048 0.443048 1 1 0.6 0.6 0.274376 0 0 0 0 0.2 1 0.120843 0.280033 0 0 0 0.4 0 0 0.4 0.8 0 1 1 0 0 0 1 0 0 
0.00852128 0.00852128 0.214166 0.239769 0.239769 0.678576 0.678576 0.443048 0.443048 1 1 0.6 0.6 0.0836934 0 0 0 0 0.2 1 0.325573 0.280033 0 0 0 0.4 0 0 0.4 0.8 0 1 1 0 0 0 1 0 0 
0.00852128 0.00852128 0 0.00644586 0.00644586 1 1 0.443048 0.443048 1 1 0.6 0.6 0 0 0 0 0.192719 0.2 1 0.618325 0.280033 0 0 0 0.4 0 0 0.4 0.8 0 1 1 0 0 0 1 0 0 
0.00852128 0.00852128 0 0 0 1 1 0.65658 0.65658 1 1 0.6 0.6 0 0 0 0 0.36648 0.2 1 0.9894 0.280033 0 0 0 0.4 0 0 0.4 0.8 0 1 1 0 0 0 1 0 0 
0.00852128 0.00852128 0 0 0 1 1 1 1 1 1 0.6 0.6 0 0 0 0 0.36648 0.2 1 1 0.181462 0 0 0 0.4 0.546367 0.546367 0.4 0.8 0 1 1 0 0 0 1 0 0.129672 
0.00852128 0.00852128 0 0 0 1 1 1 1 1 1 0.6 0.6 0 0 0 0 0.36648 0.2 1 1 0.029124 0 0 0 0.4 1 1 0.4 0.8 0 1 1 0 0 0 1 0 0.330074 
0.00852128 0.00852128 0 0 0 1 1 1 1 1 1 0.6 0.6 0 0 0 0 0.36648 0.2 0.960957 1 0 0 0 0 0.4 1 1 0.4 0.8 0 1 1 0 0 0 1 0 0.368387 
0.00852128 0.00852128 0 0 0 1 1 1 1 1 1 0.6 0.6 0 0 0 0 0.36648 0.2 0.865491 1 0 0 0 0 0.4 1 1 0.4 0.8 0 1 1 0 0 0 1 0 0.368387 
0.00852128 0.00852128 0 0 0 1 1 1 1 1 1 0.6 0.6 0 0 0 0 0.36648 0.2 0.783508 1 0 0 0 0 0.4 1 1 0.4 0.8 0 1 1 0 0 0 1 0 0.368387 
0.00852128 0.00852128 0 0 0 1 1 1 1 1 1 0.6 0.6 0 0 0 0 0.36648 0.2 0.686819 1 0 0 0 0 0.4 1 1 0.4 0.8 0 1 1 0 0 0 1 0 0.368387 
0.00852128 0.00852128 0.00397022 0.00397022 0.00397022 1 1 1 1 1 1 0.6 0.6 0 0 0 0 0.36648 0.2 0.547236 1 0 0 0 0 0.4 1 1 0.4 0.8 0 1 1 0 0 0 1 0 0.368387 
0.00852128 0.00852128 0.0333896 0.0333896 0.0333896 1 1 1 1 1 1 0.6 0.6 0.177881 0 0 0 0 0.2 0.122942 1 0 0 0 0 0.4 1 1 0.4 0.8 0 1 1 0 0 0 1 0.0231157 0.368387 
0.00852128 0.00852128 0.0862413 0.0862413 0.0862413 1 1 1 1 1 1 0.6 0.6 0.464438 0 0 0 0 0.2 0 1 0.0338298 0 0 0 0.4 1 1 0.4 0.8 0 1 1 0 0 0 1 0.0312063 0.368387 
0.00852128 0.00852128 0.156276 0.156276 0.156276 1 1 1 1 1 1 0.6 0.6 0.529732 0 0 0 0 0.2 0 1 0.182677 0 0 0 0.4 1 1 0.4 0.8 0 1 1 0 0 0 1 0.0312063 0.368387 
0.00852128 0.00852128 0.237244 0.237244 0.237244 1 1 1 1 1 1 0.6 0.6 0.463112 0 0 0 0 0.2 0 1 0.200467 0 0 0 0.4 1 1 0.4 0.8 0 1 1 0 0 0 1 0.0312063 0.368387 
0.00852128 0.00852128 0.3229 0.3229 0.3229 1 1 1 1 1 1 0.6 0.6 0.280682 0 0 0 0 0.2 0 1 0.108252 0 0 0 0.4 1 1 0.4 0.8 0 1 1 0 0 0 1 0.0312063 0.368387 
0.00852128 0.00852128 0.406993 0.406993 0.406993 1 1 1 1 1 1 0.6 0.6 0.116573 0 0 0 0 0.2 0 1 0.016037 0 0 0 0.4 1 1 0.4 0.8 0 1 1 0 0 0 1 0.0312063 0.368387 
0.00852128 0.00852128 0.483275 0.483275 0.483275 1 1 1 1 1 1 0.6 0.6 0.0889287 0 0 0 0 0.2 0 0.818683 0 0 0 0 0.4 1 1 0.4 0.8 0 1 1 0 0 0 1 0.0312063 0.368387 
0.00852128 0.00852128 0.545499 0.545499 0.545499 1 1 1 1 1 1 0.6 0.6 0.0889287 0 0 0 0 0.2 0 0.644319 0 0 0 0 0.4 1 1 0.4 0.8 0 1 1 0 0 0 0.858502 0.0312063 0.368387 
0.00852128 0.00852128 0.587415 0.587415 0.587415 1 1 1 1 1 1 0.6 0.6 0.109368 0 0 0 0 0.2 0.0920516 0.618351 0 0 0 0 0.4 0.751887 0.751887 0.4 0.8 0 1 1 0 0 0 0.906299 0.0312063 0.368387 
0.00852128 0.00852128 0.602776 0.602776 0.602776 1 1 1 1 1 1 0.6 0.6 0.196212 0 0 0 0 0.2 0.582641 0.618351 0 0 0 0 0.4 0.269208 0.269208 0.4 0.8 0 1 1 0 0 0 1 0.0312063 0.368387 
0.00852128 0.00852128 0.596402 0.596809 0.596809 1 1 1 1 1 1 0.566765 0.566765 0.199627 0 0 0 0 0.2 0.979565 0.620099 0.0360004 0 0 0 0.4 0 0 0.4 0.8 0 1 1 0 0 0 1 0.0312063 0.368387 
0.00852128 0.00852128 0.578354 0.579876 0.579876 1 1 1 1 1 1 0.363849 0.363849 0.151638 0 0 0 0 0.2 1 0.630775 0.255797 0 0 0 0.4 0 0 0.4 0.8 0 1 1 0 0 0 1 0.0312063 0.368387 
0.00852128 0.00852128 0.550242 0.553431 0.553431 1 1 1 1 1 1 0.118951 0.118951 0.0843663 0 0 0 0 0.2 1 0.643659 0.52107 0 0 0 0.4 0 0 0.4 0.8 0 1 1 0 0 0 1 0.0312063 0.368387 
0.00852128 0.00852128 0.513677 0.518926 0.518926 1 1 1 1 1 1 0 0 0.0134438 0 0 0 0 0.2 1 0.649916 0.649916 0 0 0 0.4 0 0 0.4 0.8 0 1 1 0 0 0 1 0.0312063 0.368387 
0.00852128 0.00852128 0.470268 0.477813 0.477813 1 1 0.988221 0.988221 1 1 0 0 0 0 0 0 0.111181 0.2 1 0.649916 0.649916 0 0 0 0.4 0 0 0.4 0.8 0 1 1 0 0 0 1 0.0533792 0.384216 
0.00852128 0.00852128 0.421626 0.431547 0.431547 1 1 0.886005 0.886005 1 1 0 0 0 0 0 0 0.198263 0.2 1 0.649916 0.649916 0 0 0 0.4 0 0 0.4 0.8 0 1 1 0 0 0 1 0.106253 0.42196 
0.00852128 0.00852128 0.369361 0.381577 0.381577 1 1 0.776174 0.776174 1 1 0 0 0 0 0 0 0.2454 0.2 1 0.649916 0.649916 0 0 0 0.4 0 0 0.4 0.8 0 1 1 0 0 0 1 0.169361 0.467011 
0.00852128 0.00852128 0.315083 0.32936 0.32936 1 1 0.662115 0.662115 1 1 0 0 0 0 0 0 0.273712 0.2 1 0.649916 0.649916 0 0 0 0.4 0 0 0.4 0.8 0 1 1 0 0 0 1 0.222235 0.504755 
0.00852128 0.00852128 0.260403 0.276346 0.276346 1 1 0.54721 0.54721 1 1 0 0 0 0 0 0 0.304325 0.2 1 0.649916 0.649916 0 0 0 0.4 0 0 0.4 0.8 0 1 1 0 0 0 1 0.244408 0.520584 
0.00852128 0.00852128 0.20693 0.223988 0.223988 1 1 0.434842 0.434842 1 1 0 0 0 0 0 0 0.336066 0.2 1 0.649916 0.649916 0 0 0 0.4 0 0 0.4 0.8 0 1 1 0 0 0 1 0.244408 0.520584 
0.00852128 0.00852128 0.156275 0.173741 0.173741 1 1 0.328396 0.328396 1 1 0 0 0 0 0 0 0.355631 0.2 1 0.649916 0.649916 0 0 0 0.4 0 0 0.4 0.8 0 1 1 0 0 0 1 0.244408 0.520584 
0.00852128 0.00852128 0.110049 0.127055 0.127055 1 1 0.231256 0.231256 1 1 0 0 0 0 0 0 0.365947 0.2 1 0.649916 0.649916 0 0 0 0.4 0 0 0.4 0.8 0 1 1 0 0 0 1 0.244408 0.520584 
0.00852128 0.00852128 0.0698602 0.0853834 0.0853834 1 1 0.146804 0.146804 1 1 0 0 0 0 0 0 0.369939 0.2 1 0.649916 0.649916 0 0 0 0.4 0 0 0.4 0.8 0 1 1 0 0 0 1 0.244408 0.520584 
0.00852128 0.00852128 0.0373203 0.0501798 0.0501798 1 1 0.0784248 0.0784248 1 1 0 0 0 0 0 0 0.370533 0.2 1 0.649916 0.649916 0 0 0 0.4 0 0 0.4 0.8 0 1 1 0 0 0 1 0.244408 0.520584 
0.00852128 0.00852128 0.0140392 0.0228965 0.0228965 1 1 0.029502 0.029502 1 1 0 0 0 0 0 0 0.370498 0.2 1 0.649916 0.649916 0 0 0 0.4 0 0 0.4 0.8 0 1 1 0 0 0 1 0.244408 0.520584 
0.00852128 0.00852128 0.00162703 0.0049863 0.0049863 1 1 0.00341905 0.00341905 1 1 0 0 0 0 0 0 0.370708 0.2 1 0.649916 0.649916 0 0 0 0.4 0 0 0.4 0.8 0 1 1 0 0 0 1 0.244408 0.520584 
1 1 1.27685e-05 0 0 1 1 0 0 1 1 0 0 0 0 0 0 0.371083 0.2 1 0.649916 0.649916 0 0 0 0.4 0 0 0.4 0.8 0 1 1 0 0 0 1 0.244408 0.520584 
1 1 0.000110456 0 0 1 1 0 0 1 1 0 0 0 0 0 0 0.371576 0.2 1 0.649916 0.649916 0 0 0 0.4 0 0 0.4 0.8 0 1 1 0 0 0 1 0.244408 0.520584 
1 1 0.000294427 0.000515224 0.000515224 1 1 0 0 1 1 0 0 0 0 0 0 0.372139 0.2 1 0.649916 0.649916 0 0 0 0.4 0 0 0.4 0.8 0 1 1 0 0 0 1 0.244408 0.520584 
0.931231 0.931231 0.000552779 0.0099044 0.0099044 1 1 0 0 1 1 0 0 0 0 0 0 0.372726 0.2 1 0.649916 0.649916 0 0 0 0.4 0 0 0.4 0.8 0 1 1 0 0 0 1 0.244408 0.520584 
0.167976 0.167976 0.000873613 0.0237268 0.0237268 1 1 0 0 1 1 0 0 0 0 0 0 0.373289 0.2 1 0.649916 0.649916 0 0 0 0.4 0 0 0.4 0.8 0 1 1 0 0 0 1 0.244408 0.520584 
0 0 0.00124503 0.0414399 0.0414399 1 1 0 0 1 1 0 0 0 0 0 0 0.373781 0.2 1 0.649916 0.649916 0 0 0 0.4 0 0 0.4 0.8 0 1 1 0 0 0 1 0.244408 0.520584 
0 0 0.00165512 0.0625003 0.0625003 1 1 0 0 1 1 0 0 0 0 0 0 0.374156 0.2 1 0.649916 0.649916 0 0 0 0.4 0 0 0.4 0.8 0 1 1 0 0 0 1 0.244408 0.520584 
0 0 0.00209199 0.0863653 0.0863653 1 1 0 0 1 1 0 0 0 0 0 0 0.374366 0.2 1 0.649916 0.649916 0 0 0 0.4 0 0 0.4 0.8 0 1 1 0 0 0 1 0.244408 0.520584 
0 0 0.00254374 0.112492 0.112492 1 1 0 0 1 1 0 0 0 0 0 0 0.369705 0.2 1 0.646748 0.646748 0 0 0 0.4 0 0 0.4 0.8 0 1 1 0 0 0 1 0.247711 0.520584 
0 0 0.00299846 0.140338 0.140338 1 1 0 0 1 1 0 0 0 0 0 0 0.336749 0.2 1 0.622864 0.622864 0 0 0 0.4 0 0 0.4 0.8 0 1 1 0 0 0 1 0.272613 0.520584 
0 0 0.00344426 0.16936 0.16936 1 1 0 0 1 1 0 0 0 0 0 0 0.2825 0.2 1 0.578832 0.578832 0 0 0 0.4 0 0 0.4 0.8 0 1 1 0 0 0 1 0.318521 0.520584 
0 0 0.00386923 0.199016 0.199016 0.912699 0.912699 0 0 1 1 0 0 0 0 0 0 0.219124 0.2 0.953555 0.518552 0.518552 0 0 0 0.4 0 0 0.4 0.8 0 1 1 0 0 0 1 0.381368 0.520584 
0 0 0.00426147 0.228762 0.228762 0.758281 0.758281 0 0 1 1 0 0 0 0 0 0 0.15879 0.2 0.837244 0.445924 0.445924 0 0 0 0.4 0 0 0.4 0.8 0 1 1 0 0 0 1 0.45709 0.520584 
0 0 0.00460909 0.258055 0.258055 0.597418 0.597418 0 0 1 1 0 0 0 0 0 0 0.113666 0.2 0.714237 0.364846 0.364846 0 0 0 0.4 0 0 0.4 0.8 0 1 1 0 0 0 0.941992 0.541622 0.520584 
0 0 0.00490016 0.286353 0.286353 0.435639 0.435639 0 0 1 1 0 0 0 0 0 0 0.0959215 0.2 0.590325 0.279221 0.279221 0 0 0 0.4 0 0 0.4 0.8 0 1 1 0 0 0 0.794085 0.630894 0.520584 
0 0 0.00512282 0.313114 0.313114 0.278458 0.278458 0 0 1 1 0 0 0 0 0 0 0.121011 0.2 0.445242 0.192943 0.192943 0 0 0 0.4 0 0 0.4 0.8 0 0.815623 0.815623 0 0 0 0.605187 0.720847 0.520584 
0 0 0.00526513 0.337793 0.337793 0.131406 0.131406 0 0 1 1 0 0 0 0 0 0 0.192507 0.2 0.269977 0.109918 0.109918 0 0 0 0.4 0 0 0.4 0.8 0 0.636776 0.636776 0 0 0 0.367674 0.807409 0.520584 
0 0 0.00531522 0.359849 0.359849 0 0 0 0 1 1 0 0 0 0 0 0 0.304757 0.2 0.0871607 0.0340388 0.0340388 0 0 0 0.4 0 0 0.4 0.8 0 0.473324 0.473324 0 0 0 0.117997 0.88652 0.520584 
0 0 0.00531522 0.359849 0.359849 0 0 0 0 1 1 0 0 0 0 0 0 0.465323 0.2 0 0 0 0 0 0 0.4 0 0 0.4 0.8 0 0.4 0.4 0 0 0 0 0.922009 0.520584 
0 0 0.00531522 0.359849 0.359849 0 0 0 0 1 1 0 0 0 0 0 0 0.715746 0.2 0 0 0 0 0 0 0.4 0 0 0.4 0.8 0 0.4 0.4 0 0 0 0 0.922009 0.520584 
0 0 0.00531522 0.359849 0.359849 0 0 0 0 1 1 0 0 0 0 0 0 0.981397 0.2 0 0 0 0 0 0 0.4 0 0 0.4 0.8 0 0.4 0.4 0 0 0 0 0.922009 0.520584 
0 0 0.00531522 0.359849 0.359849 0 0 0 0 1 1 0 0 0 0 0 0 0.981397 0.2 0 0 0 0 0 0 0.4 0 0 0.4 0.8 0 0.4 0.4 0 0 0 0 0.922009 0.520584 
0 0 0.00531522 0.359849 0.359849 0 0 0 0 1 1 0 0 0 0 0 0 0.981397 0.2 0 0 0 0 0 0 0.4 0 0 0.4 0.8 0 0.4 0.4 0 0 0 0 0.922009 0.520584 
0 0 0.00531522 0.359849 0.359849 0 0 0 0 1 1 0 0 0 0 0 0 0.981397 0.2 0 0 0 0 0 0 0.4 0 0 0.4 0.8 0 0.4 0.4 0 0 0 0 0.922009 0.520584 
0 0 0.00531522 0.359849 0.359849 0 0 0 0 1 1 0 0 0 0 0 0 0.981397 0.2 0 0 0 0 0 0 0.4 0 0 0.4 0.8 0 0.4 0.4 0 0 0 0 0.922009 0.520584 
0 0 0.00531522 0.359849 0.359849 0 0 0 0 1 1 0 0 0 0 0 0 0.981397 0.2 0 0 0 0 0 0 0.4 0 0 0.4 0.8 0 0.4 0.4 0 0 0 0 0.922009 0.520584 
0 0 0.00531522 0.359849 0.359849 0 0 0 0 1 1 0 0 0 0 0 0 0.981397 0.2 0 0 0 0 0 0 0.4 0 0 0.4 0.8 0 0.4 0.4 0 0 0 0 0.922009 0.520584 
0 0 0.00531522 0.359849 0.359849 0 0 0 0 1 1 0 0 0 0 0 0 0.981397 0.2 0 0 0 0 0 0 0.4 0 0 0.4 0.8 0 0.4 0.4 0 0 0 0 0.922009 0.520584 
0 0 0.00531522 0.359849 0.359849 0 0 0 0 1 1 0 0 0 0 0 0 0.981397 0.2 0 0 0 0 0 0 0.4 0 0 0.4 0.8 0 0.4 0.4 0 0 0 0 0.922009 0.520584 
0 0 0.00531522 0.359849 0.359849 0 0 0 0 1 1 0 0 0 0 0 0 0.981397 0.2 0 0 0 0 0 0 0.4 0 0 0.4 0.8 0 0.4 0.4 0 0 0 0 0.922009 0.520584 
0 0 0.00531522 0.359849 0.359849 0 0 0 0 1 1 0 0 0 0 0 0 0.981397 0.2 0 0 0 0 0 0 0.4 0 0 0.4 0.8 0 0.4 0.4 0 0 0 0 0.922009 0.520584 
0 0 0.00531522 0.359849 0.359849 0 0 0 0 1 1 0 0 0 0 0 0 0.981397 0.2 0 0 0 0 0 0 0.4 0 0 0.4 0.8 0 0.4 0.4 0 0 0 0 0.922009 0.520584 
0 0 0.00531522 0.359849 0.359849 0 0 0 0 1 1 0 0 0 0 0 0 0.981397 0.2 0 0 0 0 0 0 0.4 0 0 0.4 0.8 0 0.4 0.4 0 0 0 0 0.922009 0.520584 
0 0 0.00531522 0.359849 0.359849 0 0 0 0 1 1 0 0 0 0 0 0 0.981397 0.2 0 0 0 0 0 0 0.4 0 0 0.4 0.8 0 0.4 0.4 0 0 0 0 0.922009 0.520584 
0 0 0.00531522 0.359849 0.359849 0 0 0 0 1 1 0 0 0 0 0 0 0.981397 0.2 0 0 0 0 0 0 0.4 0 0 0.4 0.8 0 0.4 0.4 0 0 0 0 0.922009 0.520584 
0 0 0.00531522 0.359849 0.359849 0 0 0 0 1 1 0 0 0 0 0 0 0.981397 0.2 0 0 0 0 0 0 0.4 0 0 0.4 0.8 0 0.4 0.4 0 0 0 0 0.922009 0.520584 
0 0 0.00531522 0.359849 0.359849 0 0 0 0 1 1 0 0 0 0 0 0 0.981397 0.2 0 0 0 0 0 0 0.4 0 0 0.4 0.8 0 0.4 0.4 0 0 0 0 0.922009 0.520584 
0 0 0.00531522 0.359849 0.359849 0 0 0 0 1 1 0 0 0 0 0 0 0.981397 0.2 0 0 0 0 0 0 0.4 0 0 0.4 0.8 0 0.4 0.4 0 0 0 0 0.922009 0.520584 
0 0 0.00531522 0.359849 0.359849 0 0 0 0 1 1 0 0 0 0 0 0 0.981397 0.2 0 0 0 0 0 0 0.4 0 0 0.4 0.8 0 0.4 0.4 0 0 0 0 0.922009 0.520584 
0 0 0.00531522 0.359849 0.359849 0 0 0 0 1 1 0 0 0 0 0 0 0.981397 0.2 0 0 0 0 0 0 0.4 0 0 0.4 0.8 0 0.4 0.4 0 0 0 0 0.922009 0.520584 
0 0 0.00531522 0.359849 0.359849 0 0 0 0 1 1 0 0 0 0 0 0 0.981397 0.2 0 0 0 0 0 0 0.4 0 0 0.4 0.8 0 0.4 0.4 0 0 0 0 0.922009 0.520584 
0 0 0.00531522 0.359849 0.359849 0 0 0 0 1 1 0 0 0 0 0 0 0.981397 0.2 0 0 0 0 0 0 0.4 0 0 0.4 0.8 0 0.4 0.4 0 0 0 0 0.922009 0.520584 
0 0 0.00531522 0.359849 0.359849 0 0 0 0 1 1 0 0 0 0 0 0 0.981397 0.2 0 0 0 0 0 0 0.4 0 0 0.4 0.8 0 0.4 0.4 0 0 0 0 0.922009 0.520584 
0 0 0.00531522 0.359849 0.359849 0 0 0 0 1 1 0 0 0 0 0 0 0.981397 0.2 0 0 0 0 0 0 0.4 0 0 0.4 0.8 0 0.4 0.4 0 0 0 0 0.922009 0.520584 
0 0 0.00531522 0.359849 0.359849 0 0 0 0 1 1 0 0 0 0 0 0 0.981397 0.2 0 0 0 0 0 0 0.4 0 0 0.4 0.8 0 0.4 0.4 0 0 0 0 0.922009 0.520584 
0 0 0.00531522 0.359849 0.359849 0 0 0 0 1 1 0 0 0 0 0 0 0.981397 0.2 0 0 0 0 0 0 0.4 0 0 0.4 0.8 0 0.4 0.4 0 0 0 0 0.922009 0.520584 
0 0 0.00531522 0.359849 0.359849 0 0 0 0 1 1 0 0 0 0 0 0 0.981397 0.2 0 0 0 0 0 0 0.4 0 0 0.4 0.8 0 0.4 0.4 0 0 0 0 0.922009 0.520584 
0 0 0.00531522 0.359849 0.359849 0 0 0 0 1 1 0 0 0 0 0 0 0.981397 0.2 0 0 0 0 0 0 0.4 0 0 0.4 0.8 0 0.4 0.4 0 0 0 0 0.922009 0.520584 
0 0 0.00531522 0.359849 0.359849 0 0 0 0 1 1 0 0 0 0 0 0 0.981397 0.2 0 0 0 0 0 0 0.4 0 0 0.4 0.8 0 0.4 0.4 0 0 0 0 0.922009 0.520584 
0 0 0.00531522 0.359849 0.359849 0 0 0 0 1 1 0 0 0 0 0 0 0.981397 0.2 0 0 0 0 0 0 0.4 0 0 0.4 0.8 0 0.4 0.4 0 0 0 0 0.922009 0.520584 
0 0 0.00531522 0.359849 0.359849 0 0 0 0 1 1 0 0 0 0 0 0 0.981397 0.2 0 0 0 0 0 0 0.4 0 0 0.4 0.8 0 0.4 0.4 0 0 0 0 0.922009 0.520584 
0 0 0.00531522 0.359849 0.359849 0 0 0 0 1 1 0 0 0 0 0 0 0.981397 0.2 0 0 0 0 0 0 0.4 0 0 0.4 0.8 0 0.4 0.4 0 0 0 0 0.922009 0.520584 
0 0 0.00531522 0.359849 0.359849 0 0 0 0 1 1 0 0 0 0 0 0 0.981397 0.2 0 0 0 0 0 0 0.4 0 0 0.4 0.8 0 0.4 0.4 0 0 0 0 0.922009 0.520584 
0 0 0.00531522 0.359849 0.359849 0 0 0 0 1 1 0 0 0 0 0 0 0.981397 0.2 0 0 0 0 0 0 0.4 0 0 0.4 0.8 0 0.4 0.4 0 0 0 0 0.922009 0.520584 
0 0 0.00531522 0.359849 0.359849 0 0 0 0 1 1 0 0 0 0 0 0 0.981397 0.2 0 0 0 0 0 0 0.4 0 0 0.4 0.8 0 0.4 0.4 0 0 0 0 0.922009 0.520584 
0 0 0.00531522 0.359849 0.359849 0 0 0 0 1 1 0 0 0 0 0 0 0.981397 0.2 0 0 0 0 0 0 0.4 0 0 0.4 0.8 0 0.4 0.4 0 0 0 0 0.922009 0.520584 
0 0 0.00531522 0.359849 0.359849 0 0 0 0 1 1 0 0 0 0 0 0 0.981397 0.2 0 0 0 0 0 0 0.4 0 0 0.4 0.8 0 0.4 0.4 0 0 0 0 0.922009 0.520584 
0 0 0.00531522 0.359849 0.359849 0 0 0 0 1 1 0 0 0 0 0 0 0.981397 0.2 0 0 0 0 0 0 0.4 0 0 0.4 0.8 0 0.4 0.4 0 0 0 0 0.922009 0.520584 
0 0 0.00531522 0.359849 0.359849 0 0 0 0 1 1 0 0 0 0 0 0 0.981397 0.2 0 0 0 0 0 0 0.4 0 0 0.4 0.8 0 0.4 0.4 0 0 0 0 0.922009 0.520584 
0 0 0.00531522 0.359849 0.359849 0 0 0 0 1 1 0 0 0 0 0 0 0.981397 0.2 0 0 0 0 0 0 0.4 0 0 0.4 0.8 0 0.4 0.4 0 0 0 0 0.922009 0.520584 
0 0 0.00531522 0.359849 0.359849 0 0 0 0 1 1 0 0 0 0 0 0 0.981397 0.2 0 0 0 0 0 0 0.4 0 0 0.4 0.8 0 0.4 0.4 0 0 0 0 0.922009 0.520584 
0 0 0.00531522 0.359849 0.359849 0 0 0 0 1 1 0 0 0 0 0 0 0.981397 0.2 0 0 0 0 0 0 0.4 0 0 0.4 0.8 0 0.4 0.4 0 0 0 0 0.922009 0.520584 
0 0 0.00531522 0.359849 0.359849 0 0 0 0 1 1 0 0 0 0 0 0 0.981397 0.2 0 0 0 0 0 0 0.4 0 0 0.4 0.8 0 0.4 0.4 0 0 0 0 0.922009 0.520584 
0 0 0.00531522 0.359849 0.359849 0 0 0 0 1 1 0 0 0 0 0 0 0.981397 0.2 0 0 0 0 0 0 0.4 0 0 0.4 0.8 0 0.4 0.4 0 0 0 0 0.922009 0.520584 
0 0 0.00531522 0.359849 0.359849 0 0 0 0 1 1 0 0 0 0 0 0 0.981397 0.2 0 0 0 0 0 0 0.4 0 0 0.4 0.8 0 0.4 0.4 0 0 0 0 0.922009 0.520584 
0 0 0.00531522 0.359849 0.359849 0 0 0 0 1 1 0 0 0 0 0 0 0.981397 0.2 0 0 0 0 0 0 0.4 0 0 0.4 0.8 0 0.4 0.4 0 0 0 0 0.922009 0.520584 
0 0 0.00531522 0.359849 0.359849 0 0 0 0 1 1 0 0 0 0 0 0 0.981397 0.2 0 0 0 0 0 0 0.4 0 0 0.4 0.8 0 0.4 0.4 0 0 0 0 0.922009 0.520584 
0 0 0.00531522 0.359849 0.359849 0 0 0 0 1 1 0 0 0 0 0 0 0.981397 0.2 0 0 0 0 0 0 0.4 0 0 0.4 0.8 0 0.4 0.4 0 0 0 0 0.922009 0.520584 
0 0 0.00531522 0.359849 0.359849 0 0 0 0 1 1 0 0 0 0 0 0 0.981397 0.2 0 0 0 0 0 0 0.4 0 0 0.4 0.8 0 0.4 0.4 0 0 0 0 0.922009 0.520584 
0 0 0.00531522 0.359849 0.359849 0 0 0 0 1 1 0 0 0 0 0 0 0.981397 0.2 0 0 0 0 0 0 0.4 0 0 0.4 0.8 0 0.4 0.4 0 0 0 0 0.922009 0.520584 
0 0 0.00531522 0.359849 0.359849 0 0 0 0 1 1 0 0 0 0 0 0 0.981397 0.2 0 0 0 0 0 0 0.4 0 0 0.4 0.8 0 0.4 0.4 0 0 0 0 0.922009 0.520584 
0 0 0.00531522 0.359849 0.359849 0 0 0 0 1 1 0 0 0 0 0 0 0.981397 0.2 0 0 0 0 0 0 0.4 0 0 0.4 0.8 0 0.4 0.4 0 0 0 0 0.922009 0.520584 
0 0 0.00531522 0.359849 0.359849 0 0 0 0 1 1 0 0 0 0 0 0 0.981397 0.2 0 0 0 0 0 0 0.4 0 0 0.4 0.8 0 0.4 0.4 0 0 0 0 0.922009 0.520584 
0 0 0.00531522 0.359849 0.359849 0 0 0 0 1 1 0 0 0 0 0 0 0.981397 0.2 0 0 0 0 0 0 0.4 0 0 0.4 0.8 0 0.4 0.4 0 0 0 0 0.922009 0.520584 
0 0 0.00531522 0.359849 0.359849 0 0 0 0 1 1 0 0 0 0 0 0 0.981397 0.2 0 0 0 0 0 0 0.4 0 0 0.4 0.8 0 0.4 0.4 0 0 0 0 0.922009 0.520584 
0 0 0.00531522 0.359849 0.359849 0 0 0 0 1 1 0 0 0 0 0 0 0.981397 0.2 0 0 0 0 0 0 0.4 0 0 0.4 0.8 0 0.4 0.4 0 0 0 0 0.922009 0.520584 
0 0 0.00531522 0.359849 0.359849 0 0 0 0 1 1 0 0 0 0 0 0 0.981397 0.2 0 0 0 0 0 0 0.4 0 0 0.4 0.8 0 0.4 0.4 0 0 0 0 0.922009 0.520584 
0 0 0.00531522 0.359849 0.359849 0 0 0 0 1 1 0 0 0 0 0 0 0.981397 0.2 0 0 0 0 0 0 0.4 0 0 0.4 0.8 0 0.4 0.4 0 0 0 0 0.922009 0.520584 
0 0 0.00531522 0.359849 0.359849 0 0 0 0 1 1 0 0 0 0 0 0 0.981397 0.2 0 0 0 0 0 0 0.4 0 0 0.4 0.8 0 0.4 0.4 0 0 0 0 0.922009 0.520584 
0 0 0.00531522 0.359849 0.359849 0 0 0 0 1 1 0 0 0 0 0 0 0.981397 0.2 0 0 0 0 0 0 0.4 0 0 0.4 0.8 0 0.4 0.4 0 0 0 0 0.922009 0.520584 
0 0 0.00531522 0.359849 0.359849 0 0 0 0 1 1 0 0 0 0 0 0 0.981397 0.2 0 0 0 0 0 0 0.4 0 0 0.4 0.8 0 0.4 0.4 0 0 0 0 0.922009 0.520584 
0 0 0.00531522 0.359849 0.359849 0 0 0 0 1 1 0 0 0 0 0 0 0.981397 0.2 0 0 0 0 0 0 0.4 0 0 0.4 0.8 0 0.4 0.4 0 0 0 0 0.922009 0.520584 
0 0 0.00531522 0.359849 0.359849 0 0 0 0 1 1 0 0 0 0 0 0 0.981397 0.2 0 0 0 0 0 0 0.4 0 0 0.4 0.8 0 0.4 0.4 0 0 0 0 0.922009 0.520584 
0 0 0.00531522 0.359849 0.359849 0 0 0 0 1 1 0 0 0 0 0 0 0.981397 0.2 0 0 0 0 0 0 0.4 0 0 0.4 0.8 0 0.4 0.4 0 0 0 0 0.922009 0.520584 
0 0 0.00531522 0.359849 0.359849 0 0 0 0 1 1 0 0 0 0 0 0 0.981397 0.2 0 0 0 0 0 0 0.4 0 0 0.4 0.8 0 0.4 0.4 0 0 0 0 0.922009 0.520584 
0 0 0.00531522 0.359849 0.359849 0 0 0 0 1 1 0 0 0 0 0 0 0.981397 0.2 0 0 0 0 0 0 0.4 0 0 0.4 0.8 0 0.4 0.4 0 0 0 0 0.922009 0.520584 
0 0 0.00531522 0.359849 0.359849 0 0 0 0 1 1 0 0 0 0 0 0 0.981397 0.2 0 0 0 0 0 0 0.4 0 0 0.4 0.8 0 0.4 0.4 0 0 0 0 0.922009 0.520584 
0 0 0.00531522 0.359849 0.359849 0 0 0 0 1 1 0 0 0 0 0 0 0.981397 0.2 0 0 0 0 0 0 0.4 0 0 0.4 0.8 0 0.4 0.4 0 0 0 0 0.922009 0.520584 
0 0 0.00531522 0.359849 0.359849 0 0 0 0 1 1 0 0 0 0 0 0 0.981397 0.2 0 0 0 0 0 0 0.4 0 0 0.4 0.8 0 0.4 0.4 0 0 0 0 0.922009 0.520584 
0 0 0.00531522 0.359849 0.359849 0 0 0 0 1 1 0 0 0 0 0 0 0.981397 0.2 0 0 0 0 0 0 0.4 0 0 0.4 0.8 0 0.4 0.4 0 0 0 0 0.922009 0.520584 
0 0 0.00531522 0.359849 0.359849 0 0 0 0 1 1 0 0 0 0 0 0 0.981397 0.2 0 0 0 0 0 0 0.4 0 0 0.4 0.8 0 0.4 0.4 0 0 0 0 0.922009 0.520584 
0 0 0.00531522 0.359849 0.359849 0 0 0 0 1 1 0 0 0 0 0 0 0.981397 0.2 0 0 0 0 0 0 0.4 0 0 0.4 0.8 0 0.4 0.4 0 0 0 0 0.922009 0.520584 
0 0 0.00531522 0.359849 0.359849 0 0 0 0 1 1 0 0 0 0 0 0 0.981397 0.2 0 0 0 0 0 0 0.4 0 0 0.4 0.8 0 0.4 0.4 0 0 0 0 0.922009 0.520584 
0 0 0.00531522 0.359849 0.359849 0 0 0 0 1 1 0 0 0 0 0 0 0.981397 0.2 0 0 0 0 0 0 0.4 0 0 0.4 0.8 0 0.4 0.4 0 0 0 0 0.922009 0.520584 
0 0 0.00531522 0.359849 0.359849 0 0 0 0 1 1 0 0 0 0 0 0 0.981397 0.2 0 0 0 0 0 0 0.4 0 0 0.4 0.8 0 0.4 0.4 0 0 0 0 0.922009 0.520584 
0 0 0.00531522 0.359849 0.359849 0 0 0 0 1 1 0 0 0 0 0 0 0.981397 0.2 0 0 0 0 0 0 0.4 0 0 0.4 0.8 0 0.4 0.4 0 0 0 0 0.922009 0.520584 
0 0 0.00531522 0.359849 0.359849 0 0 0 0 1 1 0 0 0 0 0 0 0.981397 0.2 0 0 0 0 0 0 0.4 0 0 0.4 0.8 0 0.4 0.4 0 0 0 0 0.922009 0.520584 
0 0 0.00531522 0.359849 0.359849 0 0 0 0 1 1 0 0 0 0 0 0 0.981397 0.2 0 0 0 0 0 0 0.4 0 0 0.4 0.8 0 0.4 0.4 0 0 0 0 0.922009 0.520584 
0 0 0.00531522 0.359849 0.359849 0 0 0 0 1 1 0 0 0 0 0 0 0.981397 0.2 0 0 0 0 0 0 0.4 0 0 0.4 0.8 0 0.4 0.4 0 0 0 0 0.922009 0.520584 
0 0 0.00531522 0.359849 0.359849 0 0 0 0 1 1 0 0 0 0 0 0 0.981397 0.2 0 0 0 0 0 0 0.4 0 0 0.4 0.8 0 0.4 0.4 0 0 0 0 0.922009 0.520584 
0 0 0.00531522 0.359849 0.359849 0 0 0 0 1 1 0 0 0 0 0 0 0.981397 0.2 0 0 0 0 0 0 0.4 0 0 0.4 0.8 0 0.4 0.4 0 0 0 0 0.922009 0.520584 
0 0 0.00531522 0.359849 0.359849 0 0 0 0 1 1 0 0 0 0 0 0 0.981397 0.2 0 0 0 0 0 0 0.4 0 0 0.4 0.8 0 0.4 0.4 0 0 0 0 0.922009 0.520584 
0 0 0.00531522 0.359849 0.359849 0 0 0 0 1 1 0 0 0 0 0 0 0.981397 0.2 0 0 0 0 0 0 0.4 0 0 0.4 0.8 0 0.4 0.4 0 0 0 0 0.922009 0.520584 
0 0 0.00531522 0.359849 0.359849 0 0 0 0 1 1 0 0 0 0 0 0 0.981397 0.2 0 0 0 0 0 0 0.4 0 0 0.4 0.8 0 0.4 0.4 0 0 0 0 0.922009 0.520584 
0 0 0.00531522 0.359849 0.359849 0 0 0 0 1 1 0 0 0 0 0 0 0.981397 0.2 0 0 0 0 0 0 0.4 0 0 0.4 0.8 0 0.4 0.4 0 0 0 0 0.922009 0.520584 
0 0 0.00531522 0.359849 0.359849 0 0 0 0 1 1 0 0 0 0 0 0 0.981397 0.2 0 0 0 0 0 0 0.4 0 0 0.4 0.8 0 0.4 0.4 0 0 0 0 0.922009 0.520584 
0 0 0.00531522 0.359849 0.359849 0 0 0 0 1 1 0 0 0 0 0 0 0.981397 0.2 0 0 0 0 0 0 0.4 0 0 0.4 0.8 0 0.4 0.4 0 0 0 0 0.922009 0.520584 
0 0 0.00531522 0.359849 0.359849 0 0 0 0 1 1 0 0 0 0 0 0 0.981397 0.2 0 0 0 0 0 0 0.4 0 0 0.4 0.8 0 0.4 0.4 0 0 0 0 0.922009 0.520584 
0 0 0.00531522 0.359849 0.359849 0 0 0 0 1 1 0 0 0 0 0 0 0.981397 0.2 0 0 0 0 0 0 0.4 0 0 0.4 0.8 0 0.4 0.4 0 0 0 0 0.922009 0.520584 
0 0 0.00531522 0.359849 0.359849 0 0 0 0 1 1 0 0 0 0 0 0 0.981397 0.2 0 0 0 0 0 0 0.4 0 0 0.4 0.8 0 0.4 0.4 0 0 0 0 0.922009 0.520584 
0 0 0.00531522 0.359849 0.359849 0 0 0 0 1 1 0 0 0 0 0 0 0.981397 0.2 0 0 0 0 0 0 0.4 0 0 0.4 0.8 0 0.4 0.4 0 0 0 0 0.922009 0.520584 
0 0 0.00531522 0.359849 0.359849 0 0 0 0 1 1 0 0 0 0 0 0 0.981397 0.2 0 0 0 0 0 0 0.4 0 0 0.4 0.8 0 0.4 0.4 0 0 0 0 0.922009 0.520584 
0 0 0.00531522 0.359849 0.359849 0 0 0 0 1 1 0 0 0 0 0 0 0.981397 0.2 0 0 0 0 0 0 0.4 0 0 0.4 0.8 0 0.4 0.4 0 0 0 0 0.922009 0.520584 
0 0 0.00531522 0.359849 0.359849 0 0 0 0 1 1 0 0 0 0 0 0 0.981397 0.2 0 0 0 0 0 0 0.4 0 0 0.4 0.8 0 0.4 0.4 0 0 0 0 0.922009 0.520584 
0 0 0.00531522 0.359849 0.359849 0 0 0 0 1 1 0 0 0 0 0 0 0.981397 0.2 0 0 0 0 0 0 0.4 0 0 0.4 0.8 0 0.4 0.4 0 0 0 0 0.922009 0.520584 
0 0 0.00531522 0.359849 0.359849 0 0 0 0 1 1 0 0 0 0 0 0 0.981397 0.2 0 0 0 0 0 0 0.4 0 0 0.4 0.8 0 0.4 0.4 0 0 0 0 0.922009 0.520584 
0 0 0.00531522 0.359849 0.359849 0 0 0 0 1 1 0 0 0 0 0 0 0.981397 0.2 0 0 0 0 0 0 0.4 0 0 0.4 0.8 0 0.4 0.4 0 0 0 0 0.922009 0.520584 
0 0 0.00531522 0.359849 0.359849 0 0 0 0 1 1 0 0 0 0 0 0 0.981397 0.2 0 0 0 0 0 0 0.4 0 0 0.4 0.8 0 0.4 0.4 0 0 0 0 0.922009 0.520584 
0 0 0.00531522 0.359849 0.359849 0 0 0 0 1 1 0 0 0 0 0 0 0.981397 0.2 0 0 0 0 0 0 0.4 0 0 0.4 0.8 0 0.4 0.4 0 0 0 0 0.922009 0.520584 
0 0 0.00531522 0.359849 0.359849 0 0 0 0 1 1 0 0 0 0 0 0 0.981397 0.2 0 0 0 0 0 0 0.4 0 0 0.4 0.8 0 0.4 0.4 0 0 0 0 0.922009 0.520584 
0 0 0.00531522 0.359849 0.359849 0 0 0 0 1 1 0 0 0 0 0 0 0.981397 0.2 0 0 0 0 0 0 0.4 0 0 0.4 0.8 0 0.4 0.4 0 0 0 0 0.922009 0.520584 
0 0 0.00531522 0.359849 0.359849 0 0 0 0 1 1 0 0 0 0 0 0 0.981397 0.2 0 0 0 0 0 0 0.4 0 0 0.4 0.8 0 0.4 0.4 0 0 0 0 0.922009 0.520584 
0 0 0.00531522 0.359849 0.359849 0 0 0 0 1 1 0 0 0 0 0 0 0.981397 0.2 0 0 0 0 0 0 0.4 0 0 0.4 0.8 0 0.4 0.4 0 0 0 0 0.922009 0.520584 
0 0 0.00531522 0.359849 0.359849 0 0 0 0 1 1 0 0 0 0 0 0 0.981397 0.2 0 0 0 0 0 0 0.4 0 0 0.4 0.8 0 0.4 0.4 0 0 0 0 0.922009 0.520584 
0 0 0.00531522 0.359849 0.359849 0 0 0 0 1 1 0 0 0 0 0 0 0.981397 0.2 0 0 0 0 0 0 0.4 0 0 0.4 0.8 0 0.4 0.4 0 0 0 0 0.922009 0.520584 
0 0 0.00531522 0.359849 0.359849 0 0 0 0 1 1 0 0 0 0 0 0 0.981397 0.2 0 0 0 0 0 0 0.4 0 0 0.4 0.8 0 0.4 0.4 0 0 0 0 0.922009 0.520584 
0 0 0.00531522 0.359849 0.359849 0 0 0 0 1 1 0 0 0 0 0 0 0.981397 0.2 0 0 0 0 0 0 0.4 0 0 0.4 0.8 0 0.4 0.4 0 0 0 0 0.922009 0.520584 
0 0 0.00531522 0.359849 0.359849 0 0 0 0 1 1 0 0 0 0 0 0 0.981397 0.2 0 0 0 0 0 0 0.4 0 0 0.4 0.8 0 0.4 0.4 0 0 0 0 0.922009 0.520584 
0 0 0.00531522 0.359849 0.359849 0 0 0 0 1 1 0 0 0 0 0 0 0.981397 0.2 0 0 0 0 0 0 0.4 0 0 0.4 0.8 0 0.4 0.4 0 0 0 0 0.922009 0.520584 
0 0 0.00531522 0.359849 0.359849 0 0 0 0 1 1 0 0 0 0 0 0 0.981397 0.2 0 0 0 0 0 0 0.4 0 0 0.4 0.8 0 0.4 0.4 0 0 0 0 0.922009 0.520584 
0 0 0.00531522 0.359849 0.359849 0 0 0 0 1 1 0 0 0 0 0 0 0.981397 0.2 0 0 0 0 0 0 0.4 0 0 0.4 0.8 0 0.4 0.4 0 0 0 0 0.922009 0.520584 
0 0 0.00531522 0.359849 0.359849 0 0 0 0 1 1 0 0 0 0 0 0 0.981397 0.2 0 0 0 0 0 0 0.4 0 0 0.4 0.8 0 0.4 0.4 0 0 0 0 0.922009 0.520584 
0 0 0.00531522 0.359849 0.359849 0 0 0 0 1 1 0 0 0 0 0 0 0.981397 0.2 0 0 0 0 0 0 0.4 0 0 0.4 0.8 0 0.4 0.4 0 0 0 0 0.922009 0.520584 
0 0 0.00531522 0.359849 0.359849 0 0 0 0 1 1 0 0 0 0 0 0 0.981397 0.2 0 0 0 0 0 0 0.4 0 0 0.4 0.8 0 0.4 0.4 0 0 0 0 0.922009 0.520584 
0 0 0.00531522 0.359849 0.359849 0 0 0 0 1 1 0 0 0 0 0 0 0.981397 0.2 0 0 0 0 0 0 0.4 0 0 0.4 0.8 0 0.4 0.4 0 0 0 0 0.922009 0.520584 
0 0 0.00531522 0.359849 0.359849 0 0 0 0 1 1 0 0 0 0 0 0 0.981397 0.2 0 0 0 0 0 0 0.4 0 0 0.4 0.8 0 0.4 0.4 0 0 0 0 0.922009 0.520584 
0 0 0.00531522 0.359849 0.359849 0 0 0 0 1 1 0 0 0 0 0 0 0.981397 0.2 0 0 0 0 0 0 0.4 0 0 0.4 0.8 0 0.4 0.4 0 0 0 0 0.922009 0.520584 
0 0 0.00531522 0.359849 0.359849 0 0 0 0 1 1 0 0 0 0 0 0 0.981397 0.2 0 0 0 0 0 0 0.4 0 0 0.4 0.8 0 0.4 0.4 0 0 0 0 0.922009 0.520584 
0 0 0.00531522 0.359849 0.359849 0 0 0 0 1 1 0 0 0 0 0 0 0.981397 0.2 0 0 0 0 0 0 0.4 0 0 0.4 0.8 0 0.4 0.4 0 0 0 0 0.922009 0.520584 
0 0 0.00531522 0.359849 0.359849 0 0 0 0 1 1 0 0 0 0 0 0 0.981397 0.2 0 0 0 0 0 0 0.4 0 0 0.4 0.8 0 0.4 0.4 0 0 0 0 0.922009 0.520584 
0 0 0.00531522 0.359849 0.359849 0 0 0 0 1 1 0 0 0 0 0 0 0.981397 0.2 0 0 0 0 0 0 0.4 0 0 0.4 0.8 0 0.4 0.4 0 0 0 0 0.922009 0.520584 
0 0 0.00531522 0.359849 0.359849 0 0 0 0 1 1 0 0 0 0 0 0 0.981397 0.2 0 0 0 0 0 0 0.4 0 0 0.4 0.8 0 0.4 0.4 0 0 0 0 0.922009 0.520584 
0 0 0.00531522 0.359849 0.359849 0 0 0 0 1 1 0 0 0 0 0 0 0.981397 0.2 0 0 0 0 0 0 0.4 0 0 0.4 0.8 0 0.4 0.4 0 0 0 0 0.922009 0.520584 
0 0 0.00531522 0.359849 0.359849 0 0 0 0 1 1 0 0 0 0 0 0 0.981397 0.2 0 0 0 0 0 0 0.4 0 0 0.4 0.8 0 0.4 0.4 0 0 0 0 0.922009 0.520584 
0 0 0.00531522 0.359849 0.359849 0 0 0 0 1 1 0 0 0 0 0 0 0.981397 0.2 0 0 0 0 0 0 0.4 0 0 0.4 0.8 0 0.4 0.4 0 0 0 0 0.922009 0.520584 
0 0 0.00531522 0.359849 0.359849 0 0 0 0 1 1 0 0 0 0 0 0 0.981397 0.2 0 0 0 0 0 0 0.4 0 0 0.4 0.8 0 0.4 0.4 0 0 0 0 0.922009 0.520584 
0 0 0.00531522 0.359849 0.359849 0 0 0 0 1 1 0 0 0 0 0 0 0.981397 0.2 0 0 0 0 0 0 0.4 0 0 0.4 0.8 0 0.4 0.4 0 0 0 0 0.922009 0.520584 
0 0 0.00531522 0.359849 0.359849 0 0 0 0 1 1 0 0 0 0 0 0 0.981397 0.2 0 0 0 0 0 0 0.4 0 0 0.4 0.8 0 0.4 0.4 0 0 0 0 0.922009 0.520584 
0 0 0.00531522 0.359849 0.359849 0 0 0 0 1 1 0 0 0 0 0 0 0.981397 0.2 0 0 0 0 0 0 0.4 0 0 0.4 0.8 0 0.4 0.4 0 0 0 0 0.922009 0.520584 
0 0 0.00531522 0.359849 0.359849 0 0 0 0 1 1 0 0 0 0 0 0 0.981397 0.2 0 0 0 0 0 0 0.4 0 0 0.4 0.8 0 0.4 0.4 0 0 0 0 0.922009 0.520584 
0 0 0.00531522 0.359849 0.359849 0 0 0 0 1 1 0 0 0 0 0 0 0.981397 0.2 0 0 0 0 0 0 0.4 0 0 0.4 0.8 0 0.4 0.4 0 0 0 0 0.922009 0.520584 
0 0 0.00531522 0.359849 0.359849 0 0 0 0 1 1 0 0 0 0 0 0 0.981397 0.2 0 0 0 0 0 0 0.4 0 0 0.4 0.8 0 0.4 0.4 0 0 0 0 0.922009 0.520584 
0 0 0.00531522 0.359849 0.359849 0 0 0 0 1 1 0 0 0 0 0 0 0.981397 0.2 0 0 0 0 0 0 0.4 0 0 0.4 0.8 0 0.4 0.4 0 0 0 0 0.922009 0.520584 
0 0 0.00531522 0.359849 0.359849 0 0 0 0 1 1 0 0 0 0 0 0 0.981397 0.2 0 0 0 0 0 0 0.4 0 0 0.4 0.8 0 0.4 0.4 0 0 0 0 0.922009 0.520584 
0 0 0.00531522 0.359849 0.359849 0 0 0 0 1 1 0 0 0 0 0 0 0.981397 0.2 0 0 0 0 0 0 0.4 0 0 0.4 0.8 0 0.4 0.4 0 0 0 0 0.922009 0.520584 
0 0 0.00531522 0.359849 0.359849 0 0 0 0 1 1 0 0 0 0 0 0 0.981397 0.2 0 0 0 0 0 0 0.4 0 0 0.4 0.8 0 0.4 0.4 0 0 0 0 0.922009 0.520584 
0 0 0.00531522 0.359849 0.359849 0 0 0 0 1 1 0 0 0 0 0 0 0.981397 0.2 0 0 0 0 0 0 0.4 0 0 0.4 0.8 0 0.4 0.4 0 0 0 0 0.922009 0.520584 
0 0 0.00531522 0.359849 0.359849 0 0 0 0 1 1 0 0 0 0 0 0 0.981397 0.2 0 0 0 0 0 0 0.4 0 0 0.4 0.8 0 0.4 0.4 0 0 0 0 0.922009 0.520584 
0 0 0.00531522 0.359849 0.359849 0 0 0 0 1 1 0 0 0 0 0 0 0.981397 0.2 0 0 0 0 0 0 0.4 0 0 0.4 0.8 0 0.4 0.4 0 0 0 0 0.922009 0.520584 
0 0 0.00531522 0.359849 0.359849 0 0 0 0 1 1 0 0 0 0 0 0 0.981397 0.2 0 0 0 0 0 0 0.4 0 0 0.4 0.8 0 0.4 0.4 0 0 0 0 0.922009 0.520584 
0 0 0.00531522 0.359849 0.359849 0 0 0 0 1 1 0 0 0 0 0 0 0.981397 0.2 0 0 0 0 0 0 0.4 0 0 0.4 0.8 0 0.4 0.4 0 0 0 0 0.922009 0.520584 
0 0 0.00531522 0.359849 0.359849 0 0 0 0 1 1 0 0 0 0 0 0 0.981397 0.2 0 0 0 0 0 0 0.4 0 0 0.4 0.8 0 0.4 0.4 0 0 0 0 0.922009 0.520584 
0 0 0.00531522 0.359849 0.359849 0 0 0 0 1 1 0 0 0 0 0 0 0.981397 0.2 0 0 0 0 0 0 0.4 0 0 0.4 0.8 0 0.4 0.4 0 0 0 0 0.922009 0.520584 
0 0 0.00531522 0.359849 0.359849 0 0 0 0 1 1 0 0 0 0 0 0 0.981397 0.2 0 0 0 0 0 0 0.4 0 0 0.4 0.8 0 0.4 0.4 0 0 0 0 0.922009 0.520584 
0 0 0.00531522 0.359849 0.359849 0 0 0 0 1 1 0 0 0 0 0 0 0.981397 0.2 0 0 0 0 0 0 0.4 0 0 0.4 0.8 0 0.4 0.4 0 0 0 0 0.922009 0.520584 
0 0 0.00531522 0.359849 0.359849 0 0 0 0 1 1 0 0 0 0 0 0 0.981397 0.2 0 0 0 0 0 0 0.4 0 0 0.4 0.8 0 0.4 0.4 0 0 0 0 0.922009 0.520584 
0 0 0.00531522 0.359849 0.359849 0 0 0 0 1 1 0 0 0 0 0 0 0.981397 0.2 0 0 0 0 0 0 0.4 0 0 0.4 0.8 0 0.4 0.4 0 0 0 0 0.922009 0.520584 
0 0 0.00531522 0.359849 0.359849 0 0 0 0 1 1 0 0 0 0 0 0 0.981397 0.2 0 0 0 0 0 0 0.4 0 0 0.4 0.8 0 0.4 0.4 0 0 0 0 0.922009 0.520584 
0 0 0.00531522 0.359849 0.359849 0 0 0 0 1 1 0 0 0 0 0 0 0.981397 0.2 0 0 0 0 0 0 0.4 0 0 0.4 0.8 0 0.4 0.4 0 0 0 0 0.922009 0.520584 
0 0 0.00531522 0.359849 0.359849 0 0 0 0 1 1 0 0 0 0 0 0 0.981397 0.2 0 0 0 0 0 0 0.4 0 0 0.4 0.8 0 0.4 0.4 0 0 0 0 0.922009 0.520584 
0 0 0.00531522 0.359849 0.359849 0 0 0 0 1 1 0 0 0 0 0 0 0.981397 0.2 0 0 0 0 0 0 0.4 0 0 0.4 0.8 0 0.4 0.4 0 0 0 0 0.922009 0.520584 
0 0 0.00531522 0.359849 0.359849 0 0 0 0 1 1 0 0 0 0 0 0 0.981397 0.2 0 0 0 0 0 0 0.4 0 0 0.4 0.8 0 0.4 0.4 0 0 0 0 0.922009 0.520584 
0 0 0.00531522 0.359849 0.359849 0 0 0 0 1 1 0 0 0 0 0 0 0.981397 0.2 0 0 0 0 0 0 0.4 0 0 0.4 0.8 0 0.4 0.4 0 0 0 0 0.922009 0.520584 
0 0 0.00531522 0.359849 0.359849 0 0 0 0 1 1 0 0 0 0 0 0 0.981397 0.2 0 0 0 0 0 0 0.4 0 0 0.4 0.8 0 0.4 0.4 0 0 0 0 0.922009 0.520584 
0 0 0.00531522 0.359849 0.359849 0 0 0 0 1 1 0 0 0 0 0 0 0.981397 0.2 0 0 0 0 0 0 0.4 0 0 0.4 0.8 0 0.4 0.4 0 0 0 0 0.922009 0.520584 
0 0 0.00531522 0.359849 0.359849 0 0 0 0 1 1 0 0 0 0 0 0 0.981397 0.2 0 0 0 0 0 0 0.4 0 0 0.4 0.8 0 0.4 0.4 0 0 0 0 0.922009 0.520584 
0 0 0.00531522 0.359849 0.359849 0 0 0 0 1 1 0 0 0 0 0 0 0.981397 0.2 0 0 0 0 0 0 0.4 0 0 0.4 0.8 0 0.4 0.4 0 0 0 0 0.922009 0.520584 
0 0 0.00531522 0.359849 0.359849 0 0 0 0 1 1 0 0 0 0 0 0 0.981397 0.2 0 0 0 0 0 0 0.4 0 0 0.4 0.8 0 0.4 0.4 0 0 0 0 0.922009 0.520584 
0 0 0.00531522 0.359849 0.359849 0 0 0 0 1 1 0 0 0 0 0 0 0.981397 0.2 0 0 0 0 0 0 0.4 0 0 0.4 0.8 0 0.4 0.4 0 0 0 0 0.922009 0.520584 
0 0 0.00531522 0.359849 0.359849 0 0 0 0 1 1 0 0 0 0 0 0 0.981397 0.2 0 0 0 0 0 0 0.4 0 0 0.4 0.8 0 0.4 0.4 0 0 0 0 0.922009 0.520584 
0 0 0.00531522 0.359849 0.359849 0 0 0 0 1 1 0 0 0 0 0 0 0.981397 0.2 0 0 0 0 0 0 0.4 0 0 0.4 0.8 0 0.4 0.4 0 0 0 0 0.922009 0.520584 
0 0 0.00531522 0.359849 0.359849 0 0 0 0 1 1 0 0 0 0 0 0 0.981397 0.2 0 0 0 0 0 0 0.4 0 0 0.4 0.8 0 0.4 0.4 0 0 0 0 0.922009 0.520584 
0 0 0.00531522 0.359849 0.359849 0 0 0 0 1 1 0 0 0 0 0 0 0.981397 0.2 0 0 0 0 0 0 0.4 0 0 0.4 0.8 0 0.4 0.4 0 0 0 0 0.922009 0.520584 
0 0 0.00531522 0.359849 0.359849 0 0 0 0 1 1 0 0 0 0 0 0 0.981397 0.2 0 0 0 0 0 0 0.4 0 0 0.4 0.8 0 0.4 0.4 0 0 0 0 0.922009 0.520584 
0 0 0.00531522 0.359849 0.359849 0 0 0 0 1 1 0 0 0 0 0 0 0.981397 0.2 0 0 0 0 0 0 0.4 0 0 0.4 0.8 0 0.4 0.4 0 0 0 0 0.922009 0.520584 
0 0 0.00531522 0.359849 0.359849 0 0 0 0 1 1 0 0 0 0 0 0 0.981397 0.2 0 0 0 0 0 0 0.4 0 0 0.4 0.8 0 0.4 0.4 0 0 0 0 0.922009 0.520584 
0 0 0.00531522 0.359849 0.359849 0 0 0 0 1 1 0 0 0 0 0 0 0.981397 0.2 0 0 0 0 0 0 0.4 0 0 0.4 0.8 0 0.4 0.4 0 0 0 0 0.922009 0.520584 
0 0 0.00531522 0.359849 0.359849 0 0 0 0 1 1 0 0 0 0 0 0 0.981397 0.2 0 0 0 0 0 0 0.4 0 0 0.4 0.8 0 0.4 0.4 0 0 0 0 0.922009 0.520584 
0 0 0.00531522 0.359849 0.359849 0 0 0 0 1 1 0 0 0 0 0 0 0.981397 0.2 0 0 0 0 0 0 0.4 0 0 0.4 0.8 0 0.4 0.4 0 0 0 0 0.922009 0.520584 
0 0 0.00531522 0.359849 0.359849 0 0 0 0 1 1 0 0 0 0 0 0 0.981397 0.2 0 0 0 0 0 0 0.4 0 0 0.4 0.8 0 0.4 0.4 0 0 0 0 0.922009 0.520584 
0 0 0.00531522 0.359849 0.359849 0 0 0 0 1 1 0 0 0 0 0 0 0.981397 0.2 0 0 0 0 0 0 0.4 0 0 0.4 0.8 0 0.4 0.4 0 0 0 0 0.922009 0.520584 
0 0 0.00531522 0.359849 0.359849 0 0 0 0 1 1 0 0 0 0 0 0 0.981397 0.2 0 0 0 0 0 0 0.4 0 0 0.4 0.8 0 0.4 0.4 0 0 0 0 0.922009 0.520584 
0 0 0.00531522 0.359849 0.359849 0 0 0 0 1 1 0 0 0 0 0 0 0.981397 0.2 0 0 0 0 0 0 0.4 0 0 0.4 0.8 0 0.4 0.4 0 0 0 0 0.922009 0.520584 
0 0 0.00531522 0.359849 0.359849 0 0 0 0 1 1 0 0 0 0 0 0 0.981397 0.2 0 0 0 0 0 0 0.4 0 0 0.4 0.8 0 0.4 0.4 0 0 0 0 0.922009 0.520584 
0 0 0.00531522 0.359849 0.359849 0 0 0 0 1 1 0 0 0 0 0 0 0.981397 0.2 0 0 0 0 0 0 0.4 0 0 0.4 0.8 0 0.4 0.4 0 0 0 0 0.922009 0.520584 
0 0 0.00531522 0.359849 0.359849 0 0 0 0 1 1 0 0 0 0 0 0 0.981397 0.2 0 0 0 0 0 0 0.4 0 0 0.4 0.8 0 0.4 0.4 0 0 0 0 0.922009 0.520584 
0 0 0.00531522 0.359849 0.359849 0 0 0 0 1 1 0 0 0 0 0 0 0.981397 0.2 0 0 0 0 0 0 0.4 0 0 0.4 0.8 0 0.4 0.4 0 0 0 0 0.922009 0.520584 
0 0 0.00531522 0.359849 0.359849 0 0 0 0 1 1 0 0 0 0 0 0 0.981397 0.2 0 0 0 0 0 0 0.4 0 0 0.4 0.8 0 0.4 0.4 0 0 0 0 0.922009 0.520584 
0 0 0.00531522 0.359849 0.359849 0 0 0 0 1 1 0 0 0 0 0 0 0.981397 0.2 0 0 0 0 0 0 0.4 0 0 0.4 0.8 0 0.4 0.4 0 0 0 0 0.922009 0.520584 
0 0 0.00531522 0.359849 0.359849 0 0 0 0 1 1 0 0 0 0 0 0 0.981397 0.2 0 0 0 0 0 0 0.4 0 0 0.4 0.8 0 0.4 0.4 0 0 0 0 0.922009 0.520584 
0 0 0.00531522 0.359849 0.359849 0 0 0 0 1 1 0 0 0 0 0 0 0.981397 0.2 0 0 0 0 0 0 0.4 0 0 0.4 0.8 0 0.4 0.4 0 0 0 0 0.922009 0.520584 
0 0 0.00531522 0.359849 0.359849 0 0 0 0 1 1 0 0 0 0 0 0 0.981397 0.2 0 0 0 0 0 0 0.4 0 0 0.4 0.8 0 0.4 0.4 0 0 0 0 0.922009 0.520584 
0 0 0.00531522 0.359849 0.359849 0 0 0 0 1 1 0 0 0 0 0 0 0.981397 0.2 0 0 0 0 0 0 0.4 0 0 0.4 0.8 0 0.4 0.4 0 0 0 0 0.922009 0.520584 
0 0 0.00531522 0.359849 0.359849 0 0 0 0 1 1 0 0 0 0 0 0 0.981397 0.2 0 0 0 0 0 0 0.4 0 0 0.4 0.8 0 0.4 0.4 0 0 0 0 0.922009 0.520584 
0 0 0.00531522 0.359849 0.359849 0 0 0 0 1 1 0 0 0 0 0 0 0.981397 0.2 0 0 0 0 0 0 0.4 0 0 0.4 0.8 0 0.4 0.4 0 0 0 0 0.922009 0.520584 
0 0 0.00531522 0.359849 0.359849 0 0 0 0 1 1 0 0 0 0 0 0 0.981397 0.2 0 0 0 0 0 0 0.4 0 0 0.4 0.8 0 0.4 0.4 0 0 0 0 0.922009 0.520584 
0 0 0.00531522 0.359849 0.359849 0 0 0 0 1 1 0 0 0 0 0 0 0.981397 0.2 0 0 0 0 0 0 0.4 0 0 0.4 0.8 0 0.4 0.4 0 0 0 0 0.922009 0.520584 
0 0 0.00531522 0.359849 0.359849 0 0 0 0 1 1 0 0 0 0 0 0 0.981397 0.2 0 0 0 0 0 0 0.4 0 0 0.4 0.8 0 0.4 0.4 0 0 0 0 0.922009 0.520584 
0 0 0.00531522 0.359849 0.359849 0 0 0 0 1 1 0 0 0 0 0 0 0.981397 0.2 0 0 0 0 0 0 0.4 0 0 0.4 0.8 0 0.4 0.4 0 0 0 0 0.922009 0.520584 
0 0 0.00531522 0.359849 0.359849 0 0 0 0 1 1 0 0 0 0 0 0 0.981397 0.2 0 0 0 0 0 0 0.4 0 0 0.4 0.8 0 0.4 0.4 0 0 0 0 0.922009 0.520584 
0 0 0.00531522 0.359849 0.359849 0 0 0 0 1 1 0 0 0 0 0 0 0.981397 0.2 0 0 0 0 0 0 0.4 0 0 0.4 0.8 0 0.4 0.4 0 0 0 0 0.922009 0.520584 
0 0 0.00531522 0.359849 0.359849 0 0 0 0 1 1 0 0 0 0 0 0 0.981397 0.2 0 0 0 0 0 0 0.4 0 0 0.4 0.8 0 0.4 0.4 0 0 0 0 0.922009 0.520584 
0 0 0.00531522 0.359849 0.359849 0 0 0 0 1 1 0 0 0 0 0 0 0.981397 0.2 0 0 0 0 0 0 0.4 0 0 0.4 0.8 0 0.4 0.4 0 0 0 0 0.922009 0.520584 
0 0 0.00531522 0.359849 0.359849 0 0 0 0 1 1 0 0 0 0 0 0 0.981397 0.2 0 0 0 0 0 0 0.4 0 0 0.4 0.8 0 0.4 0.4 0 0 0 0 0.922009 0.520584 
0 0 0.00531522 0.359849 0.359849 0 0 0 0 1 1 0 0 0 0 0 0 0.981397 0.2 0 0 0 0 0 0 0.4 0 0 0.4 0.8 0 0.4 0.4 0 0 0 0 0.922009 0.520584 
0 0 0.00531522 0.359849 0.359849 0 0 0 0 1 1 0 0 0 0 0 0 0.981397 0.2 0 0 0 0 0 0 0.4 0 0 0.4 0.8 0 0.4 0.4 0 0 0 0 0.922009 0.520584 
0 0 0.00531522 0.359849 0.359849 0 0 0 0 1 1 0 0 0 0 0 0 0.981397 0.2 0 0 0 0 0 0 0.4 0 0 0.4 0.8 0 0.4 0.4 0 0 0 0 0.922009 0.520584 
0 0 0.00531522 0.359849 0.359849 0 0 0 0 1 1 0 0 0 0 0 0 0.981397 0.2 0 0 0 0 0 0 0.4 0 0 0.4 0.8 0 0.4 0.4 0 0 0 0 0.922009 0.520584 
0 0 0.00531522 0.359849 0.359849 0 0 0 0 1 1 0 0 0 0 0 0 0.981397 0.2 0 0 0 0 0 0 0.4 0 0 0.4 0.8 0 0.4 0.4 0 0 0 0 0.922009 0.520584 
0 0 0.00531522 0.359849 0.359849 0 0 0 0 1 1 0 0 0 0 0 0 0.981397 0.2 0 0 0 0 0 0 0.4 0 0 0.4 0.8 0 0.4 0.4 0 0 0 0 0.922009 0.520584 
0 0 0.00531522 0.359849 0.359849 0 0 0 0 1 1 0 0 0 0 0 0 0.981397 0.2 0 0 0 0 0 0 0.4 0 0 0.4 0.8 0 0.4 0.4 0 0 0 0 0.922009 0.520584 
0 0 0.00531522 0.359849 0.359849 0 0 0 0 1 1 0 0 0 0 0 0 0.981397 0.2 0 0 0 0 0 0 0.4 0 0 0.4 0.8 0 0.4 0.4 0 0 0 0 0.922009 0.520584 
0 0 0.00531522 0.359849 0.359849 0 0 0 0 1 1 0 0 0 0 0 0 0.981397 0.2 0 0 0 0 0 0 0.4 0 0 0.4 0.8 0 0.4 0.4 0 0 0 0 0.922009 0.520584 
0 0 0.00531522 0.359849 0.359849 0 0 0 0 1 1 0 0 0 0 0 0 0.981397 0.2 0 0 0 0 0 0 0.4 0 0 0.4 0.8 0 0.4 0.4 0 0 0 0 0.922009 0.520584 
0 0 0.00531522 0.359849 0.359849 0 0 0 0 1 1 0 0 0 0 0 0 0.981397 0.2 0 0 0 0 0 0 0.4 0 0 0.4 0.8 0 0.4 0.4 0 0 0 0 0.922009 0.520584 
0 0 0.00531522 0.359849 0.359849 0 0 0 0 1 1 0 0 0 0 0 0 0.981397 0.2 0 0 0 0 0 0 0.4 0 0 0.4 0.8 0 0.4 0.4 0 0 0 0 0.922009 0.520584 
0 0 0.00531522 0.359849 0.359849 0 0 0 0 1 1 0 0 0 0 0 0 0.981397 0.2 0 0 0 0 0 0 0.4 0 0 0.4 0.8 0 0.4 0.4 0 0 0 0 0.922009 0.520584 
0 0 0.00531522 0.359849 0.359849 0 0 0 0 1 1 0 0 0 0 0 0 0.981397 0.2 0 0 0 0 0 0 0.4 0 0 0.4 0.8 0 0.4 0.4 0 0 0 0 0.922009 0.520584 
0 0 0.00531522 0.359849 0.359849 0 0 0 0 1 1 0 0 0 0 0 0 0.981397 0.2 0 0 0 0 0 0 0.4 0 0 0.4 0.8 0 0.4 0.4 0 0 0 0 0.922009 0.520584 
0 0 0.00531522 0.359849 0.359849 0 0 0 0 1 1 0 0 0 0 0 0 0.981397 0.2 0 0 0 0 0 0 0.4 0 0 0.4 0.8 0 0.4 0.4 0 0 0 0 0.922009 0.520584 
0 0 0.00531522 0.359849 0.359849 0 0 0 0 1 1 0 0 0 0 0 0 0.981397 0.2 0 0 0 0 0 0 0.4 0 0 0.4 0.8 0 0.4 0.4 0 0 0 0 0.922009 0.520584 
0 0 0.00531522 0.359849 0.359849 0 0 0 0 1 1 0 0 0 0 0 0 0.981397 0.2 0 0 0 0 0 0 0.4 0 0 0.4 0.8 0 0.4 0.4 0 0 0 0 0.922009 0.520584 
0 0 0.00531522 0.359849 0.359849 0 0 0 0 1 1 0 0 0 0 0 0 0.981397 0.2 0 0 0 0 0 0 0.4 0 0 0.4 0.8 0 0.4 0.4 0 0 0 0 0.922009 0.520584 
0 0 0.00531522 0.359849 0.359849 0 0 0 0 1 1 0 0 0 0 0 0 0.981397 0.2 0 0 0 0 0 0 0.4 0 0 0.4 0.8 0 0.4 0.4 0 0 0 0 0.922009 0.520584 
0 0 0.00531522 0.359849 0.359849 0 0 0 0 1 1 0 0 0 0 0 0 0.981397 0.2 0 0 0 0 0 0 0.4 0 0 0.4 0.8 0 0.4 0.4 0 0 0 0 0.922009 0.520584 
0 0 0.00531522 0.359849 0.359849 0 0 0 0 1 1 0 0 0 0 0 0 0.981397 0.2 0 0 0 0 0 0 0.4 0 0 0.4 0.8 0 0.4 0.4 0 0 0 0 0.922009 0.520584 
0 0 0.00531522 0.359849 0.359849 0 0 0 0 1 1 0 0 0 0 0 0 0.981397 0.2 0 0 0 0 0 0 0.4 0 0 0.4 0.8 0 0.4 0.4 0 0 0 0 0.922009 0.520584 
0 0 0.00531522 0.359849 0.359849 0 0 0 0 1 1 0 0 0 0 0 0 0.981397 0.2 0 0 0 0 0 0 0.4 0 0 0.4 0.8 0 0.4 0.4 0 0 0 0 0.922009 0.520584 
0 0 0.00531522 0.359849 0.359849 0 0 0 0 1 1 0 0 0 0 0 0 0.981397 0.2 0 0 0 0 0 0 0.4 0 0 0.4 0.8 0 0.4 0.4 0 0 0 0 0.922009 0.520584 
0 0 0.00531522 0.359849 0.359849 0 0 0 0 1 1 0 0 0 0 0 0 0.981397 0.2 0 0 0 0 0 0 0.4 0 0 0.4 0.8 0 0.4 0.4 0 0 0 0 0.922009 0.520584 
0 0 0.00531522 0.359849 0.359849 0 0 0 0 1 1 0 0 0 0 0 0 0.981397 0.2 0 0 0 0 0 0 0.4 0 0 0.4 0.8 0 0.4 0.4 0 0 0 0 0.922009 0.520584 
0 0 0.00531522 0.359849 0.359849 0 0 0 0 1 1 0 0 0 0 0 0 0.981397 0.2 0 0 0 0 0 0 0.4 0 0 0.4 0.8 0 0.4 0.4 0 0 0 0 0.922009 0.520584 
0 0 0.00531522 0.359849 0.359849 0 0 0 0 1 1 0 0 0 0 0 0 0.981397 0.2 0 0 0 0 0 0 0.4 0 0 0.4 0.8 0 0.4 0.4 0 0 0 0 0.922009 0.520584 
0 0 0.00531522 0.359849 0.359849 0 0 0 0 1 1 0 0 0 0 0 0 0.981397 0.2 0 0 0 0 0 0 0.4 0 0 0.4 0.8 0 0.4 0.4 0 0 0 0 0.922009 0.520584 
0 0 0.00531522 0.359849 0.359849 0 0 0 0 1 1 0 0 0 0 0 0 0.981397 0.2 0 0 0 0 0 0 0.4 0 0 0.4 0.8 0 0.4 0.4 0 0 0 0 0.922009 0.520584 
0 0 0.00531522 0.359849 0.359849 0 0 0 0 1 1 0 0 0 0 0 0 0.981397 0.2 0 0 0 0 0 0 0.4 0 0 0.4 0.8 0 0.4 0.4 0 0 0 0 0.922009 0.520584 
0 0 0.00531522 0.359849 0.359849 0 0 0 0 1 1 0 0 0 0 0 0 0.981397 0.2 0 0 0 0 0 0 0.4 0 0 0.4 0.8 0 0.4 0.4 0 0 0 0 0.922009 0.520584 
0 0 0.00531522 0.359849 0.359849 0 0 0 0 1 1 0 0 0 0 0 0 0.981397 0.2 0 0 0 0 0 0 0.4 0 0 0.4 0.8 0 0.4 0.4 0 0 0 0 0.922009 0.520584 
0 0 0.00531522 0.359849 0.359849 0 0 0 0 1 1 0 0 0 0 0 0 0.981397 0.2 0 0 0 0 0 0 0.4 0 0 0.4 0.8 0 0.4 0.4 0 0 0 0 0.922009 0.520584 
0 0 0.00531522 0.359849 0.359849 0 0 0 0 1 1 0 0 0 0 0 0 0.981397 0.2 0 0 0 0 0 0 0.4 0 0 0.4 0.8 0 0.4 0.4 0 0 0 0 0.922009 0.520584 
0 0 0.00531522 0.359849 0.359849 0 0 0 0 1 1 0 0 0 0 0 0 0.981397 0.2 0 0 0 0 0 0 0.4 0 0 0.4 0.8 0 0.4 0.4 0 0 0 0 0.922009 0.520584 
0 0 0.00531522 0.359849 0.359849 0 0 0 0 1 1 0 0 0 0 0 0 0.981397 0.2 0 0 0 0 0 0 0.4 0 0 0.4 0.8 0 0.4 0.4 0 0 0 0 0.922009 0.520584 
0 0 0.00531522 0.359849 0.359849 0 0 0 0 1 1 0 0 0 0 0 0 0.981397 0.2 0 0 0 0 0 0 0.4 0 0 0.4 0.8 0 0.4 0.4 0 0 0 0 0.922009 0.520584 
0 0 0.00531522 0.359849 0.359849 0 0 0 0 1 1 0 0 0 0 0 0 0.981397 0.2 0 0 0 0 0 0 0.4 0 0 0.4 0.8 0 0.4 0.4 0 0 0 0 0.922009 0.520584 
0 0 0.00531522 0.359849 0.359849 0 0 0 0 1 1 0 0 0 0 0 0 0.981397 0.2 0 0 0 0 0 0 0.4 0 0 0.4 0.8 0 0.4 0.4 0 0 0 0 0.922009 0.520584 
0 0 0.00531522 0.359849 0.359849 0 0 0 0 1 1 0 0 0 0 0 0 0.981397 0.2 0 0 0 0 0 0 0.4 0 0 0.4 0.8 0 0.4 0.4 0 0 0 0 0.922009 0.520584 
0 0 0.00531522 0.359849 0.359849 0 0 0 0 1 1 0 0 0 0 0 0 0.981397 0.2 0 0 0 0 0 0 0.4 0 0 0.4 0.8 0 0.4 0.4 0 0 0 0 0.922009 0.520584 
0 0 0.00531522 0.359849 0.359849 0 0 0 0 1 1 0 0 0 0 0 0 0.981397 0.2 0 0 0 0 0 0 0.4 0 0 0.4 0.8 0 0.4 0.4 0 0 0 0 0.922009 0.520584 
0 0 0.00531522 0.359849 0.359849 0 0 0 0 1 1 0 0 0 0 0 0 0.981397 0.2 0 0 0 0 0 0 0.4 0 0 0.4 0.8 0 0.4 0.4 0 0 0 0 0.922009 0.520584 
0 0 0.00531522 0.359849 0.359849 0 0 0 0 1 1 0 0 0 0 0 0 0.981397 0.2 0 0 0 0 0 0 0.4 0 0 0.4 0.8 0 0.4 0.4 0 0 0 0 0.922009 0.520584 
0 0 0.00531522 0.359849 0.359849 0 0 0 0 1 1 0 0 0 0 0 0 0.981397 0.2 0 0 0 0 0 0 0.4 0 0 0.4 0.8 0 0.4 0.4 0 0 0 0 0.922009 0.520584 
0 0 0.00531522 0.359849 0.359849 0 0 0 0 1 1 0 0 0 0 0 0 0.981397 0.2 0 0 0 0 0 0 0.4 0 0 0.4 0.8 0 0.4 0.4 0 0 0 0 0.922009 0.520584 
0 0 0.00531522 0.359849 0.359849 0 0 0 0 1 1 0 0 0 0 0 0 0.981397 0.2 0 0 0 0 0 0 0.4 0 0 0.4 0.8 0 0.4 0.4 0 0 0 0 0.922009 0.520584 
0 0 0.00531522 0.359849 0.359849 0 0 0 0 1 1 0 0 0 0 0 0 0.981397 0.2 0 0 0 0 0 0 0.4 0 0 0.4 0.8 0 0.4 0.4 0 0 0 0 0.922009 0.520584 
0 0 0.00531522 0.359849 0.359849 0 0 0 0 1 1 0 0 0 0 0 0 0.981397 0.2 0 0 0 0 0 0 0.4 0 0 0.4 0.8 0 0.4 0.4 0 0 0 0 0.922009 0.520584 
0 0 0.00531522 0.359849 0.359849 0 0 0 0 1 1 0 0 0 0 0 0 0.981397 0.2 0 0 0 0 0 0 0.4 0 0 0.4 0.8 0 0.4 0.4 0 0 0 0 0.922009 0.520584 
0 0 0.00531522 0.359849 0.359849 0 0 0 0 1 1 0 0 0 0 0 0 0.981397 0.2 0 0 0 0 0 0 0.4 0 0 0.4 0.8 0 0.4 0.4 0 0 0 0 0.922009 0.520584 
0 0 0.00531522 0.359849 0.359849 0 0 0 0 1 1 0 0 0 0 0 0 0.981397 0.2 0 0 0 0 0 0 0.4 0 0 0.4 0.8 0 0.4 0.4 0 0 0 0 0.922009 0.520584 
0 0 0.00531522 0.359849 0.359849 0 0 0 0 1 1 0 0 0 0 0 0 0.981397 0.2 0 0 0 0 0 0 0.4 0 0 0.4 0.8 0 0.4 0.4 0 0 0 0 0.922009 0.520584 
0 0 0.00531522 0.359849 0.359849 0 0 0 0 1 1 0 0 0 0 0 0 0.981397 0.2 0 0 0 0 0 0 0.4 0 0 0.4 0.8 0 0.4 0.4 0 0 0 0 0.922009 0.520584 
0 0 0.00531522 0.359849 0.359849 0 0 0 0 1 1 0 0 0 0 0 0 0.981397 0.2 0 0 0 0 0 0 0.4 0 0 0.4 0.8 0 0.4 0.4 0 0 0 0 0.922009 0.520584 
0 0 0.00531522 0.359849 0.359849 0 0 0 0 1 1 0 0 0 0 0 0 0.981397 0.2 0 0 0 0 0 0 0.4 0 0 0.4 0.8 0 0.4 0.4 0 0 0 0 0.922009 0.520584 
0 0 0.00531522 0.359849 0.359849 0 0 0 0 1 1 0 0 0 0 0 0 0.981397 0.2 0 0 0 0 0 0 0.4 0 0 0.4 0.8 0 0.4 0.4 0 0 0 0 0.922009 0.520584 
