0 0 0 0 0 0 0 0 0 0 0 0 0 0 0 0 0 0 0 0 0 0 0 0 0 0 0 0 0 0 0 0 0 0 0 0 0 0 0 
0 0 0 0 0 0 0 0 0 0 0 0 0 0 0 0 0 0 0 0 0 0 0 0 0 0 0 0 0 0 0 0 0 0 0 0 0 0 0 
0 0 0 0 0 0 0 0 0 0 0 0 0 0 0 0 0 0 0 0 0 0 0 0 0 0 0 0 0 0 0 0 0 0 0 0 0 0 0 
0 0 0 0 0 0 0 0 0 0 0 0 0 0 0 0 0 0 0 0 0 0 0 0 0 0 0 0 0 0 0 0 0 0 0 0 0 0 0 
0 0 0 0 0 0 0 0 0 0 0 0 0 0 0 0 0 0 0 0 0 0 0 0 0 0 0 0 0 0 0 0 0 0 0 0 0 0 0 
0 0 0 0 0 0 0 0 0 0 0 0 0 0 0 0 0 0 0 0 0 0 0 0 0 0 0 0 0 0 0 0 0 0 0 0 0 0 0 
0 0 0 0 0 0 0 0 0 0 0 0 0 0 0 0 0 0 0 0 0 0 0 0 0 0 0 0 0 0 0 0 0 0 0 0 0 0 0 
0 0 0 0 0 0 0 0 0 0 0 0 0 0 0 0 0 0 0 0 0 0 0 0 0 0 0 0 0 0 0 0 0 0 0 0 0 0 0 
0 0 0 0 0 0 0 0 0 0 0 0 0 0 0 0 0 0 0 0 0 0 0 0 0 0 0 0 0 0 0 0 0 0 0 0 0 0 0 
0 0 0 0 0 0 0 0 0 0 0 0 0 0 0 0 0 0 0 0 0 0 0 0 0 0 0 0 0 0 0 0 0 0 0 0 0 0 0 
0 0 0 0 0 0 0 0 0 0 0 0 0 0 0 0 0 0 0 0 0 0 0 0 0 0 0 0 0 0 0 0 0 0 0 0 0 0 0 
0 0 0 0 0 0 0 0 0 0 0 0 0 0 0 0 0 0 0 0 0 0 0 0 0 0 0 0 0 0 0 0 0 0 0 0 0 0 0 
0 0 0 0 0 0 0 0 0 0 0 0 0 0 0 0 0 0 0 0 0 0 0 0 0 0 0 0 0 0 0 0 0 0 0 0 0 0 0 
0 0 0 0 0 0 0 0 0 0 0 0 0 0 0 0 0 0 0 0 0 0 0 0 0 0 0 0 0 0 0 0 0 0 0 0 0 0 0 
0 0 0 0 0 0 0 0 0 0 0 0 0 0 0 0 0 0 0 0 0 0 0 0 0 0 0 0 0 0 0 0 0 0 0 0 0 0 0 
0 0 0.00658372 0.00753467 0.0082152 0 0 0.000666258 0.000666258 0 0 0 0 0 0 0.00139342 0 0.00198474 0 0.00204173 0.000752066 0.00134122 0 0 0 0 0 0 0 0 0 0 0 0 0 0 0.00271864 0 0.00010183 
0 0 0.0241892 0.0281183 0.0305503 0 0 0.00223671 0.00223671 0 0 0 0 0 0 0.0035828 0 0.00325385 0 0.00782985 0.002693 0.00494764 0 0 0 0 0 0 0 0 0 0 0 0 0 0 0.0106271 0 0.000742204 
0 0 0.049598 0.0587205 0.0635395 0 0 0.00406889 0.00406889 0 0 0 0 0.00117102 0 0.0035818 0 0 0 0.0168588 0.0053499 0.0101934 0 0 0 0 0 0 0 0 0 0 0 0 0 0 0.0233542 0 0.00242346 
0 0 0.0795915 0.0963107 0.103717 0 0 0.00552032 0.00552032 0 0 0 0 0.00889648 0.00159232 0 0 0 0 0.0286228 0.00824988 0.0164527 0 0 0 0 0 0 0 0 0 0 0 0 0 0 0.0405287 0 0.00564791 
0 0 0.110951 0.137859 0.147617 0 0 0.00594853 0.00594853 0 0 0 0 0.0151171 0.00945868 0 0 0 0 0.0484211 0.0139482 0.0279387 0 0 0 0 0 0 0 0 0 0 0 0 0 0 0.0685707 0 0.00956941 
0 0 0.192193 0.255601 0.274178 0 0 0.00471105 0.00471105 0 0 0 0 0.0675775 0.0195226 0 0 0 0 0.0777788 0.0171833 0.0393442 0 0 0 0 0 0 0 0 0 0 0 0 0 0 0.115647 0 0.024981 
0 0 0.3265 0.451719 0.486517 0 0 0.00116539 0.00116539 0 0 0 0 0.224341 0.037707 0 0 0 0 0.130247 0.00807603 0.0457597 0 0 0 0 0 0 0 0 0 0 0 0 0 0 0.205862 0 0.0692891 
0 0 0.442659 0.618094 0.667432 0 0 0.00805077 0.00805077 0 0 0 0 0.423867 0.0699343 0 0 0 0 0.156952 0 0.0513465 0 0 0 0 0 0 0 0 0 0 0 0 0 0 0.269902 0 0.114223 
0 0 0.500355 0.689067 0.746802 0 0 0.0306762 0.0306762 0 0 0 0 0.667507 0.163441 0 0 0 0 0.0736145 0.000263655 0.0548036 0 0 0 0 0 0 0 0 0 0 0 0 0 0 0.274296 0 0.132591 
0 0 0.527681 0.715181 0.778301 0 0 0.0572538 0.0572538 0 0 0 0 0.82464 0.248931 0 0 0 0 0 0.00099911 0.0548301 0 0 0 0 0 0 0 0 0 0 0 0 0 0 0.277594 0 0.138563 
0 0 0.544989 0.73483 0.802464 0 0 0.0759958 0.0759958 0 0 0 0 0.833155 0.265961 0 0 0 0 0 0.00212311 0.0520054 0 0 0 0 0 0 0 0 0 0 0 0 0 0 0.279945 0 0.141571 
0 0 0.553451 0.744348 0.815499 0 0 0.0837218 0.0837218 0 0 0 0 0.829348 0.269683 0 0 0 0 0 0.00355239 0.0479632 0 0 0 0 0 0 0 0 0 0 0 0 0 0 0.281498 0 0.143522 
0 0 0.555689 0.746832 0.8194 0 0 0.0867309 0.0867309 0 0 0 0 0.817949 0.264625 0 0 0 0 0 0.0052037 0.0429845 0 0 0 0 0 0 0 0 0 0 0 0 0 0 0.282403 0 0.144617 
0 0 0.555689 0.746082 0.81865 0 0 0.0874547 0.0874547 0 0 0 0 0.803689 0.255315 0 0 0 0 0 0.00699377 0.0373502 0 0 0 0 0 0 0 0 0 0 0 0 0 0 0.282808 0 0.14506 
0 0 0.555689 0.743964 0.816532 0 0 0.0883246 0.0883246 0 0 0 0 0.791298 0.246279 0 0 0 0 0 0.00883935 0.0313413 0 0 0 0 0 0 0 0 0 0 0 0 0 0 0.282863 0 0.145051 
0 0 0.555689 0.740673 0.813241 0 0 0.089094 0.089094 0 0 0 0 0.785507 0.229921 0 0 0 0 0 0.0106572 0.0252388 0 0 0 0 0 0 0 0 0 0 0 0 0 0 0.282718 0 0.144795 
0 0 0.555689 0.736404 0.808972 0 0 0.0886823 0.0886823 0 0 0 0 0.78467 0.205942 0 0 0 0 0 0.012364 0.0193235 0 0 0 0 0 0 0 0 0 0 0 0 0 0 0.282521 0 0.144492 
0 0 0.555689 0.731353 0.803921 0 0 0.0882706 0.0882706 0 0 0 0 0.783953 0.189822 0 0 0 0 0 0.0138765 0.0138765 0 0 0 0 0 0 0 0 0 0 0 0 0 0 0.282423 0 0.144346 
0 0 0.555689 0.725715 0.798283 0 0 0.0882706 0.0882706 0 0 0 0 0.783302 0.184448 0 0 0 0 0 0.0138765 0.0138765 0 0 0 0 0 0 0 0 0 0 0 0 0 0 0.282423 0 0.144346 
0 0 0.555689 0.719687 0.792255 0 0 0.0882706 0.0882706 0 0 0 0 0.782665 0.18185 0 0 0 0 0 0.0138765 0.0138765 0 0 0 0 0 0 0 0 0 0 0 0 0 0 0.282423 0 0.144346 
0 0 0.555689 0.713462 0.786031 0 0 0.0882706 0.0882706 0 0 0 0 0.781988 0.181216 0 0 0 0 0 0.0138765 0.0138765 0 0 0 0 0 0 0 0 0 0 0 0 0 0 0.282423 0 0.144346 
0 0 0.555689 0.707238 0.779806 0 0 0.0882706 0.0882706 0 0 0 0 0.781217 0.181736 0 0 0 0 0 0.0138765 0.0138765 0 0 0 0 0 0 0 0 0 0 0 0 0 0 0.282423 0 0.144346 
0 0 0.555689 0.70121 0.773778 0 0 0.0882706 0.0882706 0 0 0 0 0.780298 0.182598 0 0 0 0 0 0.0138765 0.0138765 0 0 0 0 0 0 0 0 0 0 0 0 0 0 0.282423 0 0.144346 
0 0 0.555689 0.695572 0.76814 0 0 0.0882706 0.0882706 0 0 0 0 0.779179 0.182991 0 0 0 0 0 0.0138765 0.0138765 0 0 0 0 0 0 0 0 0 0 0 0 0 0 0.282423 0 0.144346 
0 0 0.555689 0.690521 0.763089 0 0 0.0882706 0.0882706 0 0 0 0 0.777675 0.18293 0 0 0 0 0 0.0138765 0.0138765 0 0 0 0 0 0 0 0 0 0 0 0 0 0 0.282423 0 0.144346 
0 0 0.555689 0.686252 0.75882 0 0 0.0882706 0.0882706 0 0 0 0 0.77576 0.182965 0 0 0 0 0 0.0138765 0.0138765 0 0 0 0 0 0 0 0 0 0 0 0 0 0 0.282423 0 0.144346 
0 0 0.555689 0.682961 0.755529 0 0 0.0882706 0.0882706 0 0 0 0 0.773614 0.183086 0 0 0 0 0 0.0138765 0.0138765 0 0 0 0 0 0 0 0 0 0 0 0 0 0 0.282423 0 0.144346 
0 0 0.555689 0.680843 0.753411 0 0 0.0882706 0.0882706 0 0 0 0 0.771416 0.183282 0 0 0 0 0 0.0138765 0.0138765 0 0 0 0 0 0 0 0 0 0 0 0 0 0 0.282423 0 0.144346 
0 0 0.555689 0.680093 0.752661 0 0 0.0882706 0.0882706 0 0 0 0 0.769346 0.183543 0 0 0 0 0 0.0138765 0.0138765 0 0 0 0 0 0 0 0 0 0 0 0 0 0 0.282423 0 0.144346 
0 0 0.555689 0.680754 0.753322 0 0 0.0882706 0.0882706 0 0 0 0 0.767584 0.183858 0 0 0 0 0 0.0138765 0.0138765 0 0 0 0 0 0 0 0 0 0 0 0 0 0 0.282423 0 0.144346 
0 0 0.555689 0.682531 0.755099 0 0 0.0882706 0.0882706 0 0 0 0 0.76631 0.184218 0 0 0 0 0 0.0138765 0.0138765 0 0 0 0 0 0 0 0 0 0 0 0 0 0 0.282423 0 0.144346 
0 0 0.555689 0.685116 0.757684 0 0 0.0882706 0.0882706 0 0 0 0 0.765704 0.184613 0 0 0 0 0 0.0138765 0.0138765 0 0 0 0 0 0 0 0 0 0 0 0 0 0 0.282423 0 0.144346 
0 0 0.555689 0.688202 0.76077 0 0 0.0882706 0.0882706 0 0 0 0 0.765991 0.185031 0 0 0 0 0 0.0138765 0.0138765 0 0 0 0 0 0 0 0 0 0 0 0 0 0 0.282423 0 0.144346 
0 0 0.555689 0.69148 0.764048 0 0 0.0882706 0.0882706 0 0 0 0 0.767103 0.185463 0 0 0 0 0 0.0138765 0.0138765 0 0 0 0 0 0 0 0 0 0 0 0 0 0 0.282423 0 0.144346 
0 0 0.555689 0.694643 0.767211 0 0 0.0882706 0.0882706 0 0 0 0 0.768782 0.185899 0 0 0 0 0 0.0138765 0.0138765 0 0 0 0 0 0 0 0 0 0 0 0 0 0 0.282423 0 0.144346 
0 0 0.555689 0.697383 0.769951 0 0 0.0882706 0.0882706 0 0 0 0 0.770769 0.186328 0 0 0 0 0 0.0138765 0.0138765 0 0 0 0 0 0 0 0 0 0 0 0 0 0 0.282423 0 0.144346 
0 0 0.555689 0.699392 0.771961 0 0 0.0882706 0.0882706 0 0 0 0 0.772807 0.18674 0 0 0 0 0 0.0138765 0.0138765 0 0 0 0 0 0 0 0 0 0 0 0 0 0 0.282423 0 0.144346 
0 0 0.555689 0.700803 0.773371 0 0 0.0882706 0.0882706 0 0 0 0 0.774635 0.187124 0 0 0 0 0 0.0138765 0.0138765 0 0 0 0 0 0 0 0 0 0 0 0 0 0 0.282423 0 0.144346 
0 0 0.555689 0.701963 0.774531 0 0 0.0882706 0.0882706 0 0 0 0 0.775997 0.187472 0 0 0 0 0 0.0138765 0.0138765 0 0 0 0 0 0 0 0 0 0 0 0 0 0 0.282423 0 0.144346 
0 0 0.555689 0.702893 0.775461 0 0 0.0882706 0.0882706 0 0 0 0 0.776962 0.187817 0 0 0 0 0 0.0138765 0.0138765 0 0 0 0 0 0 0 0 0 0 0 0 0 0 0.282423 0 0.144346 
0 0 0.555689 0.703612 0.77618 0 0 0.0882706 0.0882706 0 0 0 0 0.777767 0.188196 0 0 0 0 0 0.0138765 0.0138765 0 0 0 0 0 0 0 0 0 0 0 0 0 0 0.282423 0 0.144346 
0 0 0.555689 0.704138 0.776706 0 0 0.0882706 0.0882706 0 0 0 0 0.778406 0.188597 0 0 0 0 0 0.0138765 0.0138765 0 0 0 0 0 0 0 0 0 0 0 0 0 0 0.282423 0 0.144346 
0 0 0.555689 0.70449 0.777059 0 0 0.0882706 0.0882706 0 0 0 0 0.778871 0.189009 0 0 0 0 0 0.0138765 0.0138765 0 0 0 0 0 0 0 0 0 0 0 0 0 0 0.282423 0 0.144346 
0 0 0.555689 0.704688 0.777256 0 0 0.0882706 0.0882706 0 0 0 0 0.779156 0.189421 0 0 0 0 0 0.0138765 0.0138765 0 0 0 0 0 0 0 0 0 0 0 0 0 0 0.282423 0 0.144346 
0 0 0.555689 0.70475 0.777318 0 0 0.0882706 0.0882706 0 0 0 0 0.779252 0.189822 0 0 0 0 0 0.0138765 0.0138765 0 0 0 0 0 0 0 0 0 0 0 0 0 0 0.282423 0 0.144346 
