0 0 0 0 0 0.4 0.4 0.4 0.4 0 0 0.4 0.4 0.325526 0 0.267761 0.6 0 0 0 0 0 0 0 0 0.2 0 0 0 0 0 0 0 0 0 0 0 0 0.0406727 
0 0 0 0 0 0.4 0.4 0.4 0.4 0 0 0.41875 0.41875 0.333492 0 0.277616 0.603681 0 0 0 0 0 0 0 0 0.207361 0 0 0 0 0 0 0 0 0 0 0 0 0.0406727 
0 0 0 0 0 0.4 0.4 0.4 0.4 0 0 0.45 0.45 0.346771 0 0.294042 0.609815 0 0 0 0 0 0 0 0 0.21963 0 0 0 0 0 0 0 0 0 0 0 0 0.0406727 
0 0 0 0 0 0.4 0.4 0.4 0.4 0 0 0.45625 0.45625 0.349426 0 0.297327 0.611042 0 0 0 0 0 0 0 0 0.222083 0 0 0 0 0 0 0 0 0 0 0 0 0.0406727 
0 0 0 0 0 0.4 0.4 0.4 0.4 0 0 0.4 0.4 0.325526 0 0.267761 0.6 0 0 0 0 0 0 0 0 0.2 0 0 0 0 0 0 0 0 0 0 0 0 0.0406727 
0 0 0 0 0 0.4 0.4 0.4 0.4 0 0 0.325231 0.325231 0.260744 0 0.196358 0.573333 0 0.0890625 0.061961 0 0 0 0 0 0.146667 0 0 0 0.0347222 0 0 0 0 0 0.015625 0.040516 0.00119437 0.0403557 
0 0 0 0 0 0.4 0.4 0.4 0.4 0 0 0.290741 0.290741 0.176013 0 0.1076 0.540185 0 0.1875 0.13924 0 0 0 0 0 0.0803704 0 0 0 0.111111 0 0 0 0 0 0.05 0.129651 0.00382198 0.0396583 
0 0 0 0 0 0.4 0.4 0.4 0.4 0 0 0.28125 0.28125 0.108284 0 0.0319826 0.511944 0 0.267187 0.205173 0 0 0 0 0 0.0238889 0 0 0 0.1875 0 0 0 0 0 0.084375 0.218786 0.0064496 0.0389609 
0 0 0 0 0 0.4 0.4 0.4 0.4 0 0 0.281481 0.281481 0.0945064 0 0 0.5 0 0.3 0.233094 0 0 0 0 0 0 0 0 0 0.222222 0 0 0 0 0 0.1 0.259302 0.00764397 0.0386439 
0 0 0 0 0 0.4 0.4 0.4 0.4 0 0 0.290741 0.290741 0.285534 0 0 0.5 0 0.3 0.111625 0 0 0 0 0 0 0 0 0 0.107222 0 0 0 0 0 0.1 0.263627 0.0185639 0.024995 
0 0 0 0 0 0.4 0.4 0.4 0.4 0 0 0.3 0.3 0.478619 0 0 0.5 0 0.3 0.000163085 0 0 0 0 0 0 0 0 0 0 0 0 0 0 0 0.1 0.267952 0.0294839 0.0328476 
0 0 0 0 0 0.4 0.4 0.4 0.4 0 0 0.3 0.3 0.430475 0 0 0.5 0 0.3 0.095443 0 0 0 0 0 0 0 0 0 0.0515995 0 0 0 0 0 0.1 0.327956 0.0218399 0.105642 
0 0 0 0 0 0.4 0.4 0.4 0.4 0 0 0.3 0.3 0.310142 0 0 0.5 0 0.3 0.251392 0 0 0 0 0 0 0 0 0 0.159495 0 0 0 0 0 0.1 0.439391 0.00764397 0.221903 
0 0 0 0 0 0.4 0.4 0.4 0.4 0 0 0.3 0.3 0.242665 0 0 0.5 0 0.3 0.33329 0 0 0 0 0 0 0 0 0 0.3 0 0 0 0 0 0.1 0.499395 0 0.357453 
0 0 0 0 0 0.4 0.4 0.4 0.4 0 0 0.3 0.3 0.328883 0 0 0.5 0 0.3 0.166637 0 0 0 0 0 0 0 0 0 0.42501 0 0 0 0 0 0.1 0.499395 0 0.488117 
0 0 0 0 0 0.4 0.4 0.4 0.4 0 0 0.3 0.3 0.481782 0 0 0.5 0 0.3 0 0 0 0 0 0 0 0 0 0 0.6 0 0 0 0 0 0.1 0.499395 0 0.589719 
0 0 0 0 0 0.4 0.4 0.4 0.4 0 0 0.3 0.3 0.579197 0 0 0.5 0 0.15 0 0 0 0 0 0 0 0 0 0 0.899719 0 0 0 0 0 0.0499999 0.499395 0 0.638083 
0 0 0 0 0 0.412891 0.412891 0.4 0.4 0 0 0.3 0.3 0.60901 0 0 0.5 0 0 0 0 0 0 0 0 0 0 0 0 1 0 0 0 0 0 0 0.499395 0 0.609033 
0 0 0 0 0 0.446875 0.446875 0.4 0.4 0 0 0.3 0.3 0.585858 0 0 0.5 0 0.15 0 0 0.214144 0 0 0 0 0 0 0 0.462499 0 0 0 0 0 0.0393501 0.480781 0 0.464996 
0 0 0 0 0 0.494922 0.494922 0.4 0.4 0 0 0.3 0.3 0.476944 0 0 0.5 0 0.3 0 0 0.470764 0 0 0 0 0 0 0 0 0 0 0 0 0 0.1 0.399744 0 0.358867 
0 0 0 0 0 0.55 0.55 0.4 0.4 0 0 0.115 0.3 0.304163 0 0 0.5 0 0.311226 0.000195019 0 0.471245 0 0 0 0 0 0 0 0 0 0 0 0 0 0.122575 0.165321 0 0.365937 
0 0 0 0 0 0.605078 0.605078 0.4 0.4 0 0 0 0.3 0.249253 0 0 0.5 0 0.3352 0.000390037 0 0.339823 0 0 0 0 0 0 0 0 0 0 0 0 0 0.1704 0 0 0.373006 
0 0 0 0 0 0.653125 0.653125 0.4 0.4 0 0 0.321482 0.481482 0.362615 0.083712 0 0.5 0 0.363332 0.000288916 0 0.172232 0 0 0 0 0 0 0 0 0 0 0 0 0 0.245378 0.113051 0 0.370361 
0 0 0 0 0 0.687109 0.687109 0.4 0.4 0 0 0.771852 0.818518 0.526441 0.237313 0 0.5 0 0.388866 0.000101121 0 0.0483581 0 0 0 0 0 0 0 0 0 0 0 0 0 0.287089 0.320869 0 0.35746 
0 0 0 0 0 0.7 0.7 0.4 0.4 0 0 1 1 0.665372 0.314501 0 0.5 0 0.4 0 0 0 0 0 0 0 0 0 0 0 0 0 0 0 0 0.3 0.466522 0 0.326857 
0 0 0 0 0 0.683382 0.683382 0.4 0.4 0 0 1 1 0.742101 0.195531 0 0.5 0 0.4 5.73857e-05 0 0 0 0 0 0 0 0 0 0 0 0 0 0 0 0.3 0.42355 0 0.283998 
0 0 0 0 0 0.640525 0.640525 0.4 0.4 0 0 1 1 0.767214 0 0.0490425 0.5 0 0.4 0.000114772 0 0 0 0 0 0 0 0 0 0 0 0 0 0 0 0.3 0.311293 0 0.269867 
0 0 0 0 0 0.581924 0.581924 0.4 0.4 0 0 1 1 0.760689 0 0.273346 0.5 0 0.4 0.000102835 0 0.0202806 0 0 0 0 0 0 0 0.000315676 0 0 0 0 0 0.3 0.248767 0 0.299062 
0 0 0 0 0 0.518076 0.518076 0.4 0.4 0 0 1 1 0.745464 0 0.429076 0.5 0 0.4 7.43719e-05 0 0.0686422 0 0 0 0 0 0 0 0.00346161 0 0 0 0 0 0.3 0.21023 0 0.345454 
0 0 0 0 0 0.459475 0.459475 0.4 0.4 0 0 1 1 0.722461 0 0.52455 0.5 0 0.4 4.03996e-05 0 0.126364 0 0 0 0 0 0 0 0.0127361 0 0 0 0 0 0.3 0.190306 0 0.393812 
0 0 0 0 0 0.416618 0.416618 0.4 0.4 0 0 1 1 0.6926 0 0.568085 0.5 0 0.4 1.19362e-05 0 0.174726 0 0 0 0 0 0 0 0.0314376 0 0 0 0 0 0.3 0.183618 0 0.428903 
0 0 0 0 0 0.4 0.4 0.4 0.4 0 0 1 1 0.656804 0 0.567999 0.5 0 0.4 0 0 0.195006 0 0 0 0 0 0 0 0.0628644 0 0 0 0 0 0.3 0.184788 0 0.435496 
0 0 0 0 0 0.4 0.4 0.4 0.4 0 0 0.988211 0.988211 0.615992 0 0.532609 0.5 0 0.393264 0.00172891 0 0.191722 0 0 0 0 0 0 0 0.106731 0 0 0 0 0 0.294948 0.190739 0 0.417997 
0 0 0 0 0 0.4 0.4 0.4 0.4 0 0 0.955394 0.955394 0.571088 0 0.470233 0.5 0 0.374511 0.00654179 0 0.18258 0 0 0 0 0 0 0 0.159152 0 0 0 0 0 0.280883 0.201379 0 0.392104 
0 0 0 0 0 0.4 0.4 0.4 0.4 0 0 0.905371 0.905371 0.52301 0 0.389188 0.5 0 0.345926 0.0138779 0 0.168644 0 0 0 0 0 0 0 0.218029 0 0 0 0 0 0.259445 0.215808 0 0.359519 
0 0 0 0 0 0.4 0.4 0.4 0.4 0 0 0.841966 0.841966 0.472682 0 0.297792 0.5 0 0.309695 0.0231766 0 0.150981 0 0 0 0 0 0 0 0.281262 0 0 0 0 0 0.232271 0.233128 0 0.321949 
0 0 0 0 0 0.4 0.4 0.4 0.4 0 0 0.769003 0.769003 0.421024 0 0.204362 0.5 0 0.268002 0.0338771 0 0.130655 0 0 0 0 0 0 0 0.346752 0 0 0 0 0 0.201001 0.252441 0 0.281096 
0 0 0 0 0 0.4 0.4 0.4 0.4 0 0 0.690305 0.690305 0.368957 0 0.117215 0.5 0 0.223031 0.0454187 0 0.108731 0 0 0 0 0 0 0 0.4124 0 0 0 0 0 0.167274 0.272847 0 0.238667 
0 0 0 0 0 0.4 0.4 0.4 0.4 0 0 0.609695 0.609695 0.317403 0 0.04467 0.5 0 0.176969 0.0572406 0 0.0862749 0 0 0 0 0 0 0 0.476106 0 0 0 0 0 0.132726 0.293449 0 0.196365 
0 0 0 0 0 0.4 0.4 0.4 0.4 0 0 0.530997 0.530997 0.267282 0.00494551 0 0.5 0 0.131998 0.0687821 0 0.0643512 0 0 0 0 0 0 0 0.53577 0 0 0 0 0 0.0989987 0.313346 0 0.155894 
0 0 0 0 0 0.4 0.4 0.4 0.4 0 0 0.458034 0.458034 0.219516 0.0232948 0 0.5 0 0.0903049 0.0794826 0 0.044025 0 0 0 0 0 0 0 0.589295 0 0 0 0 0 0.0677287 0.331641 0 0.11896 
0 0 0 0 0 0.4 0.4 0.4 0.4 0 0 0.394629 0.394629 0.175026 0.0228354 0 0.5 0 0.0540737 0.0887813 0 0.0263618 0 0 0 0 0 0 0 0.634579 0 0 0 0 0 0.0405553 0.347435 0 0.0872657 
0 0 0 0 0 0.4 0.4 0.4 0.4 0 0 0.344606 0.344606 0.134734 0.0218249 0 0.5 0 0.0254893 0.0961174 0 0.0124264 0 0 0 0 0 0 0 0.669525 0 0 0 0 0 0.019117 0.359829 0 0.062517 
0 0 0 0 0 0.4 0.4 0.4 0.4 0 0 0.311789 0.311789 0.0995605 0.0208143 0 0.5 0 0.00673649 0.10093 0 0.00328414 0 0 0 0 0 0 0 0.692031 0 0 0 0 0 0.00505237 0.367925 0 0.0464179 
0 0 0 0 0 0.4 0.4 0.4 0.4 0 0 0.3 0.3 0.0704265 0.0203549 0 0.5 0 0 0.102659 0 0 0 0 0 0 0 0 0 0.7 0 0 0 0 0 0 0.370823 0 0.0406727 
0 0 0 0 0 0.4 0.4 0.4 0.4 0 0 0.3 0.3 0.050369 0.0203549 0 0.5 0 0 0.102659 0 0 0 0 0 0 0 0 0 0.7 0 0 0 0 0 0 0.372482 0 0.0406727 
0 0 0 0 0 0.4 0.4 0.4 0.4 0 0 0.3 0.3 0.0403692 0.0203549 0 0.5 0 0 0.102659 0 0 0 0 0 0 0 0 0 0.7 0 0 0 0 0 0 0.37663 0 0.0406727 
0 0 0 0 0 0.4 0.4 0.4 0.4 0 0 0.3 0.3 0.0382658 0.0203549 0 0.5 0 0 0.102659 0 0 0 0 0 0 0 0 0 0.7 0 0 0 0 0 0 0.382022 0 0.0406727 
0 0 0 0 0 0.4 0.4 0.4 0.4 0 0 0.3 0.3 0.0418973 0.0203549 0 0.5 0 0 0.102659 0 0 0 0 0 0 0 0 0 0.7 0 0 0 0 0 0 0.387414 0 0.0406727 
0 0 0 0 0 0.4 0.4 0.4 0.4 0 0 0.3 0.3 0.0491021 0.0203549 0 0.5 0 0 0.102659 0 0 0 0 0 0 0 0 0 0.7 0 0 0 0 0 0 0.391562 0 0.0406727 
0 0 0 0 0 0.4 0.4 0.4 0.4 0 0 0.3 0.3 0.0577189 0.0203549 0 0.5 0 0 0.102659 0 0 0 0 0 0 0 0 0 0.7 0 0 0 0 0 0 0.393221 0 0.0406727 
0 0 0 0 0 0.4 0.4 0.4 0.4 0 0 0.3 0.3 0.0655863 0.0203549 0 0.5 0 0 0.102659 0 0 0 0 0 0 0 0 0 0.7 0 0 0 0 0 0 0.391147 0 0.0406727 
0 0 0 0 0 0.4 0.4 0.4 0.4 0 0 0.3 0.3 0.0705426 0.0203549 0 0.5 0 0 0.102659 0 0 0 0 0 0 0 0 0 0.7 0 0 0 0 0 0 0.384096 0 0.0406727 
0 0 0 0 0 0.4 0.4 0.4 0.4 0 0 0.3 0.3 0.0704265 0.0203549 0 0.5 0 0 0.102659 0 0 0 0 0 0 0 0 0 0.7 0 0 0 0 0 0 0.370823 0 0.0406727 
0 0 0 0 0 0.4 0.4 0.4 0.4 0 0 0.3 0.3 0.0714686 0.018238 0 0.5 0 0 0.0919827 0 0 0 0 0 0 0 0 0 0.7 0 0 0 0 0 0 0.350055 0 0.0406727 
0 0 0 0 0 0.4 0.4 0.4 0.4 0 0 0.3 0.3 0.0802794 0.01319 0 0.5 0 0 0.0665231 0 0 0 0 0 0 0 0 0 0.7 0 0 0 0 0 0 0.32464 0 0.0406727 
0 0 0 0 0 0.4 0.4 0.4 0.4 0 0 0.3 0.3 0.0952675 0.00716493 0 0.5 0 0 0.036136 0 0 0 0 0 0 0 0 0 0.7 0 0 0 0 0 0 0.299509 0 0.0406727 
0 0 0 0 0 0.4 0.4 0.4 0.4 0 0 0.3 0.3 0.114841 0.00211691 0 0.5 0 0 0.0106765 0 0 0 0 0 0 0 0 0 0.7 0 0 0 0 0 0 0.279597 0 0.0406727 
0 0 0 0 0 0.4 0.4 0.4 0.4 0 0 0.3 0.3 0.13741 0 0 0.5 0 0 0 0 0 0 0 0 0 0 0 0 0.7 0 0 0 0 0 0 0.269837 0 0.0406727 
0 0 0 0 0 0.4 0.4 0.4 0.4 0 0 0.3 0.3 0.152311 0 0 0.5 0 0 0 0 0 0 0 0 0 0 0 0 0.7 0 0 0 0 0 0 0.26803 0 0.0376599 
0 0 0 0 0 0.4 0.4 0.4 0.4 0 0 0.3 0.3 0.156159 0 0 0.5 0 0 0 0 0 0 0 0 0 0 0 0 0.7 0 0 0 0 0 0 0.26961 0 0.0301279 
0 0 0 0 0 0.4 0.4 0.4 0.4 0 0 0.3 0.3 0.15827 0 0 0.5 0 0 0 0 0 0 0 0 0 0 0 0 0.7 0 0 0 0 0 0 0.275956 0 0.0203363 
0 0 0 0 0 0.4 0.4 0.4 0.4 0 0 0.3 0.3 0.167963 0 0 0.5 0 0 0 0 0 0 0 0 0 0 0 0 0.7 0 0 0 0 0 0 0.288447 0 0.0105448 
0 0 0 0 0 0.4 0.4 0.4 0.4 0 0 0.3 0.3 0.194557 0 0 0.5 0 0 0 0 0 0 0 0 0 0 0 0 0.7 0 0 0 0 0 0 0.308464 0 0.00301282 
0 0 0 0 0 0.4 0.4 0.4 0.4 0 0 0.3 0.3 0.24737 0 0 0.5 0 0 0 0 0 0 0 0 0 0 0 0 0.7 0 0 0 0 0 0 0.337387 0 0 
0 0 0 0 0 0.4 0.4 0.4 0.4 0 0 0.3 0.3 0.342908 0 0 0.5 0 0.103704 0 0 0 0 0 0 0 0 0 0 0.57037 0 0 0 0 0 0.0259259 0.427382 0 0 
0 0 0 0 0 0.4 0.4 0.4 0.4 0 0 0.3 0.3 0.475481 0 0 0.5 0 0.296296 0 0 0 0 0 0 0 0 0 0 0.32963 0 0 0 0 0 0.0740741 0.54748 0 0 
0 0 0.0155976 0.0155976 0.0155976 0.4 0.4 0.4 0.4 0 0 0.3 0.3 0.621114 0 0 0.5 0 0.4 0 0 0 0 0 0 0 0 0 0 0.2 0 0 0 0 0 0.1 0.574356 0 0 
0 0 0.0560738 0.0560738 0.0560738 0.4 0.4 0.4 0.4 0 0 0.3 0.3 0.716731 0 0 0.5 0 0.4 0 0 0 0 0 0 0 0 0 0 0.2 0 0 0 0 0 0.1 0.336416 0 0 
0 0 0.111953 0.111953 0.111953 0.3375 0.3375 0.4 0.4 0 0 0 0 0.227162 0 0 0.5 0 0.5 0 0 0 0 0 0 0 0 0 0 0.6 0 0 0 0 0 0 0.0331713 0 0 
0 0 0.173761 0.173761 0.173761 0.200001 0.200001 0.4 0.4 0 0 0.3 0.3 0.259838 0 0 0.5 0 0 0 0 0 0 0 0 0 0 0 0.4 1 0 0 0 0 0 0 0 0 0 
0 0 0.232021 0.232021 0.232021 0.0625006 0.0625006 0.4 0.4 0 0 0.3 0.3 0.0920673 0.0303632 0 0.5 0 0.0404741 0.165493 0 0 0.0404741 0.0404741 0.0404741 0.0404741 0.0404741 0.0404741 0.240475 1 0.0404741 0.0404741 0.0404741 0.0404741 0.0404741 0.0404741 0.466769 0 0 
0 0 0.277259 0.277259 0.277259 0 0 0.4 0.4 0 0 0.3 0.3 0 0 0 0.5 0.343172 0 0.406327 0 0 0 0 0 0 0 0 0 1 0 0 0 0 0 0 0.858905 0 0 
0 0 0.3 0.3 0.3 0.0137174 0.0137174 0.4 0.4 0 0 0.3 0.3 0 0 0.0541007 0.5 0.343172 0 0.519954 0.035977 0.035977 0 0 0 0 0 0 0 1 0 0 0 0 0 0 0.904884 0.035977 0.0929108 
0 0 0.303497 0.303497 0.303497 0.05048 0.05048 0.4 0.4 0 0 0.3 0.3 0 0 0.0270504 0.5 0.343172 0 0.546867 0.0179885 0.0179885 0 0 0 0 0 0 0 1 0 0 0 0 0 0 0.815982 0.0179885 0.19529 
0 0 0.298456 0.298456 0.298456 0.103704 0.103704 0.4 0.4 0 0 0.3 0.3 0 0 0 0.5 0.343172 0 0.46814 0 0 0 0 0 0 0 0 0 1 0 0 0 0 0 0 0.629865 0 0.285454 
0 0 0.286582 0.286582 0.286582 0.166804 0.166804 0.4 0.4 0 0 0.3 0.3 0.0780571 0 0 0.5 0 0 0.199607 0 0.0305388 0 0 0 0 0 0 0 1 0 0 0 0 0 0 0.492376 0 0.339283 
0 0 0.269577 0.269577 0.269577 0.233196 0.233196 0.4 0.4 0 0 0.3 0.3 0.315733 0 0 0.5 0 0 0 0 0.0610776 0 0 0 0 0 0 0 1 0 0 0 0 0 0 0.465971 0 0.384138 
0 0 0.249145 0.249145 0.249145 0.296296 0.296296 0.4 0.4 0 0 0.3 0.3 0.356389 0 0 0.5 0 0 0 0 0.0452428 0 0 0 0.0518516 0 0 0 1 0 0 0 0 0 0 0.465971 0 0.478117 
0 0 0.226991 0.226991 0.226991 0.34952 0.34952 0.4 0.4 0 0 0.3 0.3 0.350608 0 0 0.5 0 0 0 0 0.0158349 0 0 0 0.148148 0 0 0 1 0 0 0 0 0 0 0.465971 0 0.576335 
0 0 0.204817 0.204817 0.204817 0.386283 0.386283 0.4 0.4 0 0 0.3 0.3 0.315733 0 0 0.5 0 0 0 0 0 0 0 0 0.2 0 0 0 1 0 0 0 0 0 0 0.465971 0 0.579844 
0 0 0.184328 0.184328 0.184328 0.4 0.4 0.4 0.4 0 0 0.15 0.15 0 0 0 0.25 0.0711485 0.0422464 0.0514888 0 0 0 0 0 0.1 0 0 0 0.5 0 0 0 0 0 0.0444444 0.321671 0 0.270715 
0 0 0.167226 0.167226 0.167226 0.4 0.4 0.4 0.4 0 0 0 0 0 0 0 0 1 0.155189 0.102978 0 0 0 0 0 0 0 0 0 0 0 0 0 0 0 0.155556 0.170696 0 0 
0 0 0.155215 0.155215 0.155215 0.4 0.4 0.4 0.4 0 0 0 0 0 0 0 0 0.483469 0.318131 0.0514888 0 0 0 0 0 0 0 0 0.104194 0 0 0 0 0 0 0.3 0.288296 0 0 
0 0 0.15 0.15 0.15 0.4 0.4 0.4 0.4 0 0 0 0 0.171892 0 0 0 0 0.510377 0 0 0 0 0 0 0 0 0 0.3 0 0 0 0 0 0 0.444444 0.412571 0 0 
0 0 0.148791 0.148791 0.148791 0.4 0.4 0.4 0.4 0 0 0.15 0.15 0.421058 0 0.0827081 0 0 0.711232 0 0 0 0 0 0 0 0 0 0.383306 0 0 0 0 0 0 0.555556 0.412571 0 0 
0 0 0.147662 0.147662 0.147662 0.4 0.4 0.4 0.4 0 0 0.3 0.3 0.593455 0 0.27757 0 0 0.9 0 0 0 0 0 0 0 0 0 0.4 0 0 0 0 0 0 0.6 0.412571 0 0 
0 0 0.146613 0.146613 0.146613 0.4 0.4 0.4 0.4 0 0 0.3 0.3 0.67572 0 0.504694 0 0 0.993531 0 0 0 0 0 0 0 0 0 0.4375 0 0 0 0 0 0 0.6 0.412571 0 0 
0 0 0.145643 0.145643 0.145643 0.4 0.4 0.4 0.4 0 0 0.3 0.3 0.692863 0 0.684183 0 0 0.9 0 0 0 0 0 0 0 0 0 0.5 0 0 0 0 0 0 0.6 0.412571 0 0 
0 0 0.14475 0.14475 0.14475 0.4 0.4 0.4 0.4 0 0 0.3 0.3 0.692863 0 0.775854 0 0 0.59654 0 0 0 0 0 0 0 0 0 0.70625 0 0 0 0 0 0 0.6 0.248347 0 0 
0 0 0.143933 0.143933 0.143933 0.4 0.4 0.4 0.4 0 0 0.3 0.3 0.692863 0 0.774249 0 0 0.21407 0 0 0 0 0 0 0 0 0 0.8 0 0 0 0 0 0 0.6 0.130408 0 0 
0 0 0.143192 0.143192 0.143192 0.4 0.4 0.4 0.4 0 0 0.15 0.15 0.406565 0 0.622819 0 0 0 0 0 0 0 0.309406 0.361299 0 0 0 0.36875 0 0 0 0 0 0 0.3 0.441174 0 0 
0 0 0.142525 0.142525 0.142525 0.4 0.4 0.4 0.4 0 0 0 0 0.0103311 0 0.454153 0 0 0 0 0 0 0 0.8 0.9 0 0 0 0 0 0 0 0 0 0 0 0.782849 0 0 
0 0 0.141932 0.141932 0.141932 0.4 0.4 0.4 0.4 0 0 0.149999 0.149999 0 0 0.426178 0 0.453862 0.518389 0 0 0 0 0.990594 1 0 0 0 0 0 0 0 0 0 0 0 0.829532 0 0 
0 0 0.14141 0.14141 0.14141 0.4 0.4 0.4 0.4 0 0 0.3 0.3 0 0 0.406345 0 0.51322 0.9 0 0 0 0 1 1 0 0 0 0 0 0 0 0 0 0 0 0.747959 0 0 
0 0 0.14096 0.14096 0.14096 0.4 0.4 0.4 0.4 0 0 0.3 0.3 0 0 0.300276 0 0.128283 0.9 0 0 0 0 1 0.759375 0 0 0 0.015625 0 0 0 0 0 0 0 0.605977 0 0 
0 0 0.140579 0.140579 0.140579 0.4 0.4 0.4 0.4 0 0 0.3 0.3 0.150494 0 0.165326 0 0 0.9 0 0 0 0 1 0.425 0 0 0 0.05 0 0 0 0 0 0 0 0.423308 0 0 
0 0 0.140268 0.140268 0.140268 0.4 0.4 0.4 0.4 0 0 0.3 0.3 0.333729 0 0.0492991 0 0 0.9 0 0 0 0 1 0.128125 0 0 0 0.084375 0 0 0 0 0 0 0 0.258504 0 0 
0 0 0.140025 0.140025 0.140025 0.4 0.4 0.4 0.4 0 0 0.3 0.3 0.431981 0 0 0 0 0.9 0 0 0 0 1 0 0 0 0 0.1 0 0 0 0 0 0 0 0.170115 0 0 
0 0 0.139848 0.139848 0.139848 0.4 0.4 0.4 0.4 0 0 0.307407 0.307407 0.432184 0 0 0.0740739 0 0.866472 0.00773804 0 0 0 0.925926 0 0 0 0 0.0925926 0 0 0 0 0 0 0 0.167773 0 0 
0 0 0.139737 0.139737 0.139737 0.4 0.4 0.4 0.4 0 0 0.325926 0.325926 0.383251 0 0 0.259259 0 0.779377 0.0270831 0 0 0 0.740741 0 0 0 0 0.0740741 0 0 0 0 0 0 0 0.20953 0 0 
0 0 0.139691 0.139691 0.139691 0.4 0.4 0.4 0.4 0 0 0.35 0.35 0.307078 0 0 0.499999 0 0.658948 0.0522318 0 0 0 0.500001 0 0 0 0 0.0500001 0 0 0 0 0 0 0 0.276575 0 0 
0 0 0.139708 0.139708 0.139708 0.4 0.4 0.4 0.4 0 0 0.374074 0.374074 0.225559 0 0 0.740741 0 0.525419 0.0773806 0 0 0 0.259259 0 0 0 0 0.0259259 0 0 0 0 0 0 0 0.350098 0 0 
0 0 0.139788 0.139788 0.139788 0.4 0.4 0.4 0.4 0 0 0.392593 0.392593 0.160591 0 0 0.925926 0 0.399025 0.0967257 0 0 0 0.0740739 0 0 0 0 0.00740739 0 0 0 0 0 0 0 0.411285 0 0 
0 0 0.13993 0.13993 0.13993 0.4 0.4 0.4 0.4 0 0 0.4 0.4 0.134069 0 0 1 0 0.3 0.104464 0 0 0 0 0 0 0 0 0 0 0 0 0 0 0 0 0.441324 0 0 
0 0 0.140132 0.140132 0.140132 0.4 0.4 0.4 0.4 0 0 0.4 0.4 0.134069 0 0 1 0 0.226583 0.103532 0 0 0 0 0 0 0 0 0.000891631 0.00300526 0 0 0 0 0 0 0.43596 0 0 
0 0 0.140393 0.140393 0.140393 0.4 0.4 0.4 0.4 0 0 0.4 0.4 0.134069 0 0 1 0 0.163101 0.100881 0 0 0 0 0 0 0 0 0.00342935 0.0116454 0 0 0 0 0 0 0.40939 0 0 
0 0 0.140713 0.140713 0.140713 0.4 0.4 0.4 0.4 0 0 0.4 0.4 0.134069 0 0 1 0 0.108918 0.0967257 0 0 0 0 0 0 0 0 0.0074074 0.0253568 0 0 0 0 0 0 0.370486 0 0 
0 0 0.14109 0.14109 0.14109 0.4 0.4 0.4 0.4 0 0 0.4 0.4 0.134069 0 0 1 0 0.063397 0.0912804 0 0 0 0 0 0 0 0 0.01262 0.0435762 0 0 0 0 0 0 0.328115 0 0 
0 0 0.141523 0.141523 0.141523 0.4 0.4 0.4 0.4 0 0 0.4 0.4 0.134069 0 0 1 0 0.0259024 0.0847603 0 0 0 0 0 0 0 0 0.0188615 0.0657401 0 0 0 0 0 0 0.291148 0 0 
0 0 0.142011 0.142011 0.142011 0.4 0.4 0.4 0.4 0 0 0.4 0.4 0.134069 0 0 1 0 0 0.0773805 0 0 0 0 0 0 0 0 0.0259259 0.0912848 0 0 0 0 0 0 0.268454 0 0 
0 0 0.142553 0.142553 0.142553 0.4 0.4 0.4 0.4 0 0 0.4 0.4 0.134483 0 0 1 0 0 0.0693559 0 0 0 0 0 0 0 0 0.0336077 0.119647 0 0 0 0 0 0 0.256208 0 0 
0 0 0.143148 0.143148 0.143148 0.4 0.4 0.4 0.4 0 0 0.4 0.4 0.13565 0 0 1 0 0 0.0609013 0 0 0 0 0 0 0 0 0.041701 0.150263 0 0 0 0 0 0 0.244677 0 0 
0 0 0.143795 0.143795 0.143795 0.4 0.4 0.4 0.4 0 0 0.4 0.4 0.137464 0 0 1 0 0 0.0522319 0 0 0 0 0 0 0 0 0.05 0.18257 0 0 0 0 0 0 0.233871 0 0 
0 0 0.144493 0.144493 0.144493 0.4 0.4 0.4 0.4 0 0 0.4 0.4 0.139818 0 0 1 0 0 0.0435624 0 0 0 0 0 0 0 0 0.058299 0.216003 0 0 0 0 0 0 0.2238 0 0 
0 0 0.145241 0.145241 0.145241 0.4 0.4 0.4 0.4 0 0 0.4 0.4 0.142602 0 0 1 0 0 0.0351079 0 0 0 0 0 0 0 0 0.0663923 0.25 0 0 0 0 0 0 0.214476 0 0 
0 0 0.146037 0.146037 0.146037 0.4 0.4 0.4 0.4 0 0 0.4 0.4 0.14571 0 0 1 0 0 0.0270832 0 0 0 0 0 0 0 0 0.0740741 0.283997 0 0 0 0 0 0 0.205908 0 0 
0 0 0.146881 0.146881 0.146881 0.4 0.4 0.4 0.4 0 0 0.4 0.4 0.149033 0 0 1 0 0 0.0197034 0 0 0 0 0 0 0 0 0.0811386 0.317431 0 0 0 0 0 0 0.198107 0 0 
0 0 0.147772 0.147772 0.147772 0.4 0.4 0.4 0.4 0 0 0.4 0.4 0.152464 0 0 1 0 0 0.0131833 0 0 0 0 0 0 0 0 0.08738 0.349737 0 0 0 0 0 0 0.191083 0 0 
0 0 0.148708 0.148708 0.148708 0.4 0.4 0.4 0.4 0 0 0.4 0.4 0.155895 0 0 1 0 0 0.00773804 0 0 0 0 0 0 0 0 0.0925926 0.380353 0 0 0 0 0 0 0.184847 0 0 
0 0 0.149688 0.149688 0.149688 0.4 0.4 0.4 0.4 0 0 0.4 0.4 0.159218 0 0 1 0 0 0.00358243 0 0 0 0 0 0 0 0 0.0965706 0.408715 0 0 0 0 0 0 0.179408 0 0 
0 0 0.150712 0.150712 0.150712 0.4 0.4 0.4 0.4 0 0 0.4 0.4 0.162326 0 0 1 0 0 0.000931431 0 0 0 0 0 0 0 0 0.0991084 0.43426 0 0 0 0 0 0 0.174778 0 0 
0 0 0.151778 0.151778 0.151778 0.4 0.4 0.4 0.4 0 0 0.4 0.4 0.16511 0 0 1 0 0 0 0 0 0 0 0 0 0 0 0.1 0.456424 0 0 0 0 0 0 0.170966 0 0 
0 0 0.152886 0.152886 0.152886 0.4 0.4 0.4 0.4 0 0 0.4 0.4 0.167463 0 0 1 0 0 0 0 0 0 0 0 0 0 0 0.1 0.474643 0 0 0 0 0 0 0.167984 0 0 
0 0 0.154033 0.154033 0.154033 0.4 0.4 0.4 0.4 0 0 0.4 0.4 0.169277 0 0 1 0 0 0 0 0 0 0 0 0 0 0 0.1 0.488355 0 0 0 0 0 0 0.16584 0 0 
0 0 0.15522 0.15522 0.15522 0.4 0.4 0.4 0.4 0 0 0.4 0.4 0.170445 0 0 1 0 0 0 0 0 0 0 0 0 0 0 0.1 0.496995 0 0 0 0 0 0 0.164547 0 0 
0 0 0.156445 0.156445 0.156445 0.4 0.4 0.4 0.4 0 0 0.4 0.4 0.170858 0 0 1 0 0 0 0 0 0 0 0 0 0 0 0.1 0.5 0 0 0 0 0 0 0.164113 0 0 
0 0 0.157707 0.157707 0.157707 0.4 0.4 0.4 0.4 0 0 0.4 0.4 0.170858 0 0 1 0 0 0 0 0 0 0 0 0 0 0 0.1 0.5 0 0 0 0 0 0 0.164113 0 0 
0 0 0.159004 0.159004 0.159004 0.4 0.4 0.4 0.4 0 0 0.4 0.4 0.170858 0 0 1 0 0 0 0 0 0 0 0 0 0 0 0.1 0.5 0 0 0 0 0 0 0.164113 0 0 
0 0 0.160337 0.160337 0.160337 0.4 0.4 0.4 0.4 0 0 0.4 0.4 0.170858 0 0 1 0 0 0 0 0 0 0 0 0 0 0 0.1 0.5 0 0 0 0 0 0 0.164113 0 0 
0 0 0.161703 0.161703 0.161703 0.4 0.4 0.4 0.4 0 0 0.4 0.4 0.170858 0 0 1 0 0 0 0 0 0 0 0 0 0 0 0.1 0.5 0 0 0 0 0 0 0.164113 0 0 
0 0 0.163102 0.163102 0.163102 0.4 0.4 0.4 0.4 0 0 0.4 0.4 0.170858 0 0 1 0 0 0 0 0 0 0 0 0 0 0 0.1 0.5 0 0 0 0 0 0 0.164113 0 0 
0 0 0.164533 0.164533 0.164533 0.4 0.4 0.4 0.4 0 0 0.4 0.4 0.170858 0 0 1 0 0 0 0 0 0 0 0 0 0 0 0.1 0.5 0 0 0 0 0 0 0.164113 0 0 
0 0 0.165994 0.165994 0.165994 0.4 0.4 0.4 0.4 0 0 0.4 0.4 0.170858 0 0 1 0 0 0 0 0 0 0 0 0 0 0 0.1 0.5 0 0 0 0 0 0 0.164113 0 0 
0 0 0.167485 0.167485 0.167485 0.4 0.4 0.4 0.4 0 0 0.4 0.4 0.170858 0 0 1 0 0 0 0 0 0 0 0 0 0 0 0.1 0.5 0 0 0 0 0 0 0.164113 0 0 
0 0 0.169004 0.169004 0.169004 0.4 0.4 0.4 0.4 0 0 0.4 0.4 0.170858 0 0 1 0 0 0 0 0 0 0 0 0 0 0 0.1 0.5 0 0 0 0 0 0 0.164113 0 0 
0 0 0.170551 0.170551 0.170551 0.4 0.4 0.4 0.4 0 0 0.4 0.4 0.170858 0 0 1 0 0 0 0 0 0 0 0 0 0 0 0.1 0.5 0 0 0 0 0 0 0.164113 0 0 
0 0 0.172124 0.172124 0.172124 0.4 0.4 0.4 0.4 0 0 0.4 0.4 0.170858 0 0 1 0 0 0 0 0 0 0 0 0 0 0 0.1 0.5 0 0 0 0 0 0 0.164113 0 0 
0 0 0.173722 0.173722 0.173722 0.4 0.4 0.4 0.4 0 0 0.4 0.4 0.170858 0 0 1 0 0 0 0 0 0 0 0 0 0 0 0.1 0.5 0 0 0 0 0 0 0.164113 0 0 
0 0 0.175344 0.175344 0.175344 0.4 0.4 0.4 0.4 0 0 0.4 0.4 0.170858 0 0 1 0 0 0.0516551 0 0 0 0 0 0 0 0 0.1 0.55 0 0 0 0 0 0 0.164113 0 0 
0 0 0.17699 0.17699 0.17699 0.4 0.4 0.4 0.4 0 0 0.4 0.4 0.170858 0 0 1 0 0 0.10331 0 0 0 0 0 0 0 0 0.1 0.6 0 0 0 0 0 0 0.164113 0 0 
0 0 0.178657 0.178657 0.178657 0.4 0.4 0.4 0.4 0 0 0.4 0.4 0.228651 0 0 1 0 0.0340737 0.0765263 0 0 0 0 0 0.0170369 0 0 0.1 0.6 0 0 0 0 0 0 0.164113 0 0.0816687 
0 0 0.180346 0.180346 0.180346 0.4 0.4 0.4 0.4 0 0 0.4 0.4 0.335981 0 0 1 0 0.112592 0.0267846 0 0 0 0 0 0.0562958 0 0 0.1 0.6 0 0 0 0 0 0 0.164113 0 0.23334 
0 0 0.182054 0.182054 0.182054 0.4 0.4 0.4 0.4 0 0 0.4 0.4 0.393775 0 0 1 0 0.2 0 0 0 0 0 0 0.1 0 0 0.1 0.6 0 0 0 0 0 0 0.164113 0 0.31501 
0 0 0.183782 0.183782 0.183782 0.4 0.4 0.4 0.4 0 0 0.4 0.4 0.393775 0 0 1 0 0.32 0 0 0 0 0 0 0.16 0 0 0.25 0.7 0 0 0 0 0 0 0.0823122 0 0.31501 
0 0 0.185527 0.185527 0.185527 0.4 0.4 0.4 0.4 0 0 0.4 0.4 0.393775 0 0 1 0 0.4 0 0 0 0 0 0 0.2 0 0 0.4 0.8 0 0 0 0 0 0 0.000511013 0 0.31501 
0 0 0.187289 0.187289 0.187289 0.4 0.4 0.4 0.4 0 0 0.49375 0.4 0.463248 0 0 1 0 0.4 0 0 0 0 0 0 0.2 0 0 0.353125 0.8 0 0 0 0 0 0 0.000511013 0 0.388899 
0 0 0.189066 0.189066 0.189066 0.4 0.4 0.4 0.4 0 0 0.7 0.4 0.618149 0 0 1 0 0.4 0 0 0 0 0 0 0.2 0 0 0.25 0.8 0 0 0 0 0 0 0.000511013 0 0.555865 
0 0 0.190858 0.190858 0.190858 0.4 0.4 0.4 0.4 0 0 0.90625 0.4 0.778197 0 0 1 0 0.4 0 0 0 0 0 0 0.2 0 0 0.146875 0.8 0 0 0 0 0 0 0.000511013 0 0.73386 
0 0 0.192664 0.192664 0.192664 0.4 0.4 0.4 0.4 0 0 1 0.4 0.863114 0 0 1 0 0.4 0 0 0 0 0 0 0.2 0 0 0.1 0.8 0 0 0 0 0 0 0.000511013 0 0.840834 
0 0 0.194482 0.194482 0.194482 0.4 0.4 0.4 0.4 0 0 1 0.4 0.773927 0 0 1 0 0.4 0 0 0 0 0 0 0.2 0 0 0.1 0.8 0 0 0 0 0 0 0.000511013 0 0.787402 
0 0 0.196311 0.196311 0.196311 0.4 0.4 0.4 0.4 0 0 1 0.4 0.517325 0 0 1 0 0.4 0 0 0 0 0 0 0.2 0 0 0.1 0.8 0 0 0 0 0 0 0.000511013 0 0.579695 
0 0 0.198151 0.198151 0.198151 0.4 0.4 0.4 0.4 0 0 0.740741 0.296296 0.282572 0 0 0.740741 0 0.46963 0 0 0 0 0 0 0.148148 0 0 0.255556 0.8 0 0 0 0 0 0 0.000378528 0 0.311876 
0 0 0.2 0.2 0.2 0.4 0.4 0.4 0.4 0 0 0.259259 0.103704 0.210683 0 0 0.259259 0 0.583704 0 0 0 0 0 0 0.0518519 0 0 0.544444 0.8 0 0 0 0 0 0 0.000132485 0 0.0915273 
0 0 0.210249 0.210249 0.210249 0.4 0.4 0.4 0.4 0 0 0 0 0.307501 0 0 0 0 0.6 0 0 0 0 0 0 0 0 0 0.7 0.8 0 0 0 0 0 0 0 0 0 
0 0 0.232009 0.232009 0.232009 0.4 0.4 0.4 0.4 0 0 0 0 0.570249 0 0 0 0 0.28 0 0 0 0 0 0 0.1 0 0 0.7 0.9 0 0 0 0 0 0 0 0 0 
0 0 0.25736 0.25736 0.25736 0.4 0.4 0.4 0.4 0 0 0 0 0.876512 0 0 0 0 0 0 0 0 0 0 0 0.2 0 0 0.7 1 0 0 0 0 0 0 0 0 0 
0 0 0.278378 0.278378 0.278378 0.4 0.4 0.4 0.4 0 0 0 0 1 0 0 0 0 0 0 0 0 0 0 0 0.2 0 0 0.648149 1 0 0 0 0 0 0 0 0 0 
0 0 0.287145 0.287145 0.287145 0.4 0.4 0.4 0.4 0 0 0 0 1 0 0 0 0 0 0 0 0 0 0 0 0.2 0 0 0.551851 1 0 0 0 0 0 0 0 0 0 
0 0 0.281219 0.281219 0.281219 0.4 0.4 0.4 0.4 0.0624 0.0624 0 0 1 0 0 0 0 0 0 0 0 0 0 0 0.2 0 0 0.5 1 0 0 0 0 0 0 0 0 0 
0 0 0.266245 0.266245 0.266245 0.4 0.4 0.4 0.4 0.2112 0.2112 0 0 0.675814 0 0 0 0 0.12963 0.0742986 0 0 0 0 0 0.148148 0 0 0.5 0.740741 0 0 0 0 0 0 0.065269 0.107773 0.107773 
0 0 0.24643 0.24643 0.24643 0.4 0.4 0.4 0.4 0.3888 0.3888 0 0 0.226796 0 0 0 0 0.37037 0.212282 0 0 0 0 0 0.0518519 0 0 0.5 0.259259 0 0 0 0 0 0 0.186483 0.332339 0.332339 
0 0 0.22598 0.22598 0.22598 0.4 0.4 0.4 0.4 0.5376 0.5376 0 0 0 0 0 0 0 0.5 0.28658 0 0 0 0 0 0 0 0 0.5 0 0 0 0 0 0 0 0.251752 0.525573 0.525573 
0 0 0.209101 0.209101 0.209101 0.4 0.4 0.4 0.4 0.6 0.6 0 0 0 0 0 0 0 0.5 0.14329 0 0 0 0 0 0 0 0 0.5 0 0 0 0 0 0 0 0.125876 0.6281 0.6281 
0 0 0.2 0.2 0.2 0.4 0.4 0.4 0.4 0.5376 0.5376 0 0 0 0 0 0 0 0.5 0 0 0 0 0 0 0 0 0 0.5 0 0 0 0 0 0 0 0 0.640956 0.640956 
0 0 0.196461 0.196461 0.196461 0.4 0.4 0.4 0.4 0.3888 0.3888 0.0259259 0.0259259 0.140125 0 0.0624215 0 0 0.5 0 0 0 0 0 0 0.0518519 0 0 0.37037 0 0 0 0 0 0 0 0 0.522003 0.522003 
0 0 0.193437 0.193437 0.193437 0.4 0.4 0.4 0.4 0.2112 0.2112 0.0740741 0.0740741 0.42349 0 0.195846 0 0 0.5 0 0 0 0 0 0 0.148148 0 0 0.12963 0 0 0 0 0 0 0 0 0.354676 0.354676 
0 0 0.190886 0.190886 0.190886 0.4 0.4 0.4 0.4 0.0624 0.0624 0.1 0.1 0.64458 0 0.319512 0 0 0.5 0 0 0 0 0 0 0.2 0 0 0 0 0 0 0 0 0 0 0 0.269824 0.269824 
0 0 0.188766 0.188766 0.188766 0.4 0.4 0.4 0.4 0 0 0.1 0.1 0.681731 0 0.428366 0.3 0 0.5 0 0 0 0 0 0 0.1 0 0 0 0 0 0 0 0 0 0 0 0.269824 0.269824 
0 0 0.187037 0.187037 0.187037 0.4 0.4 0.4 0.4 0 0 0.1 0.1 0.607241 0 0.459336 0.6 0 0.5 0 0 0 0 0 0 0 0 0 0 0 0 0 0 0 0 0 0 0.269824 0.269824 
0 0 0.185657 0.185657 0.185657 0.4 0.4 0.4 0.4 0 0 0.153439 0.153439 0.439653 0 0.311848 0.6 0 0.5 0.110745 0 0 0 0 0 0 0 0 0 0 0 0 0 0 0 0 0 0.235927 0.317627 
0 0 0.184585 0.184585 0.184585 0.4 0.4 0.4 0.4 0 0 0.251323 0.251323 0.235103 0 0.104887 0.6 0 0.5 0.320952 0 0 0 0 0 0 0 0 0 0 0 0 0 0 0 0 0 0.169305 0.402734 
0 0 0.18378 0.18378 0.18378 0.4 0.4 0.4 0.4 0 0 0.3 0.3 0.135406 0 0 0.6 0 0.5 0.447579 0 0 0 0 0 0 0 0 0 0 0 0 0 0 0 0 0 0.122559 0.437689 
0 0 0.1832 0.1832 0.1832 0.4 0.4 0.4 0.4 0 0 0.287544 0.287109 0.135406 0 0 0.6 0 0.488354 0.465376 0 0 0 0 0 0.00145917 0 0 0 0.00465827 0 0 0 0 0 0 0 0.103776 0.412818 
0 0 0.182804 0.182804 0.182804 0.4 0.4 0.4 0.4 0 0 0.265857 0.264291 0.135406 0 0 0.6 0 0.456423 0.471907 0 0 0 0 0 0.00558352 0 0 0 0.0174307 0 0 0 0 0 0 0 0.086074 0.378244 
0 0 0.182551 0.182551 0.182551 0.4 0.4 0.4 0.4 0 0 0.237026 0.233895 0.135406 0 0 0.6 0 0.408715 0.468348 0 0 0 0 0 0.0119934 0 0 0 0.0365141 0 0 0 0 0 0 0 0.0696013 0.336208 
0 0 0.1824 0.1824 0.1824 0.4 0.4 0.4 0.4 0 0 0.203143 0.198272 0.135406 0 0 0.6 0 0.349736 0.455879 0 0 0 0 0 0.0203093 0 0 0 0.0601054 0 0 0 0 0 0 0 0.0545076 0.288948 
0 0 0.182309 0.182309 0.182309 0.4 0.4 0.4 0.4 0 0 0.166297 0.159772 0.135406 0 0 0.6 0 0.283996 0.435677 0 0 0 0 0 0.0301515 0 0 0 0.0864014 0 0 0 0 0 0 0 0.040942 0.238705 
0 0 0.182237 0.182237 0.182237 0.4 0.4 0.4 0.4 0 0 0.128576 0.120747 0.135406 0 0 0.6 0 0.216003 0.408921 0 0 0 0 0 0.0411405 0 0 0 0.113599 0 0 0 0 0 0 0 0.0290539 0.187717 
0 0 0.182143 0.182143 0.182143 0.4 0.4 0.4 0.4 0 0 0.0920715 0.083546 0.135406 0 0 0.6 0 0.150263 0.376788 0 0 0 0 0 0.0528966 0 0 0 0.139895 0 0 0 0 0 0 0 0.0189926 0.138225 
0 0 0.181985 0.181985 0.181985 0.4 0.4 0.4 0.4 0 0 0.0588719 0.0505204 0.135406 0 0 0.6 0 0.0912845 0.340456 0 0 0 0 0 0.0650402 0 0 0 0.163486 0 0 0 0 0 0 0 0.0109072 0.0924677 
0 0 0.181723 0.181723 0.181723 0.4 0.4 0.4 0.4 0 0 0.0310671 0.0240205 0.135406 0 0 0.6 0 0.0435762 0.301103 0 0 0 0 0 0.0771917 0 0 0 0.18257 0 0 0 0 0 0 0 0.00494718 0.0526847 
0 0 0.181314 0.181314 0.181314 0.4 0.4 0.4 0.4 0 0 0.0107466 0.00639689 0.135406 0 0 0.6 0 0.0116453 0.259907 0 0 0 0 0 0.0889715 0 0 0 0.195342 0 0 0 0 0 0 0 0.00126167 0.0211156 
0 0 0.180718 0.180718 0.180718 0.4 0.4 0.4 0.4 0 0 0 0 0.135406 0 0 0.6 0 0 0.218046 0 0 0 0 0 0.1 0 0 0 0.2 0 0 0 0 0 0 0 0 0 
0 0 0.179894 0.179894 0.179894 0.4 0.4 0.4 0.4 0 0 0.00456412 0 0.135617 0 0 0.6 0 0 0.176699 0 0 0 0 0 0.109373 0 0 0 0.2 0 0 0 0 0 0 0 0 0 
0 0 0.1788 0.1788 0.1788 0.4 0.4 0.4 0.4 0 0 0.0253288 0 0.137346 0 0 0.6 0 0 0.137043 0 0 0 0 0 0.11724 0 0 0 0.2 0 0 0 0 0 0 0 0 0 
0 0 0.177395 0.177395 0.177395 0.4 0.4 0.4 0.4 0 0 0.0571133 0 0.142232 0 0 0.6 0 0 0.100255 0 0 0 0 0 0.1248 0 0 0 0.2 0 0 0 0 0 0 0 0 0.0111306 
0 0 0.175637 0.175637 0.175637 0.4 0.4 0.4 0.4 0 0 0.0947366 0 0.151915 0 0 0.6 0 0 0.0675151 0 0 0 0 0 0.133254 0 0 0 0.2 0 0 0 0 0 0 0 0 0.0334243 
0 0 0.173486 0.173486 0.173486 0.4 0.4 0.4 0.4 0 0 0.133018 0 0.168036 0 0 0.6 0 0 0.0399995 0 0 0 0 0 0.143801 0 0 0 0.2 0 0 0 0 0 0 0 0 0.0609143 
0 0 0.170899 0.170899 0.170899 0.4 0.4 0.4 0.4 0 0 0.166776 0 0.192234 0 0 0.6 0 0 0.0188874 0 0 0 0 0 0.157641 0 0 0 0.2 0 0 0 0 0 0 0 0 0.0911424 
0 0 0.167837 0.167837 0.167837 0.4 0.4 0.4 0.4 0 0 0.190831 0 0.226151 0 0 0.6 0 0 0.00535627 0 0 0 0 0 0.175974 0 0 0 0.2 0 0 0 0 0 0 0 0 0.121651 
0 0 0.164257 0.164257 0.164257 0.4 0.4 0.4 0.4 0 0 0.2 0 0.271426 0 0 0.6 0 0 0.000584129 0 0 0 0 0 0.2 0 0 0 0.2 0 0 0 0 0 0 0 0 0.149984 
0 0 0.160119 0.160119 0.160119 0.4 0.4 0.4 0.4 0 0 0.2 0 0.328832 0 0 0.6 0 0 0.000584129 0 0 0 0 0 0.263973 0 0 0 0.2 0 0 0 0 0 0 0 0 0.198204 
0 0 0.15538 0.15538 0.15538 0.4 0.4 0.4 0.4 0 0 0.2 0 0.398837 0 0 0.6 0 0 0.000584129 0 0 0 0 0 0.354209 0 0 0 0.2 0 0 0 0 0 0 0 0 0.260072 
0 0 0.15 0.15 0.15 0.4 0.4 0.4 0.4 0 0 0.2 0 0.482624 0 0 0.6 0 0 0.000584129 0 0 0 0 0 0.4 0 0 0 0.2 0 0 0 0 0 0 0 0 0.290675 
0 0 0.130743 0.130743 0.130743 0.4624 0.4624 0.4624 0.4624 0.104 0.104 0.225867 0.0453333 0.591497 0 0 0.6 0 0 0.000523379 0 0 0 0 0 0.4 0 0 0 0.2 0 0 0 0 0 0 0.0478092 0 0.290675 
0 0 0.0930857 0.0930857 0.0930857 0.6112 0.6112 0.6112 0.6112 0.352 0.352 0.2896 0.156 0.720653 0 0 0.6 0 0 0.000378516 0 0 0 0 0 0.4 0 0 0 0.2 0 0 0 0 0 0 0.164146 0 0.290675 
0 0 0.0500571 0.0500571 0.0500571 0.7888 0.7888 0.7888 0.7888 0.648 0.648 0.3704 0.294 0.847109 0 0 0.6 0 0 0.000205613 0 0 0 0 0 0.4 0 0 0 0.2 0 0 0 0 0 0 0.308376 0 0.290675 
0 0 0.0146857 0.0146857 0.0146857 0.9376 0.9376 0.9376 0.9376 0.896 0.896 0.447467 0.421333 0.947885 0 0 0.6 0 0 6.07494e-05 0 0 0 0 0 0.4 0 0 0 0.2 0 0 0 0 0 0 0.439862 0 0.290675 
0 0 0 0 0 1 1 1 1 1 1 0.5 0.5 1 0 0 0.6 0 0 0 0 0 0 0 0 0.4 0 0 0 0.2 0 0 0 0 0 0 0.51797 0 0.290675 
0 0 0 0 0 1 1 1 1 1 1 0.533926 0.541405 1 0 0 0.6 0 0 0.00303901 0 0 0 0 0 0.4 0 0 0 0.2 0 0 0 0 0 0 0.554781 0 0.290675 
0 0 0 0 0 1 1 1 1 1 1 0.568824 0.582167 1 0 0 0.6 0 0 0.0117569 0 0 0 0 0 0.4 0 0 0 0.2 0 0 0 0 0 0 0.589505 0 0.290675 
0 0 0 0 0 1 1 1 1 1 1 0.604374 0.622102 1 0 0 0.6 0 0 0.0255551 0 0 0 0 0 0.4 0 0 0 0.2 0 0 0 0 0 0 0.62219 0 0.290675 
0 0 0 0 0 1 1 1 1 1 1 0.640254 0.66103 1 0 0 0.6 0 0 0.0438353 0 0 0 0 0 0.4 0 0 0 0.2 0 0 0 0 0 0 0.652887 0 0.290675 
0 0 0 0 0 1 1 1 1 1 1 0.676144 0.698766 1 0 0 0.6 0 0 0.0659981 0 0 0 0 0 0.4 0 0 0 0.2 0 0 0 0 0 0 0.681646 0 0.290675 
0 0 0 0 0 1 1 1 1 1 1 0.711722 0.735129 1 0 0 0.6 0 0 0.0914453 0 0 0 0 0 0.4 0 0 0 0.2 0 0 0 0 0 0 0.708517 0 0.290675 
0 0 0 0 0 1 1 1 1 1 1 0.746669 0.769937 1 0 0 0.6 0 0 0.119578 0 0 0 0 0 0.4 0 0 0 0.2 0 0 0 0 0 0 0.733551 0 0.290675 
0 0 0 0 0 1 1 1 1 1 1 0.780663 0.803008 1 0 0 0.6 0 0 0.149798 0 0 0 0 0 0.4 0 0 0 0.2 0 0 0 0 0 0 0.756798 0 0.290675 
0 0 0 0 0 1 1 1 1 1 1 0.813384 0.83416 1 0 0 0.6 0 0 0.181506 0 0 0 0 0 0.4 0 0 0 0.2 0 0 0 0 0 0 0.778309 0 0.290675 
0 0 0 0 0 1 1 1 1 1 1 0.844511 0.863209 1 0 0 0.6 0 0 0.214105 0 0 0 0 0 0.4 0 0 0 0.2 0 0 0 0 0 0 0.798132 0 0.290675 
0 0 0 0 0 1 1 1 1 1 1 0.873723 0.889974 1 0 0 0.6 0 0 0.246994 0 0 0 0 0 0.4 0 0 0 0.2 0 0 0 0 0 0 0.81632 0 0.290675 
0 0 0 0 0 1 1 1 1 1 1 0.9007 0.914273 1 0 0 0.6 0 0 0.279575 0 0 0 0 0 0.4 0 0 0 0.2 0 0 0 0 0 0 0.832922 0 0.290675 
0 0 0 0 0 1 1 1 1 1 1 0.92512 0.935924 0.999812 0 0 0.6 0 0 0.311251 0 0 0 0 0 0.4 0 0 0 0.2 0 0 0 0 0 0 0.847988 0 0.290675 
0 0 0 0 0 1 1 1 1 1 1 0.946664 0.954743 0.991002 0 0 0.6 0 0 0.341422 0 0 0 0 0 0.4 0 0 0 0.2 0 0 0 0 0 0 0.861569 0 0.290675 
0 0 0 0 0 1 1 1 1 1 1 0.965009 0.97055 0.982909 0 0 0.6 0 0 0.369489 0 0 0 0 0 0.4 0 0 0 0.2 0 0 0 0 0 0 0.873714 0 0.290675 
0 0 0 0 0 1 1 1 1 1 1 0.979837 0.983161 0.975928 0 0 0.6 0 0 0.394854 0 0 0 0 0 0.4 0 0 0 0.2 0 0 0 0 0 0 0.884475 0 0.290675 
0 0 0 0 0 1 1 1 1 1 1 0.990825 0.992394 0.970452 0 0 0.6 0 0 0.416918 0 0 0 0 0 0.4 0 0 0 0.2 0 0 0 0 0 0 0.893902 0 0.290675 
0 0 0 0 0 1 1 1 1 1 1 0.997653 0.998068 0.966878 0 0 0.6 0 0 0.435083 0 0 0 0 0 0.4 0 0 0 0.2 0 0 0 0 0 0 0.902044 0 0.290675 
0 0 0 0 0 1 1 1 1 1 1 1 1 0.965598 0 0 0.6 0 0 0.44875 0 0 0 0 0 0.4 0 0 0 0.2 0 0 0 0 0 0 0.908952 0 0.290675 
0 0 0 0 0 1 1 1 1 1 1 1 1 0.965598 0 0 0.6 0 0 0.444441 0 0 0 0 0 0.4 0 0 0 0.2 0 0 0 0 0 0 0.904533 0.00115987 0.268878 
0 0 0 0 0 1 1 1 1 1 1 1 1 0.965598 0 0 0.6 0 0 0.415179 0 0 0 0 0 0.4 0 0 0 0.2 0 0 0 0 0 0 0.878542 0.00392572 0.216899 
0 0 0 0 0 1 1 1 1 1 1 1 1 0.965598 0 0 0.6 0 0 0.370121 0 0 0 0 0 0.4 0 0 0 0.2 0 0 0 0 0 0 0.830801 0.0072269 0.154861 
0 0 0 0 0 1 1 1 1 1 1 1 1 0.965598 0 0 0.6 0 0 0.318422 0 0 0 0 0 0.4 0 0 0 0.2 0 0 0 0 0 0 0.761132 0.00999275 0.102883 
0 0 0 0 0 1 1 1 1 1 1 1 1 0.965598 0 0 0.6 0 0 0.269238 0 0 0 0 0 0.4 0 0 0 0.2 0 0 0 0 0 0 0.669355 0.0111526 0.0810852 
0 0 0.0155351 0.0129536 0.0129536 0.972 0.972 0.972 0.972 0.972 0.972 1 1 0.927865 0 0 0.6 0 0 0.212517 0 0 0 0 0 0.3954 0 0 0 0.2 0 0 0 0 0 0 0.588452 0.0111526 0.0810852 
0 0 0.0581412 0.0484693 0.0484693 0.896 0.896 0.896 0.896 0.896 0.896 1 1 0.834053 0 0 0.6 0 0 0.142156 0 0 0 0 0 0.3832 0 0 0 0.2 0 0 0 0 0 0 0.545438 0.0111526 0.0810852 
0 0 0.121819 0.101529 0.101529 0.784001 0.784001 0.784001 0.784001 0.784001 0.784001 1 1 0.713248 0 0 0.6 0 0 0.0732319 0 0 0 0 0 0.3658 0 0 0 0.2 0 0 0 0 0 0 0.531186 0.0111526 0.0810852 
0 0 0.200569 0.167115 0.167115 0.648001 0.648001 0.648001 0.648001 0.648001 0.648001 1 1 0.594532 0 0 0.6 0 0 0.0208208 0 0 0 0 0 0.3456 0 0 0 0.2 0 0 0 0 0 0 0.536573 0.0111526 0.0810852 
0 0 0.288393 0.240209 0.240209 0.500001 0.500001 0.500001 0.500001 0.500001 0.500001 1 1 0.50699 0 0 0.6 0 0 0 0 0 0 0 0 0.325 0 0 0 0.2 0 0 0 0 0 0 0.552472 0.0111526 0.0810852 
0 0 0.379292 0.315794 0.315794 0.352001 0.352001 0.352001 0.352001 0.352001 0.352001 1 1 0.460266 0 0 0.6 0 0 0 0 0 0 0 0 0.299645 0 0 0 0.2 0 0 0 0 0 0 0.599576 0.0111526 0.0810852 
0 0 0.467266 0.388851 0.388851 0.216001 0.216001 0.216001 0.216001 0.216001 0.216001 1 1 0.434971 0 0 0.6 0 0 0 0 0 0 0 0 0.267934 0 0 0 0.2 0 0 0 0 0 0 0.683967 0.0111526 0.0810852 
0 0 0.546316 0.454362 0.454362 0.104001 0.104001 0.104001 0.104001 0.104001 0.104001 1 1 0.416638 0 0 0.6 0 0 0 0 0 0 0 0 0.2364 0 0 0 0.2 0 0 0 0 0 0 0.774609 0.0111526 0.0810852 
0 0 0.610443 0.507311 0.507311 0.0280007 0.0280007 0.0280007 0.0280007 0.0280007 0.0280007 1 1 0.390801 0 0 0.6 0 0 0 0 0 0 0 0 0.211578 0 0 0 0.2 0 0 0 0 0 0 0.840464 0.0111526 0.0810852 
0 0 0.653648 0.542678 0.542678 0 0 0 0 0 0 1 1 0.342993 0 0 0.6 0 0 0 0 0 0 0 0 0.2 0 0 0 0.2 0 0 0 0 0 0 0.850495 0.0111526 0.0810852 
0 0 0.675556 0.559971 0.559971 0 0 0.0342936 0.0342936 0 0 0.84375 0.84375 0.241186 0 0.128918 0.50625 0 0 0 0 0 0 0 0 0.214062 0 0 0.015625 0.16875 0 0 0 0 0 0 0.753487 0.00941003 0.0684157 
0 0 0.682073 0.564036 0.564036 0 0 0.1262 0.1262 0 0 0.5 0.5 0.101078 0 0.412538 0.3 0 0 0 0 0 0 0 0 0.248611 0 0 0.05 0.1 0 0 0 0 0 0 0.574028 0.00557631 0.0405426 
0 0 0.676619 0.557861 0.557861 0 0 0.259259 0.259259 0 0 0.15625 0.15625 0 0 0.696157 0.09375 0.0555695 0 0 0 0 0 0 0 0.283854 0 0 0.084375 0.03125 0 0 0 0 0 0 0.394785 0.0017426 0.0126696 
0 0 0.662617 0.544436 0.544436 0 0 0.41701 0.41701 0 0 0 0 0 0 0.825075 0 0.180254 0 0 0 0 0 0 0 0.3 0 0 0.1 0 0 0 0 0 0 0 0.298425 0 0 
0 0 0.643488 0.526749 0.526749 0 0 0.58299 0.58299 0 0 0 0 0.0522234 0 0.825075 0 0 0 0 0 0 0 0 0 0.3 0 0 0.1 0 0 0 0 0 0 0 0.379734 0 0 
0 0 0.622654 0.50779 0.50779 0.0281178 0.0281178 0.740741 0.740741 0.155554 0.155554 0 0 0.271157 0 0.825075 0 0 0 0 0 0 0 0 0 0.3 0 0 0.1 0 0 0 0 0 0 0 0.559403 0 0 
0 0 0.603537 0.490547 0.490547 0.091221 0.091221 0.8738 0.8738 0.444442 0.444442 0 0 0.424712 0 0.825075 0 0 0 0 0 0 0 0 0 0.3 0 0 0.1 0 0 0 0 0 0 0 0.658955 0 0 
0 0 0.589557 0.47801 0.47801 0.157435 0.157435 0.965707 0.965707 0.6 0.6 0 0 0.400727 0 0.657767 0 0 0 0.148581 0 0 0 0 0 0.3 0 0 0.1 0 0 0 0 0 0 0 0.658955 0 0.145728 
0 0 0.584137 0.473166 0.473166 0.227478 0.227478 1 1 0.506252 0.506252 0 0 0.261206 0 0.423271 0 0 0 0.360019 0 0 0 0 0 0.3 0 0 0.1 0 0 0 0 0 0 0 0.658955 0 0.310478 
0 0 0.584137 0.473166 0.473166 0.307289 0.307289 1 1 0.3 0.3 0 0 0.103909 0 0.315187 0 0 0 0.48693 0 0 0 0 0 0.3 0 0 0.1 0 0 0 0 0 0 0 0.654927 0 0.289591 
0 0 0.584137 0.473166 0.473166 0.372813 0.372813 1 1 0.0937524 0.0937524 0 0 0 0 0.236666 0 0.00403112 0 0.589712 0 0 0 0 0 0.3 0 0 0.1 0 0 0 0 0 0 0 0.636897 0 0.216625 
0 0 0.584137 0.473166 0.473166 0.4 0.4 1 1 0 0 0 0 0 0 0.153116 0 0.00642694 0 0.628636 0 0 0 0 0 0.3 0 0 0.1 0 0 0 0 0 0 0 0.595938 0 0.190277 
0 0 0.584137 0.473166 0.473166 0.4 0.4 1 1 0 0 0 0 0.112863 0 0.0198203 0 0 0 0.507109 0 0 0 0 0 0.3 0 0 0.1 0.202979 0 0 0 0 0 0 0.475108 0 0.332495 
0 0 0.584137 0.473166 0.473166 0.4 0.4 1 1 0 0 0 0 0.193612 0.0645387 0 0 0 0 0.32876 0 0 0 0 0 0.3 0 0 0.1 0.6 0 0 0 0 0 0 0.381972 0 0.459789 
0 0 0.584137 0.473166 0.473166 0.4 0.4 1 1 0 0 0.103702 0.103702 0.193612 0.0645387 0 0 0 0.259255 0.197818 0 0 0 0 0 0.222223 0 0 0.18148 0.876175 0 0 0 0 0 0 0.375707 0 0.459789 
0 0 0.584137 0.473166 0.473166 0.4 0.4 1 1 0 0 0.296298 0.296298 0.193612 0.0645387 0 0 0 0.740745 0.0802286 0 0 0 0 0 0.0777765 0 0 0.351854 0.982533 0 0 0 0 0 0 0.364072 0 0.459789 
0 0 0.584137 0.473166 0.473166 0.4 0.4 1 1 0 0 0.4 0.4 0.193612 0.0645387 0 0 0 1 0.0292094 0 0 0 0 0 0 0 0 0.5 1 0 0 0 0 0 0 0.357807 0 0.459789 
0 0 0.584137 0.473166 0.473166 0.296295 0.296295 1 1 0 0 0.4 0.4 0.366023 0.0341231 0 0 0 1 0.0292094 0 0 0 0 0 0 0 0 0.596297 1 0 0 0 0 0 0 0.357807 0 0.459789 
0 0 0.584137 0.473166 0.473166 0.103705 0.103705 1 1 0 0 0.4 0.4 0.686204 0 0.0810514 0 0 1 0.0292094 0 0 0 0 0 0 0 0 0.67037 1 0 0 0 0 0 0 0.357807 0 0.459789 
0 0 0.584137 0.473166 0.473166 0 0 1 1 0 0 0.4 0.4 0.858616 0 0.316781 0 0 1 0.0292094 0 0 0 0 0 0 0 0 0.7 1 0 0 0 0 0 0 0.357807 0 0.459789 
0 0 0.584137 0.473166 0.473166 0 0 1 1 0 0 0.4 0.4 0.858616 0 0.61704 0 0 1 0.0292094 0 0 0 0 0 0 0 0 0.7 1 0 0 0 0 0 0 0.357807 0 0.459789 
0 0 0.576368 0.465397 0.465397 0 0 1 1 0 0 0.4 0.4 0.858616 0 0.789891 0 0 1 0.0292094 0 0 0 0 0 0 0 0 0.7 1 0 0 0 0 0 0 0.357807 0 0.459789 
0 0 0.556332 0.445361 0.445361 0 0 1 1 0 0 0.4 0.4 0.69805 0 0.71216 0 0 0.929998 0.0292094 0 0 0 0 0 0 0 0 0.7 1 0 0 0 0 0 0 0.357807 0 0.459789 
0 0 0.528936 0.417966 0.417966 0 0 1 1 0 0 0.4 0.4 0.386682 0 0.528926 0 0 0.8 0.0292094 0 0 0 0 0 0 0 0 0.7 1 0 0 0 0 0 0 0.357807 0 0.459789 
0 0 0.499087 0.388116 0.388116 0 0 1 1 0 0 0.4 0.4 0.154495 0 0.321582 0 0 0.642961 0.103397 0 0 0 0 0 0 0 0 0.7 0.762959 0 0 0 0 0 0 0.455803 0.105527 0.446109 
0 0 0.471691 0.360721 0.360721 0 0 1 1 0 0 0.4 0.4 0.0374637 0 0.102024 0 0 0.477038 0.24117 0 0 0 0 0 0 0 0 0.7 0.303708 0 0 0 0 0 0 0.637788 0.301498 0.420705 
0 0 0.451655 0.340685 0.340685 0 0 1 1 0 0 0.4 0.4 0 0 0 0 0 0.4 0.315358 0 0 0 0 0 0 0 0 0.7 0 0 0 0 0 0 0 0.735784 0.407025 0.407025 
0 0 0.443887 0.332916 0.332916 0.01516 0.01516 1 1 0 0 0.4 0.4 0.0794875 0 0 0 0 0.4 0.172287 0 0 0 0 0 0.119997 0 0 0.7 0.224994 0 0 0 0 0 0 0.546799 0.407025 0.407025 
0 0 0.444052 0.333081 0.333081 0.0559769 0.0559769 1 1 0 0 0.4 0.4 0.338989 0 0 0 0 0.4 0.0292094 0 0 0 0 0 0.3 0 0 0.7 0.5 0 0 0 0 0 0 0.357807 0.407025 0.407025 
0 0 0.444538 0.333568 0.333568 0.115451 0.115451 1 1 0 0 0.4 0.4 0.588449 0 0 0 0 0.4 0.0292094 0 0 0 0 0 0.43111 0 0 0.570372 0.5 0 0 0 0 0 0 0.357807 0.407025 0.407025 
0 0 0.445334 0.334363 0.334363 0.18659 0.18659 1 1 0 0 0.4 0.4 0.654972 0 0 0 0 0.4 0.0292094 0 0 0 0 0 0.54889 0 0 0.329628 0.5 0 0 0 0 0 0 0.357807 0.407025 0.407025 
0 0 0.446426 0.335456 0.335456 0.26239 0.26239 1 1 0 0 0.4 0.4 0.5672 0 0 0 0 0.4 0.0292094 0 0 0 0 0 0.6 0 0 0.2 0.5 0 0 0 0 0 0 0.357807 0.407025 0.407025 
0 0 0.447804 0.336834 0.336834 0.335861 0.335861 1 1 0 0 0.4 0.4 0.323648 0 0 0 0 0.296295 0.185415 0 0 0 0 0 0.6 0 0 0.2 0.551853 0 0 0 0 0 0 0.458625 0.301498 0.301498 
0 0 0.449454 0.338484 0.338484 0.4 0.4 1 1 0 0 0.4 0.4 0.0341184 0 0 0 0 0.103705 0.488057 0 0 0 0 0 0.6 0 0 0.2 0.648147 0 0 0 0 0 0 0.645851 0.105527 0.105527 
0 0 0.451365 0.340395 0.340395 0.4 0.4 1 1 0 0 0.4 0.4 0 0 0 0 0.291093 0 0.68821 0 0 0 0 0 0.6 0 0 0.2 0.7 0 0 0 0 0 0 0.746669 0 0 
0 0 0.453524 0.342554 0.342554 0.4 0.4 1 1 0 0 0.4 0.4 0 0 0 0 0.291093 0 0.539992 0 0 0 0 0 0.6 0 0 0.2 0.7 0 0 0 0 0 0 0.746669 0 0 
0 0 0.455919 0.344949 0.344949 0.4 0.4 1 1 0 0 0.4 0.4 0 0 0 0 0.291093 0 0.358808 0 0 0 0 0 0.6 0 0 0.2 0.7 0 0 0 0 0 0 0.746669 0 0 
0 0 0.458538 0.347568 0.347568 0.4 0.4 1 1 0 0 0.4 0.4 0 0 0 0 0.0143091 0 0.358808 0 0 0 0 0 0.6 0 0 0.2 0.7 0 0 0 0 0 0 0.746669 0 0.121668 
0 0 0.461369 0.350399 0.350399 0.4 0.4 1 1 0 0 0.4 0.4 0.204829 0 0 0 0 0 0.358808 0 0 0 0 0 0.6 0 0 0.2 0.7 0 0 0 0 0 0 0.746669 0 0.357412 
0 0 0.464399 0.353429 0.353429 0.4 0.4 1 1 0 0 0.4 0.4 0.386398 0 0 0 0 0 0.358808 0 0 0 0 0 0.6 0 0 0.2 0.7 0 0 0 0 0 0 0.746669 0 0.513367 
0 0 0.467616 0.356646 0.356646 0.4 0.4 1 1 0 0 0.4 0.4 0.464631 0 0 0 0 0 0.380368 0.00827136 0.00827136 0 0 0 0.6 0 0 0.2 0.7 0 0 0 0 0 0 0.84 0 0.482395 
0 0 0.471008 0.360038 0.360038 0.4 0.4 1 1 0 0 0.4 0.4 0.464522 0 0 0 0 0 0.409019 0.023633 0.023633 0 0 0 0.6 0 0 0.2 0.7 0 0 0 0 0 0 0.989631 0 0.371625 
0 0 0.474563 0.363593 0.363593 0.4 0.4 1 1 0 0 0.4 0.4 0.398 0 0 0 0 0 0.390712 0.0319043 0.0319043 0 0 0 0.6 0 0 0.2 0.7 0 0 0 0 0 0 1 0.0319043 0.308583 
0 0 0.478269 0.367299 0.367299 0.4 0.4 1 1 0 0 0.296295 0.296295 0.254044 0 0 0 0 0.0518527 0.262836 0.0236327 0.0236327 0 0 0 0.488146 0 0 0.225926 0.518516 0 0 0 0 0 0 0.685427 0.20141 0.368328 
0 0 0.482113 0.371143 0.371143 0.4 0.4 1 1 0 0 0.103705 0.103705 0.0854856 0 0 0 0 0.148147 0.0880079 0.00827163 0.00827163 0 0 0 0.265187 0 0 0.274074 0.181484 0 0 0 0 0 0 0.231609 0.423077 0.475795 
0 0 0.486083 0.375113 0.375113 0.4 0.4 1 1 0 0 0 0 0 0 0 0 0 0.2 0 0 0 0 0 0 0.1 0 0 0.3 0 0 0 0 0 0 0 0 0.533323 0.533323 
0 0 0.490167 0.379197 0.379197 0.4 0.4 1 1 0 0 0 0 0.179581 0 0 0 0 0.2 0 0 0 0 0 0 0.136249 0 0 0.3 0 0 0 0 0 0 0 0 0.533323 0.533323 
0 0 0.494353 0.383383 0.383383 0.4 0.4 1 1 0 0 0 0 0.357749 0 0 0 0 0.2 0 0 0 0 0 0 0.2 0 0 0.3 0 0 0 0 0 0 0 0 0.533323 0.533323 
0 0 0.498629 0.387658 0.387658 0.4 0.4 1 1 0 0 0 0 0.154369 0 0 0 0 0.2 0.171076 0 0 0 0 0 0.0937521 0 0 0.150003 0 0 0 0 0 0 0 0.135395 0.281299 0.281299 
0 0 0.502981 0.392011 0.392011 0.4 0.4 1 1 0 0 0 0 0 0 0 0 0.119823 0.2 0.449224 0 0 0 0 0 0 0 0 0 0 0 0 0 0 0 0 0.270795 0 0 
0 0 0.507399 0.396429 0.396429 0.4 0.4 1 1 0 0 0 0 0 0 0 0 0.119823 0.2 0.613104 0 0 0 0 0 0 0 0 0 0 0 0 0 0 0 0 0.270795 0.134975 0.134975 
0 0 0.51187 0.4009 0.4009 0.4 0.4 1 1 0 0 0 0 0 0 0 0 0.119823 0.2 0.658673 0 0 0 0 0 0 0 0 0 0 0 0 0 0 0 0 0.270795 0.299219 0.299219 
0 0 0.516382 0.405411 0.405411 0.4 0.4 1 1 0 0 0 0 0.0407117 0 0 0 0 0.2 0.52881 0 0 0 0 0 0 0 0 0 0.210005 0 0 0 0 0 0 0.236388 0.299219 0.299219 
0 0 0.520921 0.409951 0.409951 0.4 0.4 1 1 0 0 0 0 0.152165 0 0 0 0 0.2 0.359218 0 0 0 0 0 0 0 0 0 0.5 0 0 0 0 0 0 0.180971 0.299219 0.299219 
0 0 0.525478 0.414507 0.414507 0.4 0.4 1 1 0 0 0 0 0.197501 0 0 0 0 0.2 0.275317 0 0 0 0 0 0 0 0 0 0.666668 0 0 0 0 0 0 0.124471 0.299219 0.332882 
0 0 0.530038 0.419068 0.419068 0.4 0.4 1 1 0 0 0 0 0.223493 0 0 0 0 0.2 0.212643 0 0 0 0 0 0 0 0 0 0.793333 0 0 0 0 0 0 0.0692558 0.299219 0.383997 
0 0 0.53459 0.42362 0.42362 0.4 0.4 1 1 0 0 0 0 0.228157 0 0 0 0 0.2 0.148825 0 0 0 0 0 0 0 0 0 0.8 0 0 0 0 0 0 0.0606786 0.299219 0.377764 
0 0 0.539122 0.428152 0.428152 0.4 0.4 1 1 0 0 0 0 0.144274 0 0 0 0 0.599991 0.056453 0 0 0 0 0 0 0 0 0.0749982 0.430007 0 0 0 0 0 0 0.20294 0.149613 0.173925 
0 0 0.543621 0.432651 0.432651 0.4 0.4 1 1 0 0 0 0 0.118851 0 0 0 0 1 0 0 0 0 0 0 0 0 0 0.2 0.1 0 0 0 0 0 0 0.330277 0 0 
0 0 0.548076 0.437105 0.437105 0.4 0.4 1 1 0 0 0.0335993 0.0335993 0.281445 0 0.103998 0 0 1 0 0 0 0 0 0 0 0 0 0.315998 0.172798 0 0 0 0 0 0 0.330277 0 0 
0 0 0.552473 0.441503 0.441503 0.4 0.4 1 1 0 0 0.116801 0.116801 0.509572 0 0.352002 0 0 1 0 0 0 0 0 0 0 0 0 0.448001 0.346401 0 0 0 0 0 0 0.330277 0 0 
0 0 0.556801 0.445831 0.445831 0.4 0.4 1 1 0 0 0.223199 0.223199 0.744509 0 0.647998 0 0 1 0 0 0 0 0 0 0 0 0 0.571999 0.553599 0 0 0 0 0 0 0.330277 0 0 
0 0 0.561048 0.450078 0.450078 0.4 0.4 1 1 0 0 0.326401 0.326401 0.927559 0 0.896002 0 0 1 0 0 0 0 0 0 0 0 0 0.664001 0.727202 0 0 0 0 0 0 0.330277 0 0 
0 0 0.565202 0.454231 0.454231 0.4 0.4 1 1 0 0 0.4 0.4 1 0 1 0 0 1 0 0 0 0 0 0 0 0 0 0.7 0.8 0 0 0 0 0 0 0.330277 0 0 
0 0 0.569249 0.458279 0.458279 0.4 0.4 1 1 0 0 0.4392 0.4392 0.933253 0 1 0 0 0.935199 0 0 0 0 0 0 0 0 0 0.7 0.8 0 0 0 0 0 0 0.306505 0.0360855 0.0360855 
0 0 0.573179 0.462208 0.462208 0.4 0.4 1 1 0 0 0.4616 0.4616 0.76646 0 1 0 0 0.769601 0 0 0 0 0 0 0 0 0 0.7 0.8 0 0 0 0 0 0 0.245756 0.128301 0.128301 
0 0 0.576978 0.466008 0.466008 0.4 0.4 1 1 0 0 0.4744 0.4744 0.542492 0 1 0 0 0.546399 0 0 0 0 0 0 0 0 0 0.7 0.8 0 0 0 0 0 0 0.163874 0.252594 0.252594 
0 0 0.580635 0.469664 0.469664 0.4 0.4 1 1 0 0 0.4848 0.4848 0.304231 0 1 0 0 0.308796 0 0 0 0 0 0 0 0 0 0.7 0.8 0 0 0 0 0 0 0.0767096 0.384906 0.384906 
0 0 0.584137 0.473166 0.473166 0.4 0.4 1 1 0 0 0.5 0.5 0.0945622 0 1 0 0 0.1 0 0 0 0 0 0 0 0 0 0.7 0.8 0 0 0 0 0 0 0.000112963 0.501177 0.501177 
