0 0 0 0 0 0 0 0 0 0 0 0 0 0 0 0 0 0 0 0 0 0 0 0 0 0 0 0 0 0 0 0 0 0 0 0 0 0 0 
0 0 0 0 0 0 0 0 0 0 0 0 0 0 0 0 0 0 0 0 0 0 0 0 0 0 0 0 0 0 0 0 0 0 0 0 0 0 0 
0 0 0 0 0 0 0 0 0 0 0 0 0 0 0 0 0 0 0 0 0 0 0 0 0 0 0 0 0 0 0 0 0 0 0 0 0 0 0 
0 0 0 0 0 0 0 0 0 0 0 0 0 0 0 0 0 0 0 0 0 0 0 0 0 0 0 0 0 0 0 0 0 0 0 0 0 0 0 
0 0 0 0 0 0 0 0 0 0 0 0 0 0 0 0 0 0 0 0 0 0 0 0 0 0 0 0 0 0 0 0 0 0 0 0 0 0 0 
0 0 0 0 0 0 0 0 0 0 0 0 0 0 0 0 0 0 0 0 0 0 0 0 0 0 0 0 0 0 0 0 0 0 0 0 0 0 0 
0 0 0 0 0 0 0 0 0 0 0 0 0 0 0 0 0 0 0 0 0 0 0 0 0 0 0 0 0 0 0 0 0 0 0 0 0 0 0 
0 0 0 0 0 0 0 0 0 0 0 0 0 0 0 0 0 0 0 0 0 0 0 0 0 0 0 0 0 0 0 0 0 0 0 0 0 0 0 
0 0 0 0 0 0 0 0 0 0 0 0 0 0 0 0 0 0 0 0 0 0 0 0 0 0 0 0 0 0 0 0 0 0 0 0 0 0 0 
0 0 0 0 0 0 0 0 0 0 0 0 0 0 0 0 0 0 0 0 0 0 0 0 0 0 0 0 0 0 0 0 0 0 0 0 0 0 0 
0 0 0 0 0 0 0 0 0 0 0 0 0 0 0 0 0 0 0 0 0 0 0 0 0 0 0 0 0 0 0 0 0 0 0 0 0 0 0 
0 0 0 0 0 0 0 0 0 0 0 0 0 0 0 0 0 0 0 0 0 0 0 0 0 0 0 0 0 0 0 0 0 0 0 0 0 0 0 
0 0 0 0 0 0 0 0 0 0 0 0 0 0 0 0 0 0 0 0 0 0 0 0 0 0 0 0 0 0 0 0 0 0 0 0 0 0 0 
0 0 0 0 0 0 0 0 0 0 0 0 0 0 0 0 0 0 0 0 0 0 0 0 0 0 0 0 0 0 0 0 0 0 0 0 0 0 0 
0 0 0 0 0 0 0 0 0 0 0 0 0 0 0 0 0 0 0 0 0 0 0 0 0 0 0 0 0 0 0 0 0 0 0 0 0 0 0 
0.00308025 0.0056069 0 0 0 0 0 0.0435103 0.0435103 0.000313697 0.00127678 0.0335322 0.0335322 0 0 0 0 0 0 0 0 0 0 0 0 0 0 0 0 0 0 0 0 0 0 0 0 0 0 
0.0105608 0.0192236 0 0 0 0.000498869 0.00219337 0.150558 0.150558 0.00891721 0.0152469 0.121697 0.121697 0 0 0 0 0 0 0 0 0 0 0 0 0 0 0 0 0 0 0 0 0 0 0 0 0 0 
0.0198016 0.0360443 0 0 0 0.00587543 0.011316 0.285919 0.285919 0.0373042 0.0571202 0.245846 0.245846 0 0 0.064396 0 0.000273276 0.0028125 0 0 0 0.0432028 0.0115328 0.0111755 0 0.0350703 0.0350703 0.0907296 0.0929466 0 0 0 0 0 0 0.140284 0 0.00742564 
0.0281622 0.051263 0 0 0 0.0188949 0.0314612 0.414368 0.414368 0.0969683 0.142106 0.387331 0.387331 0 0 0.207953 0 0.00109942 0.009375 0 0 0 0.102031 0.0414306 0.0401588 0 0.0851406 0.0851406 0.213938 0.233292 0 0 0 0 0 0 0.365313 0 0.0270023 
0.0365229 0.0664817 0 0 0 0.0480295 0.0750831 0.547648 0.547648 0.221041 0.318689 0.527505 0.527505 0 0 0.356228 0 0.00248791 0.0183333 0 0 0 0.13428 0.0826428 0.0801352 0 0.117445 0.117445 0.273863 0.315918 0 0 0 0 0 0 0.504201 0 0.0546796 
0.0457636 0.0833023 0 0 0 0.0905991 0.138306 0.697499 0.697499 0.395364 0.568471 0.64772 0.64772 0 0 0.434774 0 0.00444822 0.0291667 0 0 0 0.166851 0.128119 0.12429 0 0.151956 0.151956 0.32343 0.376334 0 0 0 0 0 0 0.59569 0 0.0864073 
0.0532442 0.0969191 0 0 0 0.133044 0.200888 0.828698 0.828698 0.560501 0.806341 0.729327 0.729327 0 0 0.457985 0 0.00698982 0.0403125 0 0 0 0.197226 0.170808 0.165808 0 0.18507 0.18507 0.362204 0.417746 0 0 0 0 0 0 0.66048 0 0.118135 
0.0563245 0.102526 0 0 0 0.161805 0.242589 0.90602 0.90602 0.657011 0.947184 0.770605 0.770605 0 0 0.48563 0 0.0101222 0.0502083 0 0 0 0.222888 0.203659 0.197875 0 0.213185 0.213185 0.389748 0.443357 0 0 0 0 0 0 0.719271 0 0.145812 
0.0562871 0.102458 0 0 0 0.177014 0.263353 0.937935 0.937935 0.693287 1 0.788928 0.788928 0 0 0.511328 0 0.0138548 0.0572917 0 0 0 0.241318 0.221481 0.215379 0 0.232696 0.232696 0.405284 0.456373 0 0 0 0 0 0 0.74604 0 0.165389 
0.0561832 0.102269 0 0 0 0.188288 0.277548 0.958411 0.958411 0.718834 1 0.794299 0.794299 0 0 0.528699 0 0.0181971 0.06 0 0 0 0.25 0.228155 0.222337 0 0.24 0.24 0.411024 0.46 0 0 0 0 0 0 0.741463 0 0.172815 
0.0560248 0.101977 0 0 0 0.196299 0.28657 0.970471 0.970471 0.735891 1 0.79609 0.79609 0 0 0.53886 0 0.0273231 0.06 0 0 0 0.252929 0.230238 0.225628 0 0.24 0.24 0.411021 0.46 0 0 0 0 0 0 0.741463 0 0.172815 
0.0558239 0.101602 0 0 0 0.201717 0.291815 0.977134 0.977134 0.746695 1 0.797142 0.797142 0 0 0.547266 0 0.0406725 0.06 0 0 0 0.255767 0.232104 0.229083 0 0.24 0.24 0.409328 0.46 0 0 0 0 0 0 0.741463 0 0.172815 
0.0555927 0.101163 0 0 0 0.205212 0.294678 0.981423 0.981423 0.753483 1 0.797649 0.797649 0 0 0.554038 0 0.0511539 0.06 0 0 0 0.258491 0.23377 0.231992 0 0.24 0.24 0.41 0.46 0 0 0 0 0 0 0.741463 0 0.172815 
0.0553433 0.10068 0 0 0 0.207455 0.296555 0.986358 0.986358 0.758494 1 0.79781 0.79781 0 0 0.559302 0 0.0567253 0.06 0 0 0 0.261081 0.235257 0.234412 0 0.24 0.24 0.413278 0.46 0 0 0 0 0 0 0.741463 0 0.172815 
0.0550674 0.100138 0 0 0 0.20846 0.297362 0.991776 0.991776 0.761624 1 0.79782 0.79782 0 0 0.563181 0 0.0603456 0.06 0 0 0 0.263517 0.236584 0.236401 0 0.24 0.24 0.416459 0.46 0 0 0 0 0 0 0.741463 0 0.172815 
0.0547559 0.0995223 0 0 0 0.207997 0.296341 0.99566 0.99566 0.761702 1 0.79782 0.79782 0 0 0.565798 0 0.0624246 0.06 0 0 0 0.265777 0.237771 0.23802 0 0.24 0.24 0.419181 0.46 0 0 0 0 0 0 0.741463 0 0.172815 
0.05442 0.0988563 0 0 0 0.206372 0.293876 0.998248 0.998248 0.759362 1 0.79782 0.79782 0 0 0.567278 0 0.0633716 0.06 0 0 0 0.267841 0.23884 0.239325 0 0.24 0.24 0.42108 0.46 0 0 0 0 0 0 0.741463 0 0.172815 
0.0540705 0.0981619 0 0 0 0.203893 0.290352 0.999782 0.999782 0.755237 1 0.79782 0.79782 0 0 0.567744 0 0.0635962 0.06 0 0 0 0.269688 0.23981 0.240376 0 0.24 0.24 0.421794 0.46 0 0 0 0 0 0 0.741463 0 0.172815 
0.0537186 0.0974616 0 0 0 0.200866 0.286155 1 1 0.749961 1 0.79782 0.79782 0 0 0.566855 0 0.0635689 0.0600074 0 0 0 0.273094 0.240701 0.241231 0 0.24003 0.24003 0.421794 0.460057 0 0 0 0 0 0 0.741463 0 0.172815 
0.0533753 0.0967778 0 0 0 0.197599 0.28167 1 1 0.744168 1 0.79782 0.79782 0 0 0.564418 0 0.0634903 0.0600277 0 0 0 0.279115 0.241534 0.241949 0 0.240111 0.240111 0.421794 0.460212 0 0 0 0 0 0 0.741463 0 0.172815 
0.0530516 0.0961328 0 0 0 0.194399 0.277281 1 1 0.738493 1 0.79782 0.79782 0 0 0.560776 0 0.0633656 0.0600581 0 0 0 0.286655 0.242329 0.242588 0 0.240233 0.240233 0.421794 0.460446 0 0 0 0 0 0 0.741463 0 0.172815 
0.0527586 0.0955489 0 0 0 0.191571 0.273374 1 1 0.733568 1 0.79782 0.79782 0 0 0.556271 0 0.0631999 0.060096 0 0 0 0.294612 0.243105 0.243207 0 0.240384 0.240384 0.421794 0.460736 0 0 0 0 0 0 0.741463 0 0.172815 
0.0525073 0.0950485 0 0 0 0.189424 0.270333 1 1 0.730028 1 0.79782 0.79782 0 0 0.551246 0 0.0629983 0.0601384 0 0 0 0.301888 0.243883 0.243864 0 0.240554 0.240554 0.421794 0.461061 0 0 0 0 0 0 0.741463 0 0.172815 
0.0522824 0.0946006 0 0 0 0.1877 0.267826 1 1 0.727376 1 0.79782 0.79782 0 0 0.546045 0 0.0627658 0.0601827 0 0 0 0.307383 0.244684 0.244618 0 0.240731 0.240731 0.421794 0.461401 0 0 0 0 0 0 0.741463 0 0.172815 
0.0520639 0.0941651 0 0 0 0.185958 0.265292 1 1 0.72472 1 0.79782 0.79782 0 0 0.54101 0 0.0625076 0.0602261 0 0 0 0.31 0.245527 0.245527 0 0.240904 0.240904 0.421794 0.461733 0 0 0 0 0 0 0.741463 0 0.172815 
0.0518558 0.09375 0 0 0 0.184229 0.262778 1 1 0.722103 1 0.79782 0.79782 0 0 0.536485 0 0.0622288 0.0602657 0 0 0 0.310185 0.246383 0.246505 0 0.241063 0.241063 0.421794 0.462037 0 0 0 0 0 0 0.741463 0 0.172815 
0.0516623 0.0933635 0 0 0 0.182543 0.260326 1 1 0.719567 1 0.79782 0.79782 0 0 0.532036 0 0.0619345 0.060299 0 0 0 0.309242 0.24721 0.24743 0 0.241196 0.241196 0.421794 0.462292 0 0 0 0 0 0 0.741463 0 0.172815 
0.0514874 0.093014 0 0 0 0.180932 0.257982 1 1 0.717153 1 0.79782 0.79782 0 0 0.527171 0 0.0616297 0.060323 0 0 0 0.307357 0.248011 0.248305 0 0.241292 0.241292 0.421794 0.462476 0 0 0 0 0 0 0.741463 0 0.172815 
0.0513352 0.0927096 0 0 0 0.179425 0.255792 1 1 0.714905 1 0.79782 0.79782 0 0 0.52214 0 0.0613197 0.0603349 0 0 0 0.304718 0.248788 0.249135 0 0.24134 0.24134 0.421794 0.462568 0 0 0 0 0 0 0.741463 0 0.172815 
0.0512097 0.0924585 0 0 0 0.178055 0.253799 1 1 0.712864 1 0.79782 0.79782 0 0 0.517196 0 0.0610095 0.0603322 0 0 0 0.30151 0.249543 0.249925 0 0.241329 0.241329 0.421794 0.462547 0 0 0 0 0 0 0.741463 0 0.172815 
0.0511151 0.092269 0 0 0 0.176851 0.252048 1 1 0.711072 1 0.79782 0.79782 0 0 0.512589 0 0.0607042 0.0603119 0 0 0 0.29792 0.250279 0.250678 0 0.241248 0.241248 0.421794 0.462391 0 0 0 0 0 0 0.741463 0 0.172815 
0.0510553 0.0921493 0 0 0 0.175844 0.250584 1 1 0.709572 1 0.79782 0.79782 0 0 0.508572 0 0.0604088 0.0602713 0 0 0 0.294135 0.250998 0.251399 0 0.241085 0.241085 0.421794 0.46208 0 0 0 0 0 0 0.741463 0 0.172815 
0.0510344 0.0921075 0 0 0 0.175066 0.249452 1 1 0.708407 1 0.79782 0.79782 0 0 0.505394 0 0.0601287 0.0602076 0 0 0 0.29034 0.251703 0.252093 0 0.24083 0.24083 0.421794 0.461592 0 0 0 0 0 0 0.741463 0 0.172815 
0.0510344 0.0921075 0 0 0 0.174516 0.248653 1 1 0.707578 1 0.79782 0.79782 0 0 0.503673 0 0.0598512 0.0601181 0 0 0 0.286723 0.252395 0.252764 0 0.240472 0.240472 0.421794 0.460905 0 0 0 0 0 0 0.741463 0 0.172815 
0.0510344 0.0921075 0 0 0 0.174156 0.248129 1 1 0.707036 1 0.79782 0.79782 0 0 0.50337 0 0.0595593 0.06 0 0 0 0.283469 0.253076 0.253415 0 0.24 0.24 0.421794 0.46 0 0 0 0 0 0 0.741463 0 0.172815 
0.0510344 0.0921075 0 0 0 0.173959 0.247843 1 1 0.70674 1 0.79782 0.79782 0 0 0.503755 0 0.0592503 0.0598236 0 0 0 0.280392 0.25375 0.254053 0 0.239294 0.239294 0.421794 0.458648 0 0 0 0 0 0 0.741463 0 0.172815 
0.0510344 0.0921075 0 0 0 0.173898 0.247754 1 1 0.706647 1 0.79782 0.79782 0 0 0.504097 0 0.0589219 0.0595701 0 0 0 0.277193 0.254419 0.25468 0 0.238281 0.238281 0.421794 0.456704 0 0 0 0 0 0 0.741463 0 0.172815 
0.0510344 0.0921075 0 0 0 0.173945 0.247823 1 1 0.706719 1 0.79782 0.79782 0 0 0.503666 0 0.0585715 0.0592532 0 0 0 0.273894 0.255085 0.255301 0 0.237013 0.237013 0.421794 0.454275 0 0 0 0 0 0 0.741463 0 0.172815 
0.0510344 0.0921075 0 0 0 0.174074 0.24801 1 1 0.706913 1 0.79782 0.79782 0 0 0.501731 0 0.0581969 0.0588864 0 0 0 0.270517 0.25575 0.25592 0 0.235546 0.235546 0.421794 0.451462 0 0 0 0 0 0 0.741463 0 0.172815 
0.0510344 0.0921075 0 0 0 0.174257 0.248276 1 1 0.707188 1 0.79782 0.79782 0 0 0.498092 0 0.0577954 0.0584833 0 0 0 0.267083 0.256416 0.256543 0 0.233933 0.233933 0.421794 0.448372 0 0 0 0 0 0 0.741463 0 0.172815 
0.0510344 0.0921075 0 0 0 0.174468 0.248582 1 1 0.707505 1 0.79782 0.79782 0 0 0.493294 0 0.0573647 0.0580576 0 0 0 0.263613 0.257086 0.257173 0 0.23223 0.23223 0.421794 0.445108 0 0 0 0 0 0 0.741463 0 0.172815 
0.0510344 0.0921075 0 0 0 0.174678 0.248888 1 1 0.707821 1 0.79782 0.79782 0 0 0.487722 0 0.0568306 0.0576228 0 0 0 0.260129 0.257763 0.257814 0 0.230491 0.230491 0.421794 0.441775 0 0 0 0 0 0 0.741463 0 0.172815 
0.0510344 0.0921075 0 0 0 0.174861 0.249154 1 1 0.708097 1 0.79782 0.79782 0 0 0.481764 0 0.0561707 0.0571925 0 0 0 0.256652 0.258447 0.258472 0 0.22877 0.22877 0.421794 0.438476 0 0 0 0 0 0 0.741463 0 0.172815 
0.0510344 0.0921075 0 0 0 0.17499 0.249341 1 1 0.708291 1 0.79782 0.79782 0 0 0.475805 0 0.0554605 0.0567804 0 0 0 0.253204 0.259143 0.25915 0 0.227122 0.227122 0.421794 0.435316 0 0 0 0 0 0 0.741463 0 0.172815 
0.0510344 0.0921075 0 0 0 0.175037 0.24941 1 1 0.708362 1 0.79782 0.79782 0 0 0.470233 0 0.0547754 0.0564 0 0 0 0.249805 0.259852 0.259852 0 0.2256 0.2256 0.421794 0.4324 0 0 0 0 0 0 0.741463 0 0.172815 
