0 0 0.235853 0.43779 0.43779 0 0 0 0 0.8 0.8 0 0 0 0 0 0 0.581734 0 0.879994 0 0 0 0 0 0 0.3 0.3 0 0 0 0.8 0.8 0 0 0 0.000112963 0 0 
0 0 0.235853 0.49094 0.49094 0 0 0 0 0.8 0.8 0 0 0 0 0 0 0.58641 0 0.879994 0 0 0 0 0 0 0.298796 0.298796 0 0 0 0.8 0.8 0 0 0 0.000112963 0 0 
0 0 0.235853 0.544079 0.544079 0 0 0 0 0.8 0.8 0 0 0 0 0 0 0.590335 0 0.879994 0 0 0 0 0 0 0.295306 0.295306 0 0 0 0.8 0.8 0 0 0 0.000112963 0 0 
0 0 0.235853 0.591264 0.591264 0 0 0 0 0.8 0.8 0 0 0 0 0 0 0.593546 0 0.879994 0 0 0 0 0 0 0.289712 0.289712 0 0 0 0.8 0.8 0 0 0 0.000112963 0 0 
0 0 0.235853 0.626553 0.626553 0 0 0 0 0.8 0.8 0 0 0 0 0 0 0.596079 0 0.876868 0 0 0 0 0 0 0.282198 0.282198 0 0.0270835 0 0.8 0.8 0 0 0 0.000112963 0 0 
0 0 0.235853 0.644004 0.644004 0 0 0 0 0.8 0.8 0 0 0 0 0 0 0.59797 0 0.86764 0 0 0 0 0 0 0.272946 0.272946 0 0.1 0 0.8 0.8 0 0 0 0.000112963 0 0 
0 0 0.235853 0.637673 0.637673 0 0 0 0 0.8 0.8 0 0 0 0 0 0 0.599255 0 0.852531 0 0 0 0 0 0 0.26214 0.26214 0 0.20625 0 0.8 0.8 0 0 0 0.000112963 0 0 
0 0 0.232246 0.606213 0.606213 0.0186949 0.0186949 0.00326124 0.00326124 0.8 0.8 0 0 0 0 0 0 0.59997 0 0.831763 0 0 0 0 0 0 0.249962 0.249962 0 0.333333 0 0.8 0.8 0 0 0 0.000112963 0 0 
0 0 0.222602 0.555885 0.555885 0.0691359 0.0691359 0.0126173 0.0126173 0.8 0.8 0 0 0 0 0 0 0.600151 0 0.805557 0 0 0 0 0 0 0.236595 0.236595 0 0.46875 0 0.8 0.8 0 0 0 0.000112963 0 0 
0 0 0.208693 0.492157 0.492157 0.142857 0.142857 0.0274265 0.0274265 0.8 0.8 0 0 0 0 0 0 0.599833 0 0.774135 0 0 0 0 0 0 0.222222 0.222222 0 0.6 0 0.8 0.8 0 0 0 0.000112963 0 0 
0 0 0.192287 0.420502 0.420502 0.231393 0.231393 0.0470475 0.0470475 0.8 0.8 0 0 0 0 0 0 0.599054 0 0.737718 0 0 0 0 0 0 0.207026 0.207026 0 0.714583 0 0.8 0.8 0 0 0 0.000112963 0 0 
0 0 0.175156 0.346389 0.346389 0.326279 0.326279 0.0708385 0.0708385 0.8 0.8 0 0 0 0 0 0 0.597849 0 0.69653 0 0 0 0 0 0 0.19119 0.19119 0 0.8 0 0.8 0.8 0 0 0 0.000112963 0 0 
0 0 0.159067 0.275287 0.275287 0.419048 0.419048 0.0981582 0.0981582 0.8 0.8 0 0 0 0.0242987 0 0 0.596254 0 0.641981 0 0 0 0 0 0 0.174897 0.174897 0 0.860058 0 0.8 0.777842 0 0 0 0.000106705 0 0 
0 0 0.145793 0.212669 0.212669 0.501235 0.501235 0.128365 0.128365 0.8 0.8 0 0 0 0.0869634 0 0 0.594305 0 0.570463 0 0 0 0 0 0 0.15833 0.15833 0 0.907677 0 0.8 0.7207 0 0 0 9.05676e-05 0 0 
0 0 0.137101 0.164004 0.164004 0.564374 0.564374 0.160817 0.160817 0.8 0.8 0 0 0 0.172648 0 0 0.592038 0 0.489667 0 0 0 0 0 0 0.14167 0.14167 0 0.944023 0 0.8 0.642566 0 0 0 6.8502e-05 0 0 
0 0 0.134762 0.134762 0.134762 0.6 0.6 0.194873 0.194873 0.8 0.8 0 0 0 0.266005 0 0 0.589489 0 0.40728 0 0 0 0 0 0 0.125103 0.125103 0 0.970262 0 0.8 0.557434 0 0 0 4.44605e-05 0 0 
0 0 0.13854 0.122462 0.122462 0.611465 0.611465 0.229891 0.229891 0.803935 0.803935 0 0 0 0.35169 0 0 0.586694 0 0.330993 0 0 0 0 0 0 0.10881 0.10881 0 0.987561 0 0.8 0.4793 0 0 0 2.23949e-05 0 0 
0 0 0.146453 0.119877 0.119877 0.609441 0.609441 0.26523 0.26523 0.814815 0.814815 0 0 0 0.414355 0 0 0.58369 0 0.268496 0 0 0 0 0 0 0.0929736 0.0929736 0 0.997085 0 0.8 0.422157 0 0 0 6.25739e-06 0 0 
0 0 0.15765 0.12536 0.12536 0.59644 0.59644 0.300248 0.300248 0.83125 0.83125 0 0 0 0.438653 0 0 0.580511 0 0.227477 0 0 0 0 0 0 0.0777778 0.0777778 0 1 0 0.8 0.4 0 0 0 0 0 0 
0 0 0.171279 0.137263 0.137263 0.574975 0.574975 0.334304 0.334304 0.851852 0.851852 0.00267491 0.00267491 0 0.438995 0 0 0.577195 0 0.206803 0 0 0 0 0 0 0.063405 0.063405 0 1 0 0.786283 0.4 0 0 0 0 0.0096979 0.0096979 
0 0 0.186492 0.153937 0.153937 0.547556 0.547556 0.366756 0.366756 0.875232 0.875232 0.0102881 0.0102881 0 0.439911 0 0 0.573778 0 0.198389 0 0 0 0 0 0 0.0500381 0.0500381 0 1 0 0.74952 0.4 0 0 0 0 0.0356882 0.0356882 
0 0 0.202436 0.173735 0.173735 0.516698 0.516698 0.396963 0.396963 0.9 0.9 0.0222222 0.0222222 0 0.441237 0 0 0.570294 0 0.199501 0 0 0 0 0 0 0.0378601 0.0378601 0 1 0 0.696296 0.4 0 0 0 0 0.0733158 0.0733158 
0 0 0.218261 0.195008 0.195008 0.484912 0.484912 0.424283 0.424283 0.924769 0.924769 0.0378601 0.0378601 0 0.44281 0 0 0.566781 0 0.207404 0 0 0 0 0 0 0.0270538 0.0270538 0 1 0 0.633196 0.4 0 0 0 0 0.117926 0.117926 
0 0 0.233117 0.216108 0.216108 0.454711 0.454711 0.448074 0.448074 0.948148 0.948148 0.0565844 0.0565844 0 0.444464 0 0 0.563274 0 0.219363 0 0 0 0 0 0 0.0178022 0.0178022 0 1 0 0.566804 0.4 0 0 0 0 0.164864 0.164864 
0 0 0.246152 0.235389 0.235389 0.428607 0.428607 0.467695 0.467695 0.96875 0.96875 0.0777778 0.0777778 0 0.446037 0 0 0.559809 0 0.232645 0 0 0 0 0 0 0.0102881 0.0102881 0 1 0 0.503704 0.4 0 0 0 0 0.209474 0.209474 
0 0 0.256516 0.251201 0.251201 0.409112 0.409112 0.482504 0.482504 0.985185 0.985185 0.100823 0.100823 0 0.447363 0 0 0.556423 0 0.244514 0 0 0 0 0 0 0.00469441 0.00469441 0 1 0 0.45048 0.4 0 0 0 0 0.247101 0.247101 
0 0 0.263358 0.261897 0.261897 0.398739 0.398739 0.49186 0.49186 0.996065 0.996065 0.125103 0.125103 0 0.448279 0 0 0.553151 0 0.252236 0 0 0 0 0 0 0.00120409 0.00120409 0 1 0 0.413717 0.4 0 0 0 0 0.273092 0.273092 
0 0 0.265828 0.265828 0.265828 0.4 0.4 0.495121 0.495121 1 1 0.15 0.15 0 0.448621 0 0 0.55003 0 0.253077 0 0 0 0 0 0 0 0 0 1 0 0.4 0.4 0 0 0 0 0.28279 0.28279 
0 0 0.265828 0.265828 0.265828 0.410107 0.410107 0.495121 0.495121 0.998899 0.998899 0.174897 0.174897 0 0.430333 0 0 0.547095 0 0.245989 0 0 0 0 0 0 0 0 0 1 0 0.4 0.4 0 0 0 0 0.28279 0.28279 
0 0 0.265828 0.265828 0.265828 0.424299 0.424299 0.495121 0.495121 0.995726 0.995726 0.199177 0.199177 0 0.381845 0 0 0.544382 0 0.233182 0 0 0 0 0 0 0 0 0 1 0 0.4 0.4 0 0 0 0 0.28279 0.28279 
0 0 0.265828 0.265828 0.265828 0.442131 0.442131 0.495121 0.495121 0.99068 0.99068 0.222222 0.222222 0 0.312717 0 0 0.541928 0 0.21681 0 0 0 0 0 0 0 0 0 1 0 0.4 0.4 0 0 0 0 0.28279 0.28279 
0 0 0.265828 0.265828 0.265828 0.463157 0.463157 0.495121 0.495121 0.983957 0.983957 0.243416 0.243416 0 0.232512 0 0 0.539768 0 0.199025 0 0 0 0 0 0 0 0 0 1 0 0.4 0.4 0 0 0 0 0.28279 0.28279 
0 0 0.265828 0.265828 0.265828 0.486932 0.486932 0.495121 0.495121 0.975754 0.975754 0.26214 0.26214 0 0.150792 0 0 0.537939 0 0.181981 0 0 0 0 0 0 0 0 0 1 0 0.4 0.4 0 0 0 0 0.28279 0.28279 
0 0 0.265828 0.265828 0.265828 0.513011 0.513011 0.495121 0.495121 0.966269 0.966269 0.277778 0.277778 0 0.0771194 0 0 0.536477 0 0.167831 0 0 0 0 0 0 0 0 0 1 0 0.4 0.4 0 0 0 0 0.28279 0.28279 
0 0 0.265828 0.265828 0.265828 0.540947 0.540947 0.495121 0.495121 0.9557 0.9557 0.289712 0.289712 0 0.021055 0 0 0.535417 0 0.158726 0 0 0 0 0 0 0 0 0 1 0 0.4 0.4 0 0 0 0 0.28279 0.28279 
0 0 0.265828 0.265828 0.265828 0.570295 0.570295 0.495121 0.495121 0.944243 0.944243 0.297325 0.297325 0 0 0.00785649 0 0.534795 0 0.156821 0 0 0 0 0 0 0 0 0 1 0 0.4 0.4 0 0 0 0 0.28279 0.28279 
0 0 0.265828 0.265828 0.265828 0.600611 0.600611 0.495121 0.495121 0.932095 0.932095 0.3 0.3 0 0 0 0 0.534649 0 0.164267 0 0 0 0 0 0 0 0 0 1 0 0.4 0.4 0 0 0 0 0.28279 0.28279 
0 0 0.265828 0.265828 0.265828 0.631447 0.631447 0.495121 0.495121 0.919454 0.919454 0.3 0.3 0 0.0771601 0 0 0.535012 0 0.183487 0.00260443 0.00260443 0 0 0 0 0 0 0 0.986971 0 0.403646 0.405271 0 0 0 0 0.296597 0.284655 
0 0 0.265828 0.265828 0.265828 0.66236 0.66236 0.495121 0.495121 0.906518 0.906518 0.3 0.3 0 0.227489 0 0 0.535923 0 0.214905 0.00962923 0.00962923 0 0 0 0 0 0 0 0.951641 0 0.415033 0.420723 0 0 0 0 0.331436 0.289719 
0 0 0.265828 0.265828 0.265828 0.692902 0.692902 0.495121 0.495121 0.893482 0.893482 0.3 0.3 0 0.417438 0 0 0.537416 0 0.257677 0.0198916 0.0198916 0 0 0 0 0 0 0 0.899645 0 0.434837 0.44581 0 0 0 0 0.377433 0.29718 
0 0 0.265828 0.265828 0.265828 0.722629 0.722629 0.495121 0.495121 0.880546 0.880546 0.3 0.3 0 0.613457 0 0 0.539528 0 0.310959 0.0322089 0.0322089 0 0 0 0 0 0 0 0.836616 0 0.463731 0.479987 0 0 0 0 0.424713 0.306241 
0 0 0.265828 0.265828 0.265828 0.751095 0.751095 0.495121 0.495121 0.867905 0.867905 0.3 0.3 0 0.781997 0 0 0.542295 0 0.373907 0.0453982 0.0453982 0 0 0 0 0 0 0 0.76819 0 0.502391 0.522712 0 0 0 0 0.463402 0.3161 
0 0 0.265828 0.265828 0.265828 0.777855 0.777855 0.495121 0.495121 0.855757 0.855757 0.3 0.3 0 0.889508 0 0 0.545752 0 0.445679 0.0582768 0.0582768 0 0 0 0 0 0 0 0.7 0 0.551491 0.573438 0 0 0 0 0.483626 0.325959 
0 0 0.265828 0.265828 0.265828 0.802463 0.802463 0.495121 0.495121 0.8443 0.8443 0.3 0.3 0 0.928644 0 0 0.533075 0 0.549775 0.0721966 0.0721966 0 0 0 0 0 0 0.0207999 0.624311 0 0.633045 0.652709 0 0 0 0 0.477364 0.336949 
0 0 0.265828 0.265828 0.265828 0.824473 0.824473 0.495121 0.495121 0.833731 0.833731 0.3 0.3 0 0.921315 0 0 0.492757 0 0.689026 0.088335 0.088335 0 0 0 0 0 0 0.0704002 0.53524 0 0.74864 0.762861 0 0 0 0 0.450956 0.349913 
0 0 0.265828 0.265828 0.265828 0.843441 0.843441 0.495121 0.495121 0.824246 0.824246 0.3 0.3 0 0.877864 0 0 0.432813 0 0.83158 0.105248 0.105248 0 0 0 0 0 0 0.1296 0.441202 0 0.868307 0.876032 0 0 0 0 0.416064 0.363615 
0 0 0.2701 0.2701 0.2701 0.858919 0.858919 0.495121 0.495121 0.816043 0.816043 0.3 0.3 0 0.80863 0 0 0.361258 0 0.945585 0.121491 0.121491 0 0 0 0 0 0 0.1792 0.350609 0 0.962082 0.964365 0 0 0 0 0.384351 0.376823 
0 0 0.282314 0.282314 0.282314 0.870464 0.870464 0.495121 0.495121 0.80932 0.80932 0.3 0.3 0 0.723954 0 0 0.286107 0 0.999192 0.13562 0.13562 0 0 0 0 0 0 0.2 0.271875 0 1 1 0 0 0 0 0.367479 0.388302 
0 0 0.301567 0.301567 0.301567 0.877629 0.877629 0.495121 0.495121 0.804274 0.804274 0.3 0.3 0 0.591734 0 0 0.203021 0 0.963116 0.148728 0.148728 0 0 0 0 0 0 0.1792 0.1988 0 1 1 0 0 0 0 0.370812 0.399863 
0 0 0.326956 0.326956 0.326956 0.87997 0.87997 0.495121 0.495121 0.801101 0.801101 0.3 0.3 0 0.405078 0 0 0.106657 0 0.85859 0.16178 0.16178 0 0 0 0 0 0 0.1296 0.125775 0 1 1 0 0 0 0 0.386575 0.412329 
0 0 0.357578 0.357578 0.357578 0.877039 0.877039 0.495121 0.495121 0.8 0.8 0.3 0.3 0 0.212136 0 0 0.00352206 0 0.729542 0.173133 0.173133 0 0 0 0 0 0 0.0704002 0.0621002 0 1 1 0 0 0 0 0.406723 0.422983 
0 0 0.39253 0.39253 0.39253 0.86022 0.86022 0.495121 0.495121 0.8 0.8 0.3 0.3 0.0363182 0.0610589 0 0 0 0 0.619899 0.181148 0.181148 0 0 0 0 0 0 0.0207999 0.0170749 0 1 1 0 0 0 0 0.423209 0.429108 
0 0 0.43091 0.43091 0.43091 0.823693 0.823693 0.495121 0.495121 0.8 0.8 0.3 0.3 0.0716455 0 0 0 0 0 0.573589 0.184184 0.184184 0 0 0 0 0 0 0 0 0 1 1 0 0 0 0 0.427987 0.427987 
0 0 0.471813 0.471813 0.471813 0.77121 0.77121 0.495121 0.495121 0.8 0.8 0.3 0.3 0.118971 0 0 0 0 0 0.573589 0.184184 0.184184 0 0 0 0 0 0 0 0 0 1 1 0 0 0 0 0.419121 0.416521 
0 0 0.514338 0.514338 0.514338 0.706525 0.706525 0.495121 0.495121 0.8 0.8 0.3 0.3 0.185098 0 0 0 0 0 0.573589 0.184184 0.184184 0 0 0 0 0 0 0 0 0 1 1 0 0 0 0 0.402361 0.396564 
0 0 0.557581 0.557581 0.557581 0.633388 0.633388 0.495121 0.495121 0.8 0.8 0.3 0.3 0.256458 0 0 0 0 0 0.573589 0.184184 0.184184 0 0 0 0 0 0 0 0 0 1 1 0 0 0 0 0.381196 0.372833 
0 0 0.60064 0.60064 0.60064 0.555553 0.555553 0.495121 0.495121 0.8 0.8 0.3 0.3 0.319486 0 0 0 0 0 0.573589 0.184184 0.184184 0 0 0 0 0 0 0 0 0 1 1 0 0 0 0 0.359114 0.350044 
0 0 0.642611 0.642611 0.642611 0.476771 0.476771 0.495121 0.495121 0.8 0.8 0.3 0.3 0.360612 0 0 0 0 0 0.573589 0.184184 0.184184 0 0 0 0 0 0 0 0 0 1 1 0 0 0 0 0.339604 0.332912 
0 0 0.682592 0.682592 0.682592 0.400796 0.400796 0.495121 0.495121 0.8 0.8 0.3 0.3 0.366271 0 0 0 0 0 0.573589 0.184184 0.184184 0 0 0 0 0 0 0 0 0 1 1 0 0 0 0 0.326154 0.326154 
0 0 0.719679 0.719679 0.719679 0.331378 0.331378 0.495121 0.495121 0.8 0.8 0.3 0.3 0.316409 0 0 0 0 0 0.573589 0.184184 0.184184 0 0 0 0 0 0 0 0 0 0.967563 0.9792 0 0 0 0 0.320229 0.326154 
0 0 0.75297 0.75297 0.75297 0.272272 0.272272 0.495121 0.495121 0.8 0.8 0.3 0.3 0.221513 0 0 0 0 0 0.573589 0.184184 0.184184 0 0 0 0 0 0 0 0 0 0.916509 0.9296 0 0 0 0 0.319488 0.326154 
0 0 0.781561 0.781561 0.781561 0.227228 0.227228 0.495121 0.495121 0.8 0.8 0.3 0.3 0.113818 0 0 0 0 0 0.573589 0.184184 0.184184 0 0 0 0 0 0 0 0 0 0.861673 0.8704 0 0 0 0 0.32171 0.326154 
0 0 0.80455 0.80455 0.80455 0.2 0.2 0.495121 0.495121 0.8 0.8 0.3 0.3 0.0255614 0 0 0 0 0 0.573589 0.184184 0.184184 0 0 0 0 0 0 0 0 0 0.817891 0.8208 0 0 0 0 0.324673 0.326154 
0 0 0.821034 0.821034 0.821034 0.191042 0.191042 0.495121 0.495121 0.8 0.8 0.3 0.3 0 0 0 0 0.0303082 0 0.573589 0.184184 0.184184 0 0 0 0 0 0 0 0 0 0.8 0.8 0 0 0 0 0.326154 0.326154 
0 0 0.83011 0.83011 0.83011 0.196549 0.196549 0.495121 0.495121 0.8 0.8 0.3 0.3 0 0 0 0 0.0311396 0 0.576585 0.184184 0.184184 0 0 0 0 0 0 0 0 0 0.8 0.8 0 0 0 0 0.326154 0.326154 
0 0 0.804081 0.804081 0.804081 0.213885 0.213885 0.495121 0.495121 0.8 0.8 0.3 0.3 0 0 0 0 0.0328024 0 0.580937 0.184184 0.184184 0 0 0 0 0 0 0 0 0 0.8 0.8 0 0 0 0 0.326154 0.326154 
0 0 0.730335 0.730335 0.730335 0.240416 0.240416 0.495121 0.495121 0.8 0.8 0.3 0.3 0 0 0 0 0.0340496 0 0.57969 0.184184 0.184184 0 0 0 0 0 0 0 0 0 0.8 0.8 0 0 0 0 0.326154 0.326154 
0 0 0.630593 0.630593 0.630593 0.273506 0.273506 0.495121 0.495121 0.8 0.8 0.3 0.3 0 0 0 0 0.0336339 0 0.565888 0.184184 0.184184 0 0 0 0 0 0 0 0 0 0.8 0.8 0 0 0 0 0.326154 0.326154 
0 0 0.526574 0.526574 0.526574 0.310518 0.310518 0.495121 0.495121 0.8 0.8 0.3 0.3 0 0 0 0 0.0303082 0 0.532579 0.184184 0.184184 0 0 0 0 0 0 0 0 0 0.8 0.8 0 0 0 0 0.326154 0.326154 
0 0 0.44 0.44 0.44 0.348817 0.348817 0.495121 0.495121 0.8 0.8 0.3 0.3 0.0664317 0 0 0 0 0 0.460602 0.177127 0.174833 0 0 0 0 0 0 0 0 0 0.8 0.8 0 0 0 0.145745 0.306345 0.307215 
0 0 0.392591 0.392591 0.392591 0.385767 0.385767 0.495121 0.495121 0.8 0.8 0.3 0.3 0.127928 0 0 0 0 0 0.354594 0.137033 0.137033 0 0 0 0 0 0 0 0 0 0.8 0.8 0 0 0 0.331016 0.242658 0.242658 
0 0 0.387136 0.387136 0.387136 0.418732 0.418732 0.495121 0.495121 0.8 0.8 0.3 0.3 0.039643 0 0 0 0 0 0.243294 0.0721383 0.0762168 0 0 0 0 0 0 0 0 0 0.8 0.8 0 0 0 0.28033 0.140745 0.139199 
0 0 0.406128 0.406128 0.406128 0.445078 0.445078 0.495121 0.495121 0.8 0.8 0.3 0.3 0 0 0 0 0.255375 0 0.155439 0.0208433 0.0228826 0 0 0 0 0 0 0 0 0 0.8 0.8 0 0 0 0.103386 0.0434106 0.0426373 
0 0 0.440845 0.440845 0.440845 0.462168 0.462168 0.495121 0.495121 0.8 0.8 0.3 0.3 0 0 0 0 0.443119 0 0.119768 0 0 0 0 0 0 0 0 0 0 0 0.8 0.8 0 0 0 0 0 0 
0 0 0.482562 0.482562 0.482562 0.467366 0.467366 0.495121 0.495121 0.8 0.8 0.378126 0.378126 0 0 0 0 0.443119 0.0937509 0.119768 0 0 0 0 0 0 0 0 0 0 0.0781258 0.8 0.8 0 0 0 0 0 0 
0 0 0.522557 0.522557 0.522557 0.465656 0.465656 0.495121 0.495121 0.800115 0.800115 0.550001 0.550001 0 0 0 0 0.443119 0.300001 0.119768 0 0 0 0 0 0 0 0 0 0 0.250001 0.8 0.8 0 0 0 0 0 0 
0 0 0.552107 0.552107 0.552107 0.463781 0.463781 0.495121 0.495121 0.800454 0.800454 0.721875 0.721875 0 0 0 0 0.443119 0.50625 0.119768 0 0 0 0 0 0 0 0 0 0 0.421875 0.8 0.8 0 0 0 0 0 0 
0 0 0.562489 0.562489 0.562489 0.461743 0.461743 0.495121 0.495121 0.801013 0.801013 0.8 0.8 0 0 0 0 0.443119 0.6 0.119768 0 0 0 0 0 0 0 0 0 0 0.5 0.8 0.8 0 0 0 0 0 0 
0 0 0.552213 0.552213 0.552213 0.459546 0.459546 0.495121 0.495121 0.801783 0.801783 0.8 0.8 0 0 0 0 0.443119 0.6 0.225863 0 0 0 0 0 0 0 0 0 0 0.421875 0.8 0.8 0 0 0 0.0683434 0 0 
0 0 0.528623 0.528623 0.528623 0.457193 0.457193 0.495121 0.495121 0.80276 0.80276 0.8 0.8 0 0 0 0 0.443119 0.6 0.465727 0 0 0 0 0 0 0 0 0 0 0.250001 0.8 0.8 0 0 0 0.230794 0 0 
0 0 0.496245 0.496245 0.496245 0.454687 0.454687 0.495121 0.495121 0.803935 0.803935 0.8 0.8 0 0 0 0 0.443119 0.6 0.721725 0 0 0 0 0 0 0 0 0 0 0.0781258 0.8 0.8 0 0 0 0.423481 0 0 
0 0 0.459605 0.459605 0.459605 0.452033 0.452033 0.495121 0.495121 0.805304 0.805304 0.8 0.8 0 0 0 0 0.443119 0.6 0.876226 0 0 0 0 0 0 0 0 0 0 0 0.8 0.8 0 0 0 0.582536 0 0 
0 0 0.423228 0.423228 0.423228 0.449233 0.449233 0.495121 0.495121 0.806859 0.806859 0.8 0.8 0 0 0 0 0.450731 0.6 0.931013 0.000689179 0.000689179 0 0 0 0 0 0 0 0 0 0.806859 0.806859 0 0 0 0.692415 0 0 
0 0 0.391641 0.391641 0.391641 0.44629 0.44629 0.495121 0.495121 0.808594 0.808594 0.8 0.8 0 0 0 0 0.470296 0.6 0.968098 0.00253618 0.00253618 0 0 0 0 0 0 0 0 0 0.82524 0.82524 0 0 0 0.781551 0 0 
0 0 0.36937 0.36937 0.36937 0.443208 0.443208 0.495121 0.495121 0.810502 0.810502 0.8 0.8 0 0 0 0 0.496908 0.6 0.990179 0.0052102 0.0052102 0 0 0 0 0 0 0 0 0 0.851852 0.851852 0 0 0 0.85203 0 0 
0 0 0.360941 0.360941 0.360941 0.43999 0.43999 0.495121 0.495121 0.812578 0.812578 0.8 0.8 0 0 0 0 0.525661 0.6 0.999956 0.00838042 0.00838042 0 0 0 0 0 0 0 0 0 0.883402 0.883402 0 0 0 0.905939 0 0 
0 0 0.360941 0.360941 0.360941 0.436639 0.436639 0.49522 0.49522 0.814815 0.814815 0.8 0.8 0 0 0 0 0.551646 0.6 1 0.0117161 0.0117161 0 0 0 0 0 0 0 0 0 0.916598 0.916598 0 0 0 0.945367 0 0 
0 0 0.360941 0.360941 0.360941 0.433159 0.433159 0.495512 0.495512 0.817206 0.817206 0.8 0.8 0 0 0 0 0.569959 0.6 0.993398 0.0148863 0.0148863 0 0 0 0 0 0 0 0 0 0.948148 0.948148 0 0 0 0.9724 0 0 
0 0 0.360941 0.360941 0.360941 0.429554 0.429554 0.495993 0.495993 0.819744 0.819744 0.8 0.8 0 0 0 0 0.575693 0.6 0.982462 0.0175603 0.0175603 0 0 0 0 0 0 0 0 0 0.97476 0.97476 0 0 0 0.989125 0 0 
0 0 0.360941 0.360941 0.360941 0.425825 0.425825 0.496657 0.496657 0.822425 0.822425 0.8 0.8 0 0 0 0 0.56394 0.6 0.970019 0.0194073 0.0194073 0 0 0 0 0 0 0 0 0 0.993141 0.993141 0 0 0 0.997629 0 0 
0 0 0.360941 0.360941 0.360941 0.421977 0.421977 0.497499 0.497499 0.82524 0.82524 0.8 0.8 0 0 0 0 0.529794 0.6 0.958771 0.0200965 0.0200965 0 0 0 0 0 0 0 0 0 1 1 0 0 0 1 0 0 
0 0 0.360941 0.360941 0.360941 0.418013 0.418013 0.498513 0.498513 0.828184 0.828184 0.8 0.8 0 0 0 0 0.404462 0.6 0.928525 0.0200965 0.0200965 0 0 0 0 0 0 0 0 0 1 1 0 0 0 1 0 0 
0 0 0.360941 0.360941 0.360941 0.413936 0.413936 0.499693 0.499693 0.83125 0.83125 0.8 0.8 0 0 0 0 0.184437 0.6 0.870425 0.0200965 0.0200965 0 0 0 0 0 0 0 0 0 1 1 0 0 0 1 0 0 
0 0 0.360941 0.360941 0.360941 0.40975 0.40975 0.501035 0.501035 0.834432 0.834432 0.8 0.8 0.0135474 0 0 0 0 0.6 0.804168 0.0200965 0.0200965 0 0 0 0 0 0 0 0 0 1 1 0 0 0 1 0 0 
0 0 0.360941 0.360941 0.360941 0.405458 0.405458 0.502533 0.502533 0.837723 0.837723 0.8 0.8 0.0609414 0 0 0 0 0.6 0.749455 0.0200965 0.0200965 0 0 0 0 0 0 0 0 0 1 1 0 0 0 1 0 0 
0 0 0.360941 0.360941 0.360941 0.401063 0.401063 0.504181 0.504181 0.841117 0.841117 0.8 0.8 0.0653116 0 0 0 0 0.6 0.708797 0.0200965 0.0200965 0 0 0 0 0 0 0 0 0 1 1 0 0 0 1 0 0 
0 0 0.360941 0.360941 0.360941 0.396568 0.396568 0.505974 0.505974 0.844607 0.844607 0.8 0.8 0.0475218 0 0 0 0 0.6 0.671449 0.0200965 0.0200965 0 0 0 0 0 0 0 0 0 1 1 0 0 0 1 0 0 
0 0 0.360941 0.360941 0.360941 0.391978 0.391978 0.507907 0.507907 0.848188 0.848188 0.8 0.8 0.0197444 0 0 0 0 0.6 0.637223 0.0200965 0.0200965 0 0 0 0 0 0 0 0 0 1 1 0 0 0 1 0 0 
0 0 0.360941 0.360941 0.360941 0.387294 0.387294 0.509974 0.509974 0.851852 0.851852 0.8 0.8 0 0 0 0 0.0160831 0.6 0.605935 0.0200965 0.0200965 0 0 0 0 0 0 0 0 0 1 1 0 0 0 1 0 0 
0 0 0.360941 0.360941 0.360941 0.382521 0.382521 0.512171 0.512171 0.855593 0.855593 0.8 0.8 0 0 0 0 0.0469818 0.6 0.577399 0.0200965 0.0200965 0 0 0 0 0 0 0 0 0 1 1 0 0 0 1 0 0 
0 0 0.360941 0.360941 0.360941 0.377661 0.377661 0.51449 0.51449 0.859405 0.859405 0.814815 0.814815 0 0 0 0 0.0469818 0.6 0.55472 0.0200965 0.0200965 0 0 0 0 0 0 0 0 0 1 1 0 0 0 0.989419 0 0 
0 0 0.360941 0.360941 0.360941 0.372719 0.372719 0.516928 0.516928 0.863281 0.863281 0.851852 0.851852 0 0 0 0 0.0469818 0.6 0.538292 0.0200965 0.0200965 0 0 0 0 0 0 0 0 0 1 1 0 0 0 0.962788 0 0 
0 0 0.360941 0.360941 0.360941 0.367696 0.367696 0.519478 0.519478 0.867215 0.867215 0.9 0.9 0 0 0 0 0.0469818 0.6 0.523861 0.0200965 0.0200965 0 0 0 0 0 0 0 0 0 1 1 0 0 0 0.92778 0 0 
0 0 0.360941 0.360941 0.360941 0.362598 0.362598 0.522135 0.522135 0.871201 0.871201 0.948148 0.948148 0 0 0 0 0.0469818 0.6 0.507172 0.0200965 0.0200965 0 0 0 0 0 0 0 0 0 1 1 0 0 0 0.892064 0 0 
0 0 0.360941 0.360941 0.360941 0.357426 0.357426 0.524895 0.524895 0.875232 0.875232 0.985185 0.985185 0 0 0 0 0.0469818 0.6 0.483973 0.0200965 0.0200965 0 0 0 0 0 0 0 0 0 1 1 0 0 0 0.863311 0 0 
0 0 0.360941 0.360941 0.360941 0.352185 0.352185 0.52775 0.52775 0.879301 0.879301 1 1 0 0 0 0 0.0469818 0.6 0.450008 0.0200965 0.0200965 0 0 0 0 0 0 0 0 0 1 1 0 0 0 0.849191 0 0 
0 0 0.360941 0.360941 0.360941 0.346877 0.346877 0.530697 0.530697 0.883402 0.883402 1 1 0 0 0 0 0.0469818 0.50625 0.391203 0.0200965 0.0200965 0 0 0 0 0 0 0 0.125 0 1 1 0 0 0 0.860197 0 0 
0 0 0.360941 0.360941 0.360941 0.341507 0.341507 0.533729 0.533729 0.887529 0.887529 1 1 0 0 0 0 0.0469818 0.3 0.310604 0.0200965 0.0200965 0 0 0 0 0 0 0 0.4 0 1 1 0 0 0 0.891815 0 0 
0 0 0.360941 0.360941 0.360941 0.336076 0.336076 0.536841 0.536841 0.891675 0.891675 1 1 0 0 0 0 0.0469818 0.09375 0.229642 0.0200965 0.0200965 0 0 0 0 0 0 0 0.675 0 1 1 0 0 0 0.929207 0 0 
0 0 0.360941 0.360941 0.360941 0.330589 0.330589 0.540028 0.540028 0.895834 0.895834 1 1 0 0 0 0 0.0469818 0 0.169747 0.0200965 0.0200965 0 0 0 0 0 0 0 0.8 0 1 1 0 0 0 0.957536 0 0 
0 0 0.360941 0.360941 0.360941 0.325049 0.325049 0.543284 0.543284 0.9 0.9 1 1 0 0 0 0 0.0428341 0 0.131962 0.0200965 0.0200965 0 0 0 0 0 0 0 0.8 0 1 1 0 0 0 0.992976 0.000491175 0.000491175 
0 0 0.360941 0.360941 0.360941 0.319458 0.319458 0.546604 0.546604 0.904166 0.904166 1 1 0 0 0 0 0.0314034 0 0.106413 0.0200965 0.0200965 0 0 0 0 0 0 0 0.8 0 1 1 0 0 0 1 0.00660455 0.00660455 
0 0 0.360941 0.360941 0.360941 0.313822 0.313822 0.549982 0.549982 0.908325 0.908325 1 1 0 0 0 0 0.0142084 0 0.0981616 0.0200965 0.0200965 0 0 0 0 0 0 0 0.8 0 1 1 0 0 0 1 0.0252999 0.0252999 
0 0 0.360941 0.360941 0.360941 0.308142 0.308142 0.553414 0.553414 0.912471 0.912471 1 1 0.00262996 0 0 0 0 0 0.112266 0.0200965 0.0200965 0 0 0 0 0 0 0 0.8 0 1 1 0 0 0 1 0.063537 0.063537 
0 0 0.360941 0.360941 0.360941 0.302422 0.302422 0.556893 0.556893 0.916598 0.916598 1 1 0.0131532 0 0 0 0 0 0.160747 0.0321238 0.0321238 0 0 0 0 0 0 0 0.8 0 1 1 0 0 0 0.853849 0.136246 0.136246 
0 0 0.360941 0.360941 0.360941 0.296665 0.296665 0.560415 0.560415 0.920699 0.920699 1 1 0.0263684 0 0 0 0 0 0.237355 0.0608048 0.0608048 0 0 0 0 0 0 0 0.8 0 1 1 0 0 0 0.641386 0.236848 0.236848 
0 0 0.360941 0.360941 0.360941 0.290875 0.290875 0.563973 0.563973 0.924769 0.924769 1 1 0.0398964 0 0 0 0 0 0.319742 0.0950364 0.0950364 0 0 0 0 0 0 0 0.8 0 1 1 0 0 0 0.410389 0.340036 0.340036 
0 0 0.360941 0.360941 0.360941 0.285055 0.285055 0.567563 0.567563 0.928799 0.928799 1 1 0.0513588 0 0 0 0 0 0.385561 0.123717 0.123717 0 0 0 0 0 0 0 0.8 0 1 1 0 0 0 0.208629 0.420506 0.420506 
0 0 0.360941 0.360941 0.360941 0.279209 0.279209 0.571178 0.571178 0.932785 0.932785 1 1 0.0583767 0 0 0 0 0 0.412467 0.135744 0.135744 0 0 0 0 0 0 0 0.8 0 1 1 0 0 0 0.0838763 0.452952 0.452952 
0 0 0.360941 0.360941 0.360941 0.273338 0.273338 0.574814 0.574814 0.936719 0.936719 0.9688 0.9688 0.062318 0 0 0 0 0 0.412467 0.135744 0.135744 0 0 0 0 0 0 0 0.8 0 1 1 0 0 0 0.0610071 0.452952 0.452952 
0 0 0.360941 0.360941 0.360941 0.267448 0.267448 0.578466 0.578466 0.940595 0.940595 0.8944 0.8944 0.0647684 0 0 0 0 0 0.412467 0.135744 0.135744 0 0 0 0 0 0 0 0.8 0 1 1 0 0 0 0.108174 0.452952 0.452952 
0 0 0.360941 0.360941 0.360941 0.261541 0.261541 0.582127 0.582127 0.944407 0.944407 0.8056 0.8056 0.0636764 0 0 0 0 0 0.412467 0.135744 0.135744 0 0 0 0 0 0 0 0.8 0 1 1 0 0 0 0.188062 0.452952 0.452952 
0 0 0.360941 0.360941 0.360941 0.255621 0.255621 0.585792 0.585792 0.948148 0.948148 0.7312 0.7312 0.0569904 0 0 0 0 0 0.412467 0.135744 0.135744 0 0 0 0 0 0 0 0.8 0 1 1 0 0 0 0.263358 0.452952 0.452952 
0 0 0.360941 0.360941 0.360941 0.24969 0.24969 0.589456 0.589456 0.951812 0.951812 0.7 0.7 0.0426589 0 0 0 0 0 0.412467 0.135744 0.135744 0 0 0 0 0 0 0 0.8 0 1 1 0 0 0 0.296749 0.452952 0.452952 
0 0 0.360941 0.360941 0.360941 0.243753 0.243753 0.593114 0.593114 0.955393 0.955393 0.7 0.7 0.00993739 0 0 0 0 0 0.412467 0.135744 0.135744 0 0 0 0 0.15625 0.15625 0 0.8 0 1 1 0 0 0 0.296749 0.452952 0.452952 
0 0 0.360941 0.360941 0.360941 0.237812 0.237812 0.59676 0.59676 0.958883 0.958883 0.7 0.7 0 0 0 0 0.106092 0 0.412467 0.135744 0.135744 0 0 0 0 0.5 0.5 0 0.8 0 1 1 0 0 0 0.296749 0.452952 0.452952 
0 0 0.360941 0.360941 0.360941 0.231871 0.231871 0.600389 0.600389 0.962277 0.962277 0.7 0.7 0 0 0 0 0.233566 0 0.412467 0.135744 0.135744 0 0 0 0 0.84375 0.84375 0 0.8 0 1 1 0 0 0 0.296749 0.452952 0.452952 
0 0 0.360941 0.360941 0.360941 0.225933 0.225933 0.603994 0.603994 0.965568 0.965568 0.7 0.7 0 0 0 0 0.305709 0 0.412467 0.135744 0.135744 0 0 0 0 1 1 0 0.8 0 1 1 0 0 0 0.296749 0.452952 0.452952 
0 0 0.360941 0.360941 0.360941 0.220001 0.220001 0.607572 0.607572 0.96875 0.96875 0.7 0.7 0 0 0 0 0.332629 0 0.412467 0.135744 0.135744 0 0 0 0 1 1 0 0.8 0 1 1 0 0 0 0.296749 0.45352 0.45352 
0 0 0.360941 0.360941 0.360941 0.214079 0.214079 0.611116 0.611116 0.971816 0.971816 0.7 0.7 0 0 0 0 0.357408 0 0.412467 0.135744 0.135744 0 0 0 0 1 1 0 0.8 0 1 1 0 0 0 0.296749 0.45514 0.45514 
0 0 0.360941 0.360941 0.360941 0.208169 0.208169 0.614621 0.614621 0.97476 0.97476 0.7 0.7 0 0 0 0 0.380126 0 0.412467 0.135744 0.135744 0 0 0 0 1 1 0 0.8 0 1 1 0 0 0 0.296749 0.457688 0.457688 
0 0 0.360941 0.360941 0.360941 0.202277 0.202277 0.618082 0.618082 0.977575 0.977575 0.7 0.7 0 0 0 0 0.400859 0 0.412467 0.135744 0.135744 0 0 0 0 1 1 0 0.8 0 1 1 0 0 0 0.296749 0.461042 0.461042 
0 0 0.360941 0.360941 0.360941 0.196403 0.196403 0.621493 0.621493 0.980255 0.980255 0.7 0.7 0 0 0 0 0.419686 0 0.412467 0.135744 0.135744 0 0 0 0 1 1 0 0.8 0 1 1 0 0 0 0.296749 0.465076 0.465076 
0 0 0.360941 0.360941 0.360941 0.190553 0.190553 0.624848 0.624848 0.982794 0.982794 0.7 0.7 0 0 0 0 0.436687 0 0.412467 0.135744 0.135744 0 0 0 0 1 1 0 0.8 0 1 1 0 0 0 0.296749 0.469668 0.469668 
0 0 0.360941 0.360941 0.360941 0.184729 0.184729 0.628143 0.628143 0.985185 0.985185 0.7 0.7 0 0 0 0 0.451938 0 0.412467 0.135744 0.135744 0 0 0 0 1 1 0 0.8 0 1 1 0 0 0 0.296749 0.474693 0.474693 
0 0 0.360941 0.360941 0.360941 0.178935 0.178935 0.631372 0.631372 0.987422 0.987422 0.7 0.7 0 0 0 0 0.465519 0 0.412467 0.135744 0.135744 0 0 0 0 1 1 0 0.8 0 1 1 0 0 0 0.296749 0.480028 0.480028 
0 0 0.368432 0.368757 0.368757 0.173173 0.173173 0.63453 0.63453 0.989498 0.989498 0.7 0.7 0 0 0 0 0.477508 0 0.412467 0.135744 0.135744 0 0 0 0 1 1 0 0.8 0 1 1 0 0 0 0.296749 0.485548 0.485548 
0 0 0.389255 0.390428 0.390428 0.167447 0.167447 0.63761 0.63761 0.991406 0.991406 0.7 0.7 0 0 0 0 0.487983 0 0.412467 0.135744 0.135744 0 0 0 0 1 1 0 0.8 0 1 1 0 0 0 0.296749 0.49113 0.49113 
0 0 0.42094 0.423286 0.423286 0.161761 0.161761 0.640608 0.640608 0.993141 0.993141 0.7 0.7 0 0 0 0 0.497023 0 0.412467 0.135744 0.135744 0 0 0 0 1 1 0 0.8 0 1 1 0 0 0 0.296749 0.496651 0.496651 
0 0 0.461013 0.464662 0.464662 0.156118 0.156118 0.643519 0.643519 0.994696 0.994696 0.7 0.7 0 0 0 0 0.504706 0 0.412467 0.135744 0.135744 0 0 0 0 1 1 0 0.8 0 1 1 0 0 0 0.296749 0.501985 0.501985 
0 0 0.507001 0.511888 0.511888 0.150521 0.150521 0.646336 0.646336 0.996065 0.996065 0.7 0.7 0 0 0 0 0.51111 0 0.412467 0.135744 0.135744 0 0 0 0 1 1 0 0.8 0 1 1 0 0 0 0.296749 0.50701 0.50701 
0 0 0.556433 0.562298 0.562298 0.144973 0.144973 0.649055 0.649055 0.99724 0.99724 0.7 0.7 0 0 0 0 0.516314 0 0.412467 0.135744 0.135744 0 0 0 0 1 1 0 0.8 0 1 1 0 0 0 0.296749 0.511602 0.511602 
0 0 0.606835 0.613221 0.613221 0.139478 0.139478 0.65167 0.65167 0.998217 0.998217 0.7 0.7 0 0 0 0 0.520396 0 0.412467 0.135744 0.135744 0 0 0 0 1 1 0 0.8 0 1 1 0 0 0 0.296749 0.515637 0.515637 
0 0 0.655736 0.661992 0.661992 0.134039 0.134039 0.654175 0.654175 0.998987 0.998987 0.7 0.7 0 0 0 0 0.523434 0 0.412467 0.135744 0.135744 0 0 0 0 1 1 0 0.8 0 1 1 0 0 0 0.296749 0.51899 0.51899 
0 0 0.700663 0.705941 0.705941 0.128659 0.128659 0.656566 0.656566 0.999546 0.999546 0.7 0.7 0 0 0 0 0.525508 0 0.412467 0.135744 0.135744 0 0 0 0 1 1 0 0.8 0 1 1 0 0 0 0.296749 0.521539 0.521539 
0 0 0.739143 0.742401 0.742401 0.123342 0.123342 0.658837 0.658837 0.999885 0.999885 0.7 0.7 0 0 0 0 0.526694 0 0.412467 0.135744 0.135744 0 0 0 0 1 1 0 0.8 0 1 1 0 0 0 0.296749 0.523159 0.523159 
0 0 0.768704 0.768704 0.768704 0.118091 0.118091 0.660981 0.660981 1 1 0.7 0.7 0 0 0 0 0.527072 0 0.412467 0.135744 0.135744 0 0 0 0 1 1 0 0.8 0 1 1 0 0 0 0.296749 0.523726 0.523726 
0 0 0.792489 0.788288 0.788288 0.112909 0.112909 0.662995 0.662995 0.999612 0.999612 0.7 0.7 0 0 0 0 0.525742 0 0.412467 0.135744 0.135744 0 0 0 0 1 1 0 0.8 0 1 1 0 0 0 0.296749 0.523744 0.523842 
0 0 0.815282 0.806392 0.806392 0.1078 0.1078 0.664873 0.664873 0.998476 0.998476 0.7 0.7 0 0 0 0 0.521917 0 0.412467 0.135744 0.135744 0 0 0 0 1 1 0 0.8 0 1 1 0 0 0 0.296749 0.523767 0.524139 
0 0 0.837074 0.823044 0.823044 0.102766 0.102766 0.666608 0.666608 0.996632 0.996632 0.7 0.7 0 0 0 0 0.515846 0 0.412467 0.135744 0.135744 0 0 0 0 1 1 0 0.8 0 1 1 0 0 0 0.296749 0.523747 0.524543 
0 0 0.857853 0.838272 0.838272 0.0978117 0.0978117 0.668196 0.668196 0.99412 0.99412 0.7 0.7 0 0 0 0 0.50778 0 0.412467 0.135744 0.135744 0 0 0 0 1 1 0 0.8 0 1 1 0 0 0 0.296749 0.523638 0.524978 
0 0 0.877607 0.852105 0.852105 0.0929399 0.0929399 0.669632 0.669632 0.990981 0.990981 0.7 0.7 0 0 0 0 0.497968 0 0.412467 0.135744 0.135744 0 0 0 0 1 1 0 0.8 0 1 1 0 0 0 0.296749 0.523393 0.52537 
0 0 0.896327 0.86457 0.86457 0.0881538 0.0881538 0.670909 0.670909 0.987255 0.987255 0.7 0.7 0 0 0 0 0.486658 0 0.412467 0.135744 0.135744 0 0 0 0 1 1 0 0.8 0 1 1 0 0 0 0.296749 0.522965 0.525645 
0 0 0.914001 0.875696 0.875696 0.0834568 0.0834568 0.672023 0.672023 0.982984 0.982984 0.7 0.7 0 0 0 0 0.474101 0 0.412467 0.135744 0.135744 0 0 0 0 1 1 0 0.8 0 1 1 0 0 0 0.296749 0.522307 0.525727 
0 0 0.930618 0.885511 0.885511 0.0788523 0.0788523 0.672968 0.672968 0.978206 0.978206 0.7 0.7 0 0 0 0 0.460547 0 0.412467 0.135744 0.135744 0 0 0 0 1 1 0 0.8 0 1 1 0 0 0 0.296749 0.521372 0.525541 
0 0 0.946168 0.894044 0.894044 0.0743434 0.0743434 0.673739 0.673739 0.972963 0.972963 0.7 0.7 0 0 0 0 0.446244 0 0.412467 0.135744 0.135744 0 0 0 0 1 1 0 0.8 0 1 1 0 0 0 0.296749 0.520113 0.525013 
0 0 0.960639 0.901323 0.901323 0.0699336 0.0699336 0.67433 0.67433 0.967296 0.967296 0.7 0.7 0 0 0 0 0.431442 0 0.412467 0.135744 0.135744 0 0 0 0 1 1 0 0.8 0 1 1 0 0 0 0.296749 0.518484 0.524068 
0 0 0.974021 0.907377 0.907377 0.0656261 0.0656261 0.674735 0.674735 0.961244 0.961244 0.7 0.7 0 0 0 0 0.416391 0 0.412467 0.135744 0.135744 0 0 0 0 1 1 0 0.8 0 1 1 0 0 0 0.296749 0.516437 0.522631 
0 0 0.986302 0.912233 0.912233 0.0614243 0.0614243 0.67495 0.67495 0.954848 0.954848 0.7 0.7 0 0 0 0 0.401339 0 0.412467 0.135744 0.135744 0 0 0 0 1 1 0 0.8 0 1 1 0 0 0 0.296749 0.513926 0.520627 
0 0 0.997472 0.91592 0.91592 0.0573314 0.0573314 0.674969 0.674969 0.948148 0.948148 0.7 0.7 0 0 0 0 0.386537 0 0.412467 0.135744 0.135744 0 0 0 0 1 1 0 0.8 0 1 1 0 0 0 0.296749 0.510903 0.517981 
0 0 1 0.918466 0.918466 0.0533508 0.0533508 0.674787 0.674787 0.941186 0.941186 0.7 0.7 0 0 0 0 0.372234 0 0.412467 0.135744 0.135744 0 0 0 0 1 1 0 0.8 0 1 1 0 0 0 0.296749 0.507323 0.514619 
0 0 1 0.9199 0.9199 0.0494857 0.0494857 0.674398 0.674398 0.934001 0.934001 0.7 0.7 0 0 0 0 0.35868 0 0.412467 0.135744 0.135744 0 0 0 0 1 1 0 0.8 0 1 1 0 0 0 0.296749 0.503137 0.510466 
0 0 1 0.92025 0.92025 0.0457396 0.0457396 0.673796 0.673796 0.926634 0.926634 0.7 0.7 0 0 0 0 0.346123 0 0.412467 0.135744 0.135744 0 0 0 0 1 1 0 0.8 0 1 1 0 0 0 0.296749 0.498299 0.505446 
0 0 1 0.919545 0.919545 0.0421156 0.0421156 0.672977 0.672977 0.919125 0.919125 0.7 0.7 0 0 0 0 0.334813 0 0.412467 0.135744 0.135744 0 0 0 0 1 1 0 0.8 0 1 1 0 0 0 0.296749 0.492762 0.499486 
0 0 1 0.917812 0.917812 0.0386172 0.0386172 0.671935 0.671935 0.911516 0.911516 0.7 0.7 0 0 0 0 0.325001 0 0.412467 0.135744 0.135744 0 0 0 0 1 1 0 0.8 0 1 1 0 0 0 0.296749 0.486479 0.49251 
0 0 1 0.91508 0.91508 0.0352475 0.0352475 0.670664 0.670664 0.903845 0.903845 0.7 0.7 0 0 0 0 0.316935 0 0.412467 0.135744 0.135744 0 0 0 0 1 1 0 0.8 0 1 1 0 0 0 0.296749 0.479404 0.484443 
0 0 1 0.911377 0.911377 0.03201 0.03201 0.66916 0.66916 0.896155 0.896155 0.7 0.7 0 0 0 0 0.310864 0 0.412467 0.135744 0.135744 0 0 0 0 1 1 0 0.8 0 1 1 0 0 0 0.296749 0.471489 0.475211 
0 0 1 0.906732 0.906732 0.0289078 0.0289078 0.667416 0.667416 0.888484 0.888484 0.7 0.7 0 0 0 0 0.307039 0 0.412467 0.135744 0.135744 0 0 0 0 1 1 0 0.8 0 1 1 0 0 0 0.296749 0.462687 0.464739 
0 0 1 0.901172 0.901172 0.0259445 0.0259445 0.665427 0.665427 0.880875 0.880875 0.7 0.7 0 0 0 0 0.305709 0 0.412467 0.135744 0.135744 0 0 0 0 1 1 0 0.8 0 1 1 0 0 0 0.296749 0.452952 0.452952 
0 0 1 0.894727 0.894727 0.0231231 0.0231231 0.663188 0.663188 0.873366 0.873366 0.694925 0.694925 0 0 0 0 0.305709 0 0.412467 0.13476 0.13476 0 0 0 0 0.99275 0.99275 0 0.7942 0 0.996375 0.99275 0 0 0 0.296749 0.441133 0.438414 
0 0 1 0.887425 0.887425 0.0204472 0.0204472 0.660694 0.660694 0.865999 0.865999 0.6804 0.6804 0 0 0 0 0.305709 0 0.412467 0.131943 0.131943 0 0 0 0 0.972 0.972 0 0.7776 0 0.986 0.972 0 0 0 0.296749 0.426366 0.420069 
0 0 1 0.879293 0.879293 0.0179198 0.0179198 0.656186 0.656186 0.858814 0.858814 0.657475 0.657475 0 0 0 0 0.305709 0 0.412467 0.127498 0.127498 0 0 0 0 0.93925 0.93925 0 0.7514 0 0.969625 0.93925 0 0 0 0.296749 0.409035 0.398407 
0 0 1 0.870361 0.870361 0.0155445 0.0155445 0.648094 0.648094 0.851852 0.851852 0.6272 0.6272 0 0 0 0 0.305709 0 0.412467 0.121627 0.121627 0 0 0 0 0.896 0.896 0 0.7168 0 0.948 0.896 0 0 0 0.296749 0.389526 0.373923 
0 0 1 0.860656 0.860656 0.0133244 0.0133244 0.636694 0.636694 0.845152 0.845152 0.590625 0.590625 0 0 0 0 0.305709 0 0.412467 0.114534 0.114534 0 0 0 0 0.84375 0.84375 0 0.675 0 0.921875 0.84375 0 0 0 0.296749 0.368222 0.347107 
0 0 1 0.850207 0.850207 0.011263 0.011263 0.622263 0.622263 0.838757 0.838757 0.5488 0.5488 0 0 0 0 0.305709 0 0.412467 0.106423 0.106423 0 0 0 0 0.784 0.784 0 0.6272 0 0.892 0.784 0 0 0 0.296749 0.345507 0.318454 
0 0 1 0.839042 0.839042 0.00936336 0.00936336 0.605078 0.605078 0.832704 0.832704 0.502775 0.502775 0 0 0 0 0.305709 0 0.412467 0.0974982 0.0974982 0 0 0 0 0.718249 0.718249 0 0.5746 0 0.859125 0.718249 0 0 0 0.296749 0.321766 0.288453 
0 0 1 0.82719 0.82719 0.00762899 0.00762899 0.585415 0.585415 0.827037 0.827037 0.4536 0.4536 0 0 0 0 0.305709 0 0.412467 0.0879622 0.0879622 0 0 0 0 0.647999 0.647999 0 0.518399 0 0.824 0.647999 0 0 0 0.296749 0.297383 0.2576 
0 0 0.996042 0.814679 0.814679 0.00606314 0.00606314 0.56355 0.56355 0.821794 0.821794 0.402325 0.402325 0 0 0 0 0.305709 0 0.412467 0.0780189 0.0780189 0 0 0 0 0.574749 0.574749 0 0.4598 0 0.787375 0.574749 0 0 0 0.296749 0.272743 0.226385 
0 0 0.984022 0.801537 0.801537 0.00466912 0.00466912 0.539761 0.539761 0.817016 0.817016 0.35 0.35 0 0 0 0 0.305709 0 0.412467 0.067872 0.067872 0 0 0 0 0.499999 0.499999 0 0.4 0 0.75 0.499999 0 0 0 0.296749 0.248229 0.195302 
0 0 0.970672 0.787792 0.787792 0.00345022 0.00345022 0.514323 0.514323 0.812745 0.812745 0.297675 0.297675 0 0 0 0 0.305709 0 0.412467 0.0577252 0.0577252 0 0 0 0 0.42525 0.42525 0 0.3402 0 0.712625 0.42525 0 0 0 0.296749 0.224226 0.164841 
0 0 0.955981 0.773474 0.773474 0.00240978 0.00240978 0.487513 0.487513 0.809019 0.809019 0.2464 0.2464 0 0 0 0 0.305709 0 0.412467 0.0477819 0.0477819 0 0 0 0 0.352 0.352 0 0.2816 0 0.676 0.352 0 0 0 0.296749 0.201118 0.135497 
0 0 0.939939 0.758609 0.758609 0.00155108 0.00155108 0.459608 0.459608 0.80588 0.80588 0.197225 0.197225 0 0 0 0 0.305709 0 0.412467 0.0382459 0.0382459 0 0 0 0 0.28175 0.28175 0 0.2254 0 0.640875 0.28175 0 0 0 0.296749 0.179289 0.107761 
0 0 0.922534 0.743227 0.743227 0.000877446 0.000877446 0.430884 0.430884 0.803368 0.803368 0.1512 0.1512 0 0 0 0 0.305709 0 0.412467 0.0293207 0.0293207 0 0 0 0 0.216 0.216 0 0.1728 0 0.608 0.216 0 0 0 0.296749 0.159125 0.0821257 
0 0 0.903756 0.727356 0.727356 0.000392182 0.000392182 0.401618 0.401618 0.801524 0.801524 0.109375 0.109375 0 0 0 0 0.305709 0 0.412467 0.02121 0.02121 0 0 0 0 0.15625 0.15625 0 0.125 0 0.578125 0.15625 0 0 0 0.296749 0.141008 0.0590834 
0 0 0.883594 0.711024 0.711024 9.8597e-05 9.8597e-05 0.372086 0.372086 0.800388 0.800388 0.0727999 0.0727999 0 0 0 0 0.305709 0 0.412467 0.0141174 0.0141174 0 0 0 0 0.104 0.104 0 0.0831999 0 0.552 0.104 0 0 0 0.296749 0.125323 0.0391264 
0 0 0.862036 0.694259 0.694259 0 0 0.342565 0.342565 0.8 0.8 0.0425249 0.0425249 0 0 0 0 0.305709 0 0.412467 0.00824645 0.00824645 0 0 0 0 0.0607499 0.0607499 0 0.0485999 0 0.530375 0.0607499 0 0 0 0.296749 0.112455 0.0227472 
0.103941 0.103941 0.839072 0.67709 0.67709 0 0 0.313331 0.313331 0.8 0.8 0.0196 0.0196 0 0 0 0 0.305709 0 0.412467 0.00380083 0.00380083 0 0 0 0 0.028 0.028 0 0.0224 0 0.514 0.028 0 0 0 0.296749 0.102788 0.0104381 
0.351805 0.351805 0.814691 0.659546 0.659546 0 0 0.284661 0.284661 0.8 0.8 0.00507499 0.00507499 0 0 0 0 0.305709 0 0.412467 0.000984144 0.000984144 0 0 0 0 0.00724999 0.00724999 0 0.00579999 0 0.503625 0.00724999 0 0 0 0.296749 0.096706 0.00269159 
0.647655 0.647655 0.788882 0.641654 0.641654 0 0 0.256831 0.256831 0.8 0.8 0 0 0 0 0 0 0.305709 0 0.412467 0 0 0 0 0 0 0 0 0 0 0 0.5 0 0 0 0 0.296749 0.0945932 0 
0.895554 0.895554 0.761634 0.623442 0.623442 0 0 0.230118 0.230118 0.8 0.8 0 0 0 0 0 0 0.305709 0 0.206236 0 0 0 0 0 0 0 0 0 0 0 0.5 0 0 0 0 0.148376 0.0945932 0 
0.999562 0.999562 0.732936 0.60494 0.60494 0 0 0.204798 0.204798 0.8 0.8 0 0 0 0 0 0 0.305709 0 0 0 0 0 0 0 0 0 0 0 0 0 0.5 0 0 0 0 0 0.0945932 0 
0.843541 0.843541 0.702777 0.586175 0.586175 0 0 0.181149 0.181149 0.8 0.8 0 0 0 0 0 0 0.291073 0 0 0 0 0 0 0 0 0 0 0 0 0 0.462963 0 0 0 0 0 0.0875863 0 
0.500188 0.500188 0.671147 0.567176 0.567176 0 0 0.159446 0.159446 0.8 0.8 0 0 0 0 0 0 0.252081 0 0 0 0 0 0 0 0 0 0 0 0 0 0.37037 0 0 0 0 0 0.070069 0 
0.156815 0.156815 0.638034 0.547971 0.547971 0 0 0.139965 0.139965 0.8 0.8 0 0 0 0 0 0 0.196105 0 0 0 0 0 0 0 0 0 0 0 0 0 0.25 0 0 0 0 0 0.0472966 0 
0.00073211 0.00073211 0.603428 0.528588 0.528588 0 0 0.122984 0.122984 0.8 0.8 0 0 0 0 0 0 0.130518 0 0 0 0 0 0 0 0 0 0 0 0 0 0.12963 0 0 0 0 0 0.0245242 0 
0.00073211 0.00073211 0.567317 0.509056 0.509056 0 0 0.10878 0.10878 0.8 0.8 0 0 0 0 0 0 0.0626918 0 0 0 0 0 0 0 0 0 0 0 0 0 0.037037 0 0 0 0 0 0.0070069 0 
0.00073211 0.00073211 0.52969 0.489403 0.489403 0 0 0.0976273 0.0976273 0.8 0.8 0 0 0 0 0 0 0 0 0 0 0 0 0 0 0 0 0 0 0 0 0 0 0 0 0 0 0 0 
0.00073211 0.00073211 0.490538 0.469658 0.469658 0 0 0.089804 0.089804 0.8 0.8 0 0 0.025849 0 0 0 0 0 0.0171781 0 0 0 0 0 0 0 0 0 0 0 0 0 0 0 0 0.0216293 0 0 
0.00073211 0.00073211 0.449848 0.449848 0.449848 0 0 0.0855863 0.0855863 0.8 0.8 0 0 0.0571633 0 0 0 0 0 0.0581412 0 0 0 0 0 0 0 0 0 0 0 0 0 0 0 0 0.0732068 0 0 
0.00073211 0.00073211 0.402883 0.418774 0.418774 0 0 0.0852506 0.0852506 0.8 0.8 0 0 0.0875033 0 0 0 0 0 0.107033 0 0 0 0 0 0 0 0 0 0 0 0 0 0 0 0 0.134767 0 0 
0.00073211 0.00073211 0.347781 0.369852 0.369852 0 0 0.0890735 0.0890735 0.8 0.8 0 0 0.11043 0 0 0 0 0 0.147996 0 0 0 0 0 0 0 0 0 0 0 0 0 0 0 0 0.186345 0 0 
0.00073211 0.00073211 0.288846 0.310034 0.310034 0 0 0.0973316 0.0973316 0.8 0.8 0 0 0.119503 0 0 0 0 0 0.165174 0 0 0 0 0 0 0 0 0 0 0 0 0 0 0 0 0.207974 0 0 
0.00073211 0.00073211 0.230381 0.246273 0.246273 0 0 0.110301 0.110301 0.8 0.8 0 0 0.119503 0 0 0 0 0 0.165174 0 0 0 0 0 0 0 0 0 0.0518519 0 0 0 0 0 0 0.207974 0 0 
0.00073211 0.00073211 0.176691 0.18552 0.18552 0 0 0.128259 0.128259 0.8 0.8 0 0 0.119503 0 0 0 0 0 0.165174 0 0 0 0 0 0 0 0 0 0.148148 0 0 0 0 0 0 0.207974 0 0 
0.00073211 0.00073211 0.132079 0.134727 0.134727 0 0 0.151482 0.151482 0.8 0.8 0 0 0.119503 0 0 0 0 0 0.165174 0 0 0 0 0 0 0 0 0 0.2 0 0 0 0 0 0 0.207974 0 0 
0.00073211 0.00073211 0.100848 0.100848 0.100848 0 0 0.180246 0.180246 0.8 0.8 0 0 0.119503 0 0 0 0 0 0.173805 0 0 0 0 0 0 0 0 0 0.2 0 0 0 0 0 0 0.207974 0 0 
0.241432 0.241432 0.0802781 0.0801956 0.0801956 0 0 0.219742 0.219742 0.8 0.8 0 0 0.119503 0 0 0 0 0 0.194386 0 0 0 0 0 0 0 0 0 0.2 0 0 0 0 0 0 0.207974 0 0 
0.694178 0.694178 0.0643824 0.0640854 0.0640854 0 0 0.272577 0.272577 0.8 0.8 0 0 0.119503 0 0 0 0 0 0.218951 0 0 0 0 0 0 0 0 0 0.2 0 0 0 0 0 0 0.207974 0 0 
0.954942 0.954942 0.052569 0.051975 0.051975 0 0 0.335146 0.335146 0.8 0.8 0 0 0.119503 0 0 0 0 0 0.239532 0 0 0 0 0 0 0 0 0 0.2 0 0 0 0 0 0 0.207974 0 0 
0.803117 0.803117 0.0442457 0.0433216 0.0433216 0 0 0.403848 0.403848 0.8 0.8 0 0 0.119503 0 0 0 0 0 0.248163 0 0 0 0 0 0 0 0 0 0.2 0 0 0 0 0 0 0.207974 0 0 
0.45931 0.45931 0.0388203 0.0375827 0.0375827 0 0 0.475079 0.475079 0.8 0.8 0 0 0.0896678 0 0 0 0 0 0.248163 0 0 0 0 0 0 0 0 0 0.2 0 0 0 0 0 0 0.207974 0.0155766 0 
0.181316 0.181316 0.0357006 0.0342156 0.0342156 0 0 0.545236 0.545236 0.8 0.8 0 0 0.0249613 0 0 0 0 0 0.248163 0 0 0 0 0 0 0 0 0 0.2 0 0 0 0 0 0 0.207974 0.049845 0 
0.0635716 0.0635716 0.0342946 0.0326775 0.0326775 0 0 0.610716 0.610716 0.8 0.8 0 0 0 0 0 0 0.102904 0 0.248163 0 0 0 0 0 0 0 0 0 0.2 0 0 0 0 0 0 0.207974 0.0841136 0 
0.0116392 0.0116392 0.03401 0.0324259 0.0324259 0 0 0.667918 0.667918 0.8 0.8 0 0 0 0 0 0 0.165766 0 0.248163 0 0 0 0 0 0 0 0 0 0.2 0 0 0 0 0 0 0.207974 0.0996906 0 
0 0 0.0342546 0.0329181 0.0329181 0 0 0.713236 0.713236 0.8 0.8 0 0 0 0 0 0 0.0448938 0 0.261183 0 0 0 0 0 0 0 0 0 0.2 0 0 0 0 0 0 0.207974 0.0996906 0 
0 0 0.0344363 0.0336113 0.0336113 0 0 0.743069 0.743069 0.8 0.8 0 0 0.0688144 0 0 0 0 0 0.286282 0 0 0 0 0 0 0 0 0 0.2 0 0 0 0 0 0 0.207974 0.0996906 0 
0 0 0.033963 0.033963 0.033963 0 0 0.753814 0.753814 0.8 0.8 0 0 0.152956 0 0 0 0 0 0.302518 0 0 0 0 0 0 0 0 0 0.2 0 0 0 0 0 0 0.207974 0.0996906 0 
0 0 0.033 0.033963 0.033963 0 0 0.753814 0.753814 0.8 0.8 0 0 0.193922 0 0 0 0 0 0.28895 0 0 0 0 0 0 0 0 0 0.2 0 0 0 0 0 0 0.207974 0.0996906 0 
0 0 0.0321065 0.033963 0.033963 0 0 0.753814 0.753814 0.8 0.8 0 0 0.146698 0 0 0 0 0 0.207432 0 0 0 0 0 0 0 0 0 0.148149 0 0 0 0 0 0 0.154056 0.0738453 0 
0 0 0.0312804 0.033963 0.033963 0 0 0.753814 0.753814 0.8 0.8 0 0 0.0477084 0 0 0 0 0 0.0853352 0 0 0 0 0 0 0 0 0 0.051851 0 0 0 0 0 0 0.0539183 0.0258453 0 
0 0 0.0305199 0.033963 0.033963 0 0 0.753814 0.753814 0.8 0.8 0 0 0 0 0 0 0.0634063 0 0 0 0 0 0 0 0 0 0 0 0 0 0 0 0 0 0 0 0 0 
0 0 0.0298231 0.033963 0.033963 0 0 0.753814 0.753814 0.8 0.8 0 0 0 0 0 0 0.0555961 0 0 0 0 0 0 0 0.100002 0 0 0 0.100002 0 0 0 0 0 0 0 0 0 
0 0 0.029188 0.033963 0.033963 0 0 0.753814 0.753814 0.8 0.8 0 0 0.0439518 0 0 0 0 0 0.0830563 0 0 0 0 0 0.2 0 0 0 0.2 0 0 0 0 0 0 0 0 0 
0 0 0.0286128 0.033963 0.033963 0 0 0.753814 0.753814 0.8 0.8 0 0 0.171915 0 0 0 0 0 0.221457 0 0 0 0 0 0.2 0 0 0 0.2 0 0 0 0 0 0 0 0 0 
0.410282 0.410282 0.0280955 0.033963 0.033963 0 0 0.753814 0.753814 0.8 0.8 0 0 0.29791 0 0 0 0 0 0.280201 0 0 0 0 0 0.2 0 0 0 0.2 0 0 0 0 0 0 0 0 0 
0.820936 0.820936 0.0276342 0.033963 0.033963 0 0 0.753814 0.753814 0.8 0.8 0 0 0.373936 0 0 0 0 0 0.280016 0 0 0 0 0 0.2 0 0 0 0.2 0 0 0 0 0 0 0 0 0 
0.693733 0.693733 0.0272271 0.033963 0.033963 0 0 0.753814 0.753814 0.8 0.8 0 0 0.372251 0 0 0 0 0 0.279831 0 0 0 0 0 0.2 0 0 0 0.2 0 0 0 0 0 0 0 0 0 
0.412953 0.412953 0.0268722 0.033963 0.033963 0 0 0.753814 0.753814 0.8 0.8 0 0 0.193344 0 0 0 0 0 0.280877 0 0 0 0 0 0.2 0 0 0 0.2 0 0 0 0 0 0 0.065793 0 0 
0.131996 0.131996 0.0265675 0.033963 0.033963 0 0 0.753814 0.753814 0.8 0.8 0 0 0.0311797 0 0 0 0 0 0.246431 0 0 0 0 0 0.2 0 0 0 0.2 0 0 0 0 0 0 0.131586 0 0 
0.00426064 0.00426064 0.0263113 0.033963 0.033963 0 0 0.753814 0.753814 0.8 0.8 0 0 0.0328545 0 0 0 0 0 0.16648 0 0 0 0 0 0.2 0 0 0 0.251851 0 0 0 0 0 0 0.0900689 0 0 
0.00426064 0.00426064 0.0261015 0.033963 0.033963 0 0 0.753814 0.753814 0.8 0.8 0 0 0.0729277 0 0 0 0 0 0.097545 0 0 0 0 0 0.2 0 0 0 0.348149 0 0 0 0 0 0 0.0193085 0 0 
0.00426064 0.00426064 0.0259363 0.033963 0.033963 0 0 0.753814 0.753814 0.8 0.8 0 0 0.104383 0 0 0 0 0 0.0830563 0 0 0 0 0 0.2 0 0 0 0.4 0 0 0 0 0 0 0 0 0 
0.00426064 0.00426064 0.0258137 0.033963 0.033963 0 0 0.753814 0.753814 0.8 0.8 0 0 0.105465 0 0 0 0 0 0.18933 0 0 0 0 0 0.2 0 0 0 0.4 0 0 0 0 0 0 0.157407 0 0 
0.00426064 0.00426064 0.0257319 0.033963 0.033963 0 0 0.753814 0.753814 0.8 0.8 0 0 0.0885574 0 0 0 0 0 0.294834 0 0 0 0 0 0.2 0 0 0 0.4 0 0 0 0 0 0 0.298152 0 0 
0.00426064 0.00426064 0.0256889 0.033963 0.033963 0 0 0.753814 0.753814 0.8 0.8 0 0 0.0684224 0 0 0 0 0 0.307934 0 0 0 0 0 0.2 0 0 0 0.4 0 0 0 0 0 0 0.298152 0 0 
0.00426064 0.00426064 0.0256829 0.033963 0.033963 0 0 0.753814 0.753814 0.8 0.8 0 0 0.0570735 0 0 0 0 0 0.302041 0 0 0 0 0 0.2 0 0 0 0.4 0 0 0 0 0 0 0.298152 0 0 
0.00426064 0.00426064 0.0257118 0.033963 0.033963 0 0 0.753814 0.753814 0.8 0.8 0 0 0.0545832 0 0 0 0 0 0.286393 0 0 0 0 0 0.2 0 0 0 0.4 0 0 0 0 0 0 0.298152 0 0 
0.00426064 0.00426064 0.0257739 0.033963 0.033963 0 0 0.753814 0.753814 0.8 0.8 0 0 0.0610249 0 0 0 0 0 0.27023 0 0 0 0 0 0.2 0 0 0 0.4 0 0 0 0 0 0 0.298152 0 0 
0.00426064 0.00426064 0.0258672 0.033963 0.033963 0 0 0.753814 0.753814 0.8 0.8 0 0 0.076472 0 0 0 0 0 0.262789 0 0 0 0 0 0.2 0 0 0 0.4 0 0 0 0 0 0 0.298152 0 0 
0.00426064 0.00426064 0.0259897 0.033963 0.033963 0 0 0.753814 0.753814 0.8 0.8 0 0 0.113043 0 0 0 0 0 0.262789 0 0 0 0 0 0.2 0 0 0 0.4 0 0 0 0 0 0 0.27259 0 0 
0.00426064 0.00426064 0.0261397 0.033963 0.033963 0 0 0.753814 0.753814 0.8 0.8 0 0 0.157392 0 0 0 0 0 0.262789 0 0 0 0 0 0.2 0 0 0 0.4 0 0 0 0 0 0 0.225116 0 0 
0.00426064 0.00426064 0.0263151 0.033963 0.033963 0 0 0.753814 0.753814 0.8 0.8 0 0 0.171384 0 0 0 0 0 0.262789 0 0 0 0 0 0.2 0 0 0 0.4 0 0 0 0 0 0 0.199553 0 0 
0.00426064 0.00426064 0.026514 0.033963 0.033963 0 0 0.753814 0.753814 0.8 0.8 0 0 0.118988 0 0 0 0 0 0.262789 0 0 0 0 0 0.2 0 0 0 0.4 0 0 0 0 0 0 0.199553 0.0152369 0 
0.00426064 0.00426064 0.0267346 0.033963 0.033963 0 0 0.753814 0.753814 0.8 0.8 0 0 0.0362383 0 0 0 0 0 0.262789 0 0 0 0 0 0.2 0 0 0 0.4 0 0 0 0 0 0 0.199553 0.0435338 0 
0.00426064 0.00426064 0.026975 0.033963 0.033963 0 0 0.753814 0.753814 0.8 0.8 0 0 0 0 0 0 0.0189547 0 0.262789 0 0 0 0 0 0.2 0 0 0 0.4 0 0 0 0 0 0 0.199553 0.0587699 0 
0.00426064 0.00426064 0.0272332 0.033963 0.033963 0 0 0.753814 0.753814 0.8 0.8 0 0 0 0 0 0 0.0192722 0 0.196755 0 0 0 0 0 0.2 0 0 0 0.299866 0.103705 0 0 0 0 0 0.147996 0.0587699 0 
0.00426064 0.00426064 0.0275072 0.033963 0.033963 0 0 0.753814 0.753814 0.8 0.8 0 0 0 0 0 0 0.0198617 0 0.072326 0 0 0 0 0 0.2 0 0 0 0.110848 0.296295 0 0 0 0 0 0.0522505 0.0587699 0 
0.00426064 0.00426064 0.0277953 0.033963 0.033963 0 0 0.753814 0.753814 0.8 0.8 0 0 0 0 0 0 0.0201792 0 0 0 0 0 0 0 0.2 0 0 0 0 0.4 0 0 0 0 0 0.000693309 0.0587699 0 
0.00426064 0.00426064 0.0280955 0.033963 0.033963 0 0 0.753814 0.753814 0.8 0.8 0 0 0.0280586 0 0 0 0 0 0.0254293 0 0 0 0 0 0.2 0 0 0 0.335713 0.337502 0 0 0 0 0 0.000693309 0.0587699 0 
0.00426064 0.00426064 0.0284059 0.033963 0.033963 0 0 0.753814 0.753814 0.8 0.8 0 0 0.105934 0 0 0 0 0 0.0936449 0 0 0 0 0 0.2 0 0 0 0.511774 0.2 0 0 0 0 0 0.000693309 0.0587699 0 
0.00426064 0.00426064 0.0287245 0.033963 0.033963 0 0 0.753814 0.753814 0.8 0.8 0 0 0.183807 0 0 0 0 0 0.164218 0 0 0 0 0 0.2 0 0 0 0.509747 0.0625016 0 0 0 0 0 0.000693309 0.0587699 0 
0.00426064 0.00426064 0.0290495 0.033963 0.033963 0 0 0.753814 0.753814 0.8 0.8 0 0 0.219205 0 0 0 0 0 0.196727 0 0 0 0 0 0.2 0 0 0 0.4 0 0 0 0 0 0 0.000693309 0.0587699 0 
0.00426064 0.00426064 0.029379 0.033963 0.033963 0 0 0.753814 0.753814 0.8 0.8 0 0 0.219205 0 0 0 0 0.259255 0.145725 0 0 0 0 0 0.2 0 0 0 0.214962 0 0 0 0 0 0 0.0552532 0.0587699 0 
0.00426064 0.00426064 0.029711 0.033963 0.033963 0 0 0.753814 0.753814 0.8 0.8 0 0 0.219205 0 0 0 0 0.740745 0.0510025 0 0 0 0 0 0.2 0 0 0 0.0344632 0 0 0 0 0 0 0.161055 0.0587699 0 
0.00426064 0.00426064 0.0300437 0.033963 0.033963 0 0 0.753814 0.753814 0.8 0.8 0 0 0.219205 0 0 0 0 1 0 0 0 0 0 0 0.2 0 0 0 0 0 0 0 0 0 0 0.231268 0.0587699 0 
0.00426064 0.00426064 0.0303751 0.033963 0.033963 0 0 0.753814 0.753814 0.8 0.8 0 0 0.188303 0 0 0 0 0.843748 0 0 0 0 0 0 0.2 0 0 0.0312504 0.204467 0 0 0 0 0 0 0.230602 0.0587699 0 
0.00426064 0.00426064 0.0307033 0.033963 0.033963 0 0 0.753814 0.753814 0.8 0.8 0 0 0.119987 0 0 0 0 0.500005 0 0 0 0 0 0 0.2 0 0 0.0999989 0.542852 0 0 0 0 0 0 0.200496 0.0587699 0 
0.00426064 0.00426064 0.0310264 0.033963 0.033963 0 0 0.753814 0.753814 0.8 0.8 0 0 0.0508391 0 0 0 0 0.156252 0 0 0 0 0 0 0.2 0 0 0.16875 0.85982 0 0 0 0 0 0 0.169221 0.0587699 0 
0.00426064 0.00426064 0.0313425 0.033963 0.033963 0 0 0.753814 0.753814 0.8 0.8 0 0 0.0174448 0 0 0 0 0 0 0 0 0 0 0 0.2 0 0 0.2 1 0 0 0 0 0 0 0.165054 0.0587699 0 
0.00426064 0.00426064 0.0316497 0.033963 0.033963 0 0 0.753814 0.753814 0.8 0.8 0 0 0.0595475 0 0 0 0 0 0.0253182 0 0 0 0 0 0.2 0 0 0.2 1 0 0 0 0 0 0 0.22472 0.0587699 0 
0.00426064 0.00426064 0.031946 0.033963 0.033963 0 0 0.753814 0.753814 0.8 0.8 0 0 0.143535 0 0 0 0 0 0.0723393 0 0 0 0 0 0.2 0 0 0.2 1 0 0 0 0 0 0 0.315824 0.0587699 0 
0.00426064 0.00426064 0.0322297 0.033963 0.033963 0 0 0.753814 0.753814 0.8 0.8 0 0 0.195948 0 0 0 0 0 0.0976575 0 0 0 0 0 0.2 0 0 0.2 1 0 0 0 0 0 0 0.362949 0.0587699 0 
0.00426064 0.00426064 0.0324987 0.033963 0.033963 0 0 0.753814 0.753814 0.8 0.8 0.0259263 0.0259263 0.179595 0 0 0 0 0 0.0976575 0 0 0 0 0 0.2 0 0 0.2 1 0 0 0 0 0 0 0.362949 0.0587699 0 
0.00426064 0.00426064 0.0327511 0.033963 0.033963 0 0 0.753814 0.753814 0.8 0.8 0.0740736 0.0740736 0.131671 0 0 0 0 0 0.0976575 0 0 0 0 0 0.2 0 0 0.2 1 0 0 0 0 0 0 0.362949 0.0587699 0 
0.00426064 0.00426064 0.0329851 0.033963 0.033963 0 0 0.753814 0.753814 0.8 0.8 0.1 0.1 0.0903096 0 0 0 0 0 0.0976575 0 0 0 0 0 0.2 0 0 0.2 1 0 0 0 0 0 0 0.362949 0.0587699 0 
0.00426064 0.00426064 0.0331987 0.033963 0.033963 0 0 0.753814 0.753814 0.8 0.8 0.1 0.1 0.0700209 0 0 0 0 0 0.0976575 0 0 0 0 0 0.2 0 0 0.2 0.977778 0 0 0 0 0 0 0.353204 0.0587699 0 
0.00426064 0.00426064 0.03339 0.033963 0.033963 0 0 0.753814 0.753814 0.8 0.8 0.1 0.1 0.0584044 0 0 0 0 0 0.0976575 0 0 0 0 0 0.2 0 0 0.2 0.922222 0 0 0 0 0 0 0.32884 0.0587699 0 
0.00426064 0.00426064 0.0335571 0.033963 0.033963 0 0 0.753814 0.753814 0.8 0.8 0.1 0.1 0.0532382 0 0 0 0 0 0.0976575 0 0 0 0 0 0.2 0 0 0.2 0.850001 0 0 0 0 0 0 0.297167 0.0587699 0 
0.00426064 0.00426064 0.0336981 0.033963 0.033963 0 0 0.753814 0.753814 0.8 0.8 0.1 0.1 0.0522997 0 0 0 0 0 0.0976575 0 0 0 0 0 0.2 0 0 0.2 0.777778 0 0 0 0 0 0 0.265494 0.0587699 0 
0.00426064 0.00426064 0.0338111 0.033963 0.033963 0 0 0.753814 0.753814 0.8 0.8 0.1 0.1 0.0533664 0 0 0 0 0 0.0976575 0 0 0 0 0 0.2 0 0 0.2 0.722223 0 0 0 0 0 0 0.241131 0.0587699 0 
0.00426064 0.00426064 0.0338942 0.033963 0.033963 0 0 0.753814 0.753814 0.8 0.8 0.1 0.1 0.0542159 0 0 0 0 0 0.0976575 0 0 0 0 0 0.2 0 0 0.2 0.7 0 0 0 0 0 0 0.231385 0.0587699 0 
0.00426064 0.00426064 0.0339455 0.033963 0.033963 0 0 0.753814 0.753814 0.8 0.8 0.1 0.1 0.0542159 0 0 0 0 0 0.0976575 0 0 0 0 0 0.2 0 0 0.2 0.7 0 0 0 0 0 0 0.231385 0.0587699 0 
0.00426064 0.00426064 0.033963 0.033963 0.033963 0 0 0.753814 0.753814 0.8 0.8 0.1 0.1 0.0542159 0 0 0 0 0 0.0976575 0 0 0 0 0 0.2 0 0 0.2 0.7 0 0 0 0 0 0 0.231385 0.0587699 0 
0.00426064 0.00426064 0.0343481 0.0344117 0.0344117 0 0 0.752989 0.752989 0.8 0.8 0.1 0.1 0.0541278 0 0 0 0 0 0.0979852 0 0 0 0 0 0.2 0 0 0.2 0.7 0 0.000328582 0 0 0 0 0.231747 0.0587699 0 
0.00426064 0.00426064 0.0354879 0.0357381 0.0357381 0 0 0.750555 0.750555 0.8 0.8 0.1 0.1 0.053868 0 0 0 0 0 0.0989518 0 0 0 0 0 0.2 0 0 0.2 0.7 0 0.00129722 0 0 0 0 0.232812 0.0587699 0 
0.00426064 0.00426064 0.0373595 0.0379127 0.0379127 0 0 0.746577 0.746577 0.8 0.8 0.1 0.1 0.0534432 0 0 0 0 0 0.100533 0 0 0 0 0 0.2 0 0 0.2 0.7 0 0.00288037 0 0 0 0 0.234552 0.0587699 0 
0.00426064 0.00426064 0.0399395 0.0409059 0.0409059 0 0 0.741119 0.741119 0.8 0.8 0.1 0.1 0.0528602 0 0 0 0 0 0.102705 0 0 0 0 0 0.2 0 0 0.2 0.7 0 0.00505233 0 0 0 0 0.236936 0.0587699 0 
0.00426064 0.00426064 0.0432051 0.0446884 0.0446884 0 0 0.734246 0.734246 0.8 0.8 0.1 0.1 0.0521257 0 0 0 0 0 0.105443 0 0 0 0 0 0.2 0 0 0.2 0.7 0 0.00778763 0 0 0 0 0.239935 0.0587699 0 
0.00426064 0.00426064 0.0471329 0.0492305 0.0492305 0 0 0.726022 0.726022 0.8 0.8 0.1 0.1 0.0512466 0 0 0 0 0 0.108723 0 0 0 0 0 0.2 0 0 0.2 0.7 0 0.0110605 0 0 0 0 0.243519 0.0587699 0 
0.00426064 0.00426064 0.0517002 0.0545028 0.0545028 0 0 0.716512 0.716512 0.8 0.8 0.1 0.1 0.0502294 0 0 0 0 0 0.112521 0 0 0 0 0 0.2 0 0 0.2 0.7 0 0.0148456 0 0 0 0 0.247659 0.0587699 0 
0.00426064 0.00426064 0.0568834 0.0604755 0.0604755 0 0 0.705779 0.705779 0.8 0.8 0.1 0.1 0.049081 0 0 0 0 0 0.116811 0 0 0 0 0 0.2 0 0 0.2 0.7 0 0.0191169 0 0 0 0 0.252325 0.0587699 0 
0.00426064 0.00426064 0.0626598 0.0671196 0.0671196 0 0 0.693888 0.693888 0.8 0.8 0.1 0.1 0.0478082 0 0 0 0 0 0.121571 0 0 0 0 0 0.2 0 0 0.2 0.7 0 0.0238493 0 0 0 0 0.257486 0.0587699 0 
0.00426064 0.00426064 0.0690061 0.0744051 0.0744051 0 0 0.680903 0.680903 0.8 0.8 0.1 0.1 0.0464176 0 0 0 0 0 0.126776 0 0 0 0 0 0.2 0 0 0.2 0.7 0 0.0290168 0 0 0 0 0.263115 0.0587699 0 
0.00426064 0.00426064 0.0758993 0.0823028 0.0823028 0 0 0.666889 0.666889 0.8 0.8 0.1 0.1 0.044916 0 0 0 0 0 0.132401 0 0 0 0 0 0.2 0 0 0.2 0.7 0 0.0345941 0 0 0 0 0.26918 0.0587699 0 
0.00426064 0.00426064 0.0833161 0.0907829 0.0907829 0 0 0.651911 0.651911 0.8 0.8 0.1 0.1 0.0433101 0 0 0 0 0 0.138422 0 0 0 0 0 0.2 0 0 0.2 0.7 0 0.0405552 0 0 0 0 0.275653 0.0587699 0 
0.00426064 0.00426064 0.0912338 0.0998163 0.0998163 0 0 0.636031 0.636031 0.8 0.8 0.1 0.1 0.0416068 0 0 0 0 0 0.144814 0 0 0 0 0 0.2 0 0 0.2 0.7 0 0.046875 0 0 0 0 0.282503 0.0587699 0 
0.00426064 0.00426064 0.0996287 0.109373 0.109373 0 0 0.619315 0.619315 0.8 0.8 0.1 0.1 0.0398127 0 0 0 0 0 0.151555 0 0 0 0 0 0.2 0 0 0.2 0.7 0 0.0535274 0 0 0 0 0.289702 0.0587699 0 
0.00426064 0.00426064 0.108478 0.119424 0.119424 0 0 0.601827 0.601827 0.8 0.8 0.1 0.1 0.0379346 0 0 0 0 0 0.158618 0 0 0 0 0 0.2 0 0 0.2 0.7 0 0.0604873 0 0 0 0 0.297219 0.0587699 0 
0.00426064 0.00426064 0.117759 0.129939 0.129939 0 0 0.583631 0.583631 0.8 0.8 0.1 0.1 0.0359792 0 0 0 0 0 0.165981 0 0 0 0 0 0.2 0 0 0.2 0.7 0 0.0677288 0 0 0 0 0.305024 0.0587699 0 
0.00426064 0.00426064 0.127448 0.14089 0.14089 0 0 0.564792 0.564792 0.8 0.8 0.1 0.1 0.0339533 0 0 0 0 0 0.173618 0 0 0 0 0 0.2 0 0 0.2 0.7 0 0.0752261 0 0 0 0 0.313089 0.0587699 0 
0.00426064 0.00426064 0.137523 0.152246 0.152246 0 0 0.545374 0.545374 0.8 0.8 0.1 0.1 0.0318637 0 0 0 0 0 0.181505 0 0 0 0 0 0.2 0 0 0.2 0.7 0 0.0829541 0 0 0 0 0.321383 0.0587699 0 
0.00426064 0.00426064 0.147959 0.163977 0.163977 0 0 0.525442 0.525442 0.8 0.8 0.1 0.1 0.029717 0 0 0 0 0 0.189619 0 0 0 0 0 0.2 0 0 0.2 0.7 0 0.0908867 0 0 0 0 0.329877 0.0587699 0 
0.00426064 0.00426064 0.158734 0.176056 0.176056 0 0 0.505059 0.505059 0.8 0.8 0.1 0.1 0.0275201 0 0 0 0 0 0.197934 0 0 0 0 0 0.2 0 0 0.2 0.7 0 0.0989987 0 0 0 0 0.338541 0.0587699 0 
0.00426064 0.00426064 0.169825 0.188451 0.188451 0 0 0.48429 0.48429 0.8 0.8 0.1 0.1 0.0252796 0 0 0 0 0 0.206427 0 0 0 0 0 0.2 0 0 0.2 0.7 0 0.107264 0 0 0 0 0.347345 0.0587699 0 
0.00426064 0.00426064 0.181209 0.201133 0.201133 0 0 0.463199 0.463199 0.8 0.8 0.1 0.1 0.0230023 0 0 0 0 0 0.215073 0 0 0 0 0 0.2 0 0 0.2 0.7 0 0.115658 0 0 0 0 0.35626 0.0587699 0 
0.00426064 0.00426064 0.192862 0.214074 0.214074 0 0 0.441852 0.441852 0.8 0.8 0.1 0.1 0.0206951 0 0 0 0 0 0.223847 0 0 0 0 0 0.2 0 0 0.2 0.7 0 0.124154 0 0 0 0 0.365257 0.0587699 0 
0.00426064 0.00426064 0.204762 0.227243 0.227243 0 0 0.420311 0.420311 0.8 0.8 0.1 0.1 0.0183644 0 0 0 0 0 0.232727 0 0 0 0 0 0.2 0 0 0.2 0.7 0 0.132726 0 0 0 0 0.374305 0.0587699 0 
0.00426064 0.00426064 0.216885 0.24061 0.24061 0 0 0.398641 0.398641 0.8 0.8 0.1 0.1 0.0160173 0 0 0 0 0 0.241686 0 0 0 0 0 0.2 0 0 0.2 0.7 0 0.14135 0 0 0 0 0.383375 0.0587699 0 
0.00426064 0.00426064 0.229209 0.254148 0.254148 0 0 0.376907 0.376907 0.8 0.8 0.1 0.1 0.0136604 0 0 0 0 0 0.250702 0 0 0 0 0 0.2 0 0 0.2 0.7 0 0.15 0 0 0 0 0.392437 0.0587699 0 
0.00426064 0.00426064 0.24171 0.267825 0.267825 0 0 0.355174 0.355174 0.8 0.8 0.1 0.1 0.0113004 0 0 0 0 0 0.259749 0 0 0 0 0 0.2 0 0 0.2 0.7 0 0.158649 0 0 0 0 0.401462 0.0587699 0 
0.00426064 0.00426064 0.254365 0.281612 0.281612 0 0 0.333504 0.333504 0.8 0.8 0.1 0.1 0.00894409 0 0 0 0 0 0.268804 0 0 0 0 0 0.2 0 0 0.2 0.7 0 0.167274 0 0 0 0 0.41042 0.0587699 0 
0.00426064 0.00426064 0.267151 0.29548 0.29548 0 0 0.311963 0.311963 0.8 0.8 0.1 0.1 0.00659827 0 0 0 0 0 0.277841 0 0 0 0 0 0.2 0 0 0.2 0.7 0 0.175846 0 0 0 0 0.419281 0.0587699 0 
0.00426064 0.00426064 0.280045 0.3094 0.3094 0 0 0.290615 0.290615 0.8 0.8 0.1 0.1 0.00426957 0 0 0 0 0 0.286838 0 0 0 0 0 0.2 0 0 0.2 0.7 0 0.184342 0 0 0 0 0.428016 0.0587699 0 
0.00426064 0.00426064 0.293024 0.323341 0.323341 0 0 0.269524 0.269524 0.8 0.8 0.1 0.1 0.0019648 0 0 0 0 0 0.295769 0 0 0 0 0 0.2 0 0 0.2 0.7 0 0.192736 0 0 0 0 0.436596 0.0587699 0 
0.00426064 0.00426064 0.306064 0.337275 0.337275 0 0 0.248755 0.248755 0.8 0.8 0.1 0.1 0 0 0 0 0.000850375 0 0.30461 0 0 0 0 0 0.2 0 0 0.2 0.7 0 0.201001 0 0 0 0 0.444989 0.0587699 0 
0.00426064 0.00426064 0.319143 0.351171 0.351171 0 0 0.228372 0.228372 0.8 0.8 0.1 0.1 0 0 0 0 0.00700121 0 0.313337 0 0 0 0 0 0.2 0 0 0.2 0.7 0 0.209113 0 0 0 0 0.453167 0.0587699 0 
0.00426064 0.00426064 0.332238 0.365001 0.365001 0 0 0.20844 0.20844 0.8 0.8 0.1 0.1 0 0 0 0 0.0130304 0 0.321926 0 0 0 0 0 0.2 0 0 0.2 0.7 0 0.217046 0 0 0 0 0.4611 0.0587699 0 
0.00426064 0.00426064 0.345325 0.378734 0.378734 0 0 0.189022 0.189022 0.8 0.8 0.1 0.1 0 0 0 0 0.0189198 0 0.330352 0 0 0 0 0 0.2 0 0 0.2 0.7 0 0.224774 0 0 0 0 0.468759 0.0587699 0 
0.00426064 0.00426064 0.358381 0.392342 0.392342 0 0 0.170183 0.170183 0.8 0.8 0.1 0.1 0 0 0 0 0.0246504 0 0.338591 0 0 0 0 0 0.2 0 0 0.2 0.7 0 0.232271 0 0 0 0 0.476114 0.0587699 0 
0.00426064 0.00426064 0.371383 0.405794 0.405794 0 0 0.151987 0.151987 0.8 0.8 0.1 0.1 0 0 0 0 0.030204 0 0.346619 0 0 0 0 0 0.2 0 0 0.2 0.7 0 0.239513 0 0 0 0 0.483134 0.0587699 0 
0.00426064 0.00426064 0.384308 0.419061 0.419061 0 0 0.1345 0.1345 0.8 0.8 0.1 0.1 0 0 0 0 0.0355618 0 0.354412 0 0 0 0 0 0.2 0 0 0.2 0.7 0 0.246472 0 0 0 0 0.489792 0.0587699 0 
0.00426064 0.00426064 0.397134 0.432115 0.432115 0 0 0.117783 0.117783 0.8 0.8 0.1 0.1 0 0 0 0 0.0407056 0 0.361944 0 0 0 0 0 0.2 0 0 0.2 0.7 0 0.253125 0 0 0 0 0.496056 0.0587699 0 
0.00426064 0.00426064 0.409836 0.444924 0.444924 0 0 0.101904 0.101904 0.8 0.8 0.1 0.1 0 0 0 0 0.0456164 0 0.369192 0 0 0 0 0 0.2 0 0 0.2 0.7 0 0.259445 0 0 0 0 0.501897 0.0587699 0 
0.00426064 0.00426064 0.422393 0.45746 0.45746 0 0 0.086925 0.086925 0.8 0.8 0.1 0.1 0 0 0 0 0.050276 0 0.376132 0 0 0 0 0 0.2 0 0 0.2 0.7 0 0.265406 0 0 0 0 0.507286 0.0587699 0 
0.00426064 0.00426064 0.434779 0.469693 0.469693 0 0 0.0729113 0.0729113 0.8 0.8 0.1 0.1 0 0 0 0 0.0546656 0 0.38274 0 0 0 0 0 0.2 0 0 0.2 0.7 0 0.270983 0 0 0 0 0.512193 0.0587699 0 
0.00426064 0.00426064 0.446974 0.481594 0.481594 0 0 0.0599265 0.0599265 0.8 0.8 0.1 0.1 0 0 0 0 0.0587669 0 0.38899 0 0 0 0 0 0.2 0 0 0.2 0.7 0 0.276151 0 0 0 0 0.516588 0.0587699 0 
0.00426064 0.00426064 0.458953 0.493133 0.493133 0 0 0.0480357 0.0480357 0.8 0.8 0.1 0.1 0 0 0 0 0.0625611 0 0.394859 0 0 0 0 0 0.2 0 0 0.2 0.7 0 0.280883 0 0 0 0 0.520442 0.0587699 0 
0.00426064 0.00426064 0.470693 0.50428 0.50428 0 0 0.0373026 0.0373026 0.8 0.8 0.1 0.1 0 0 0 0 0.0660299 0 0.400322 0 0 0 0 0 0.2 0 0 0.2 0.7 0 0.285154 0 0 0 0 0.523725 0.0587699 0 
0.00426064 0.00426064 0.482172 0.515007 0.515007 0 0 0.0277919 0.0277919 0.8 0.8 0.1 0.1 0 0 0 0 0.0691546 0 0.405355 0 0 0 0 0 0.2 0 0 0.2 0.7 0 0.288939 0 0 0 0 0.526407 0.0587699 0 
0.00426064 0.00426064 0.493365 0.525283 0.525283 0 0 0.0195681 0.0195681 0.8 0.8 0.1 0.1 0 0 0 0 0.0719165 0 0.409934 0 0 0 0 0 0.2 0 0 0.2 0.7 0 0.292212 0 0 0 0 0.528459 0.0587699 0 
0.00426064 0.00426064 0.504251 0.53508 0.53508 0 0 0.0126951 0.0126951 0.8 0.8 0.1 0.1 0 0 0 0 0.0742974 0 0.414035 0 0 0 0 0 0.2 0 0 0.2 0.7 0 0.294948 0 0 0 0 0.529851 0.0587699 0 
0.00426064 0.00426064 0.514806 0.544366 0.544366 0 0 0.00723754 0.00723754 0.8 0.8 0.1 0.1 0 0 0 0 0.0762784 0 0.417633 0 0 0 0 0 0.2 0 0 0.2 0.7 0 0.29712 0 0 0 0 0.530553 0.0587699 0 
0.00426064 0.00426064 0.525007 0.553114 0.553114 0 0 0.00325954 0.00325954 0.8 0.8 0.1 0.1 0 0 0 0 0.0778412 0 0.420704 0 0 0 0 0 0.2 0 0 0.2 0.7 0 0.298703 0 0 0 0 0.530537 0.0587699 0 
0.00426064 0.00426064 0.53483 0.561293 0.561293 0 0 0.000825632 0.000825632 0.8 0.8 0.1 0.1 0 0 0 0 0.078967 0 0.423223 0 0 0 0 0 0.2 0 0 0.2 0.7 0 0.299671 0 0 0 0 0.529771 0.0587699 0 
0.00426064 0.00426064 0.544253 0.568875 0.568875 0 0 0 0 0.8 0.8 0.1 0.1 0 0 0 0 0.0796375 0 0.425167 0 0 0 0 0 0.2 0 0 0.2 0.7 0 0.3 0 0 0 0 0.528227 0.0587699 0 
0.00426064 0.00426064 0.556005 0.575828 0.575828 0 0 0 0 0.781938 0.781938 0.1 0.1 0 0 0 0 0.0267575 0 0.364486 0 0 0 0 0 0.2 0 0 0.2 0.7 0 0.3 0 0 0 0 0.506108 0.0587699 0 
0.00426064 0.00426064 0.571564 0.582125 0.582125 0 0 0 0 0.73233 0.73233 0.1 0.1 0.0261487 0 0 0 0 0 0.250062 0 0 0 0 0 0.2 0 0 0.2 0.7 0 0.3 0 0 0 0 0.447895 0.0587699 0 
0.00426064 0.00426064 0.589033 0.587735 0.587735 0 0 0 0 0.65805 0.65805 0.1 0.1 0.0454836 0 0 0 0 0 0.188283 0 0 0 0 0 0.2 0 0 0.2 0.7 0 0.3 0 0 0 0 0.359983 0.0587699 0 
0.00426064 0.00426064 0.606512 0.59263 0.59263 0 0 0 0 0.565963 0.565963 0.1 0.1 0.0454836 0 0 0 0 0 0.186971 0 0 0 0 0 0.2 0 0 0.2 0.7 0 0.3 0 0 0 0 0.248758 0.0587699 0 
0.00426064 0.00426064 0.622104 0.596778 0.596778 0 0 0 0 0.462947 0.462947 0.1 0.1 0.0454836 0 0 0 0 0 0.185658 0 0 0 0 0 0.2 0 0 0.2 0.7 0 0.3 0 0 0 0 0.120616 0.0587699 0 
0.00426064 0.00426064 0.63391 0.600152 0.600152 0 0 0 0 0.355865 0.355865 0.151853 0.151853 0.0454836 0 0 0 0 0 0.137524 0 0 0 0 0 0.2 0 0 0.2 0.7 0 0.222221 0 0 0 0 0.0295792 0.043533 0 
0.00426064 0.00426064 0.640031 0.602721 0.602721 0 0 0 0 0.251594 0.251594 0.248147 0.248147 0.0454836 0 0 0 0 0 0.0481344 0 0 0 0 0 0.2 0 0 0.2 0.7 0 0.077779 0 0 0 0 0.0013881 0.0152369 0 
0.00426064 0.00426064 0.63857 0.604455 0.604455 0 0 0 0 0.157 0.157 0.3 0.3 0.0454836 0 0 0 0 0 0 0 0 0 0 0 0.2 0 0 0.2 0.7 0 0 0 0 0 0 0 0 0 
0.00426064 0.00426064 0.627627 0.605327 0.605327 0 0 0 0 0.0789552 0.0789552 0.3 0.3 0.0454836 0 0 0 0 0.00127411 0 0 0 0 0 0 0.2 0 0 0.2 0.696178 0 0 0 0 0 0 0 0 0 
0.00426064 0.00426064 0.605305 0.605305 0.605305 0 0 0 0 0.0243328 0.0243328 0.3 0.3 0.0454836 0 0 0 0 0.00485925 0 0 0 0 0 0 0.2 0 0 0.2 0.685422 0 0 0 0 0 0 0 0 0 
0.00426064 0.00426064 0.561913 0.584168 0.584168 0 0 0.00759703 0.00759703 0 0 0.3 0.3 0.0454836 0 0 0 0 0.0104001 0 0 0 0 0 0 0.2 0 0 0.2 0.6688 0 0 0 0 0 0 0 0 0 
0.00426064 0.00426064 0.494259 0.528337 0.528337 0 0 0.0279563 0.0279563 0 0 0.3 0.3 0.0454836 0 0 0 0 0.0175407 0 0 0 0 0 0 0.2 0 0 0.2 0.647378 0 0 0 0 0 0 0 0 0 
0.00426064 0.00426064 0.41018 0.447735 0.447735 0 0 0.0574324 0.0574324 0 0 0.3 0.3 0.0454836 0 0 0 0 0.025926 0 0 0 0 0 0 0.2 0 0 0.2 0.622222 0 0 0 0 0 0 0 0 0 
0.00426064 0.00426064 0.317523 0.352297 0.352297 0 0 0.0923773 0.0923773 0 0 0.3 0.3 0.0454836 0 0 0 0 0.0351999 0 0 0 0 0 0 0.2 0 0 0.2 0.5944 0 0 0 0 0 0 0 0 0 
0.00426064 0.00426064 0.224126 0.251945 0.251945 0 0 0.129147 0.129147 0 0 0.3 0.3 0.0454836 0 0 0 0 0.0450075 0 0 0 0 0 0 0.2 0 0 0.2 0.564978 0 0 0 0 0 0 0 0 0 
0.00426064 0.00426064 0.137835 0.156613 0.156613 0 0 0.164091 0.164091 0 0 0.3 0.3 0.0454836 0 0 0 0 0.0549925 0 0 0 0 0 0 0.2 0 0 0.2 0.535022 0 0 0 0 0 0 0 0 0 
0.00426064 0.00426064 0.0664875 0.0762241 0.0762241 0 0 0.193568 0.193568 0 0 0.3 0.3 0.0454836 0 0 0 0 0.0648001 0 0 0 0 0 0 0.2 0 0 0.2 0.5056 0 0 0 0 0 0 0 0 0 
0.00426064 0.00426064 0.0179294 0.0207113 0.0207113 0 0 0.213927 0.213927 0.00243447 0.00243447 0.3 0.3 0.0454836 0 0 0 0 0.074074 0 0 0 0 0 0 0.2 0 0 0.2 0.477778 0 0 0 0 0 0 0 0 0 
0.00426064 0.00426064 0 0 0 0 0 0.221524 0.221524 0.018044 0.018044 0.3 0.3 0.0454836 0 0 0 0 0.0824593 0 0 0 0 0 0 0.2 0 0 0.2 0.452622 0 0 0 0 0 0 0 0 0 
0.00426064 0.00426064 0 0 0 0 0 0.221524 0.221524 0.0394322 0.0394322 0.3 0.3 0.0454836 0 0 0 0 0.0895999 0 0 0 0 0 0 0.2 0 0 0.2 0.4312 0 0 0 0 0 0 0 0 0 
0.00426064 0.00426064 0 0 0 0 0 0.221524 0.221524 0.0672549 0.0672549 0.3 0.3 0.0454836 0 0 0 0 0.0951407 0 0 0 0 0 0 0.2 0 0 0.2 0.414578 0 0 0 0 0 0 0 0 0 
0.00426064 0.00426064 0 0 0 0 0 0.221524 0.221524 0.102165 0.102165 0.3 0.3 0.0454836 0 0 0 0 0.0987259 0 0 0 0 0 0 0.2 0 0 0.2 0.403822 0 0 0 0 0 0 0 0 0 
0.00426064 0.00426064 0 0 0 0 0 0.221524 0.221524 0.144819 0.144819 0.3 0.3 0.0454836 0 0 0 0 0.1 0 0 0 0 0 0 0.2 0 0 0.2 0.4 0 0 0 0 0 0 0 0 0 
0.00426064 0.00426064 0.022535 0.0224943 0.0224943 0 0 0.221524 0.221524 0.195871 0.195871 0.3 0.3 0.121608 0 0 0 0 0.1 0.0529227 0 0 0 0 0 0.2 0 0 0.2 0.4 0 0 0 0 0 0 0.216335 0 0 
0.00426064 0.00426064 0.0788705 0.0787402 0.0787402 0 0 0.221524 0.221524 0.255974 0.255974 0.3 0.3 0.224055 0 0 0 0 0.1 0.180776 0 0 0 0 0 0.2 0 0 0.2 0.4 0 0 0 0 0 0 0.530204 0 0 
0.00426064 0.00426064 0.152108 0.151889 0.151889 0 0 0.221524 0.221524 0.325785 0.325785 0.3 0.3 0.259844 0 0 0 0 0.1 0.337205 0 0 0 0 0 0.2 0 0 0.2 0.4 0 0 0 0 0 0 0.680559 0 0 
0.00426064 0.00426064 0.225344 0.225084 0.225084 0 0 0.221524 0.221524 0.405955 0.405955 0.3 0.3 0.256093 0 0 0 0 0.1 0.475838 0 0 0 0 0 0.2 0 0 0.2 0.4 0 0 0 0 0 0 0.780346 0 0 
0.00426064 0.00426064 0.281681 0.281477 0.281477 0 0 0.221524 0.221524 0.497144 0.497144 0.3 0.3 0.224145 0 0 0 0 0.1 0.575272 0.00691567 0.0363011 0 0 0 0.2 0 0 0.2 0.4 0 0.181484 0.181484 0 0 0 0.879054 0 0 
0.00426064 0.00426064 0.304215 0.304215 0.304215 0 0 0.221524 0.221524 0.6 0.6 0.3 0.3 0.183393 0 0 0 0 0.1 0.647767 0.0272578 0.103715 0 0 0 0.2 0 0 0.2 0.4 0 0.518516 0.518516 0 0 0 0.963932 0 0 
0.00426064 0.00426064 0.272576 0.275448 0.275448 0.0498691 0.0498691 0.221524 0.221524 0.705065 0.705065 0.3 0.3 0.137188 0 0 0 0 0.1 0.697476 0.0604216 0.140016 0 0 0 0.2 0 0 0.2 0.4 0 0.7 0.7 0 0 0 1 0 0 
0.00426064 0.00426064 0.197132 0.205525 0.205525 0.175132 0.175132 0.221524 0.221524 0.799879 0.799879 0.3 0.3 0.0888886 0 0 0 0 0.1 0.728543 0.105799 0.140016 0 0 0 0.2 0 0 0.2 0.4 0 0.7 0.7 0 0 0 1 0 0 
0.00426064 0.00426064 0.107083 0.119885 0.119885 0.339288 0.339288 0.221524 0.221524 0.880613 0.880613 0.3 0.3 0.0418467 0 0 0 0 0.1 0.74512 0.162787 0.140016 0 0 0 0.2 0 0 0.2 0.4 0 0.7 0.7 0 0 0 1 0 0 
0.00426064 0.00426064 0.031639 0.0439715 0.0439715 0.50582 0.50582 0.221524 0.221524 0.943431 0.943431 0.3 0.3 0 0 0 0 0.00159559 0.1 0.751354 0.230775 0.140016 0 0 0 0.2 0 0 0.2 0.4 0 0.7 0.7 0 0 0 1 0 0 
0.00426064 0.00426064 0 0.00322293 0.00322293 0.638229 0.638229 0.221524 0.221524 0.984505 0.984505 0.3 0.3 0 0 0 0 0.0963593 0.1 0.751394 0.309162 0.140016 0 0 0 0.2 0 0 0.2 0.4 0 0.7 0.7 0 0 0 1 0 0 
0.00426064 0.00426064 0 0 0 0.7 0.7 0.252028 0.252028 1 1 0.3 0.3 0 0 0 0 0.159982 0.1 0.749388 0.397338 0.140016 0 0 0 0.2 0 0 0.2 0.4 0 0.7 0.7 0 0 0 1 0 0 
0.00426064 0.00426064 0 0 0 0.71406 0.71406 0.32829 0.32829 1 1 0.3 0.3 0 0 0 0 0.18324 0.1 0.749485 0.4947 0.140016 0 0 0 0.2 0 0 0.2 0.4 0 0.7 0.7 0 0 0 1 0 0 
0.00426064 0.00426064 0 0 0 0.727674 0.727674 0.427428 0.427428 1 1 0.3 0.3 0 0 0 0 0.18324 0.1 0.731771 0.588754 0.125455 0 0 0 0.2 0.107797 0.107797 0.2 0.4 0 0.7 0.7 0 0 0 1 0 0.0191555 
0.00426064 0.00426064 0 0 0 0.740849 0.740849 0.52657 0.52657 1 1 0.3 0.3 0 0 0 0 0.18324 0.1 0.683775 0.665891 0.0907308 0 0 0 0.2 0.273184 0.273184 0.2 0.4 0 0.7 0.7 0 0 0 1 0 0.0648359 
0.00426064 0.00426064 0 0 0 0.753593 0.753593 0.602832 0.602832 1 1 0.3 0.3 0 0 0 0 0.18324 0.1 0.620814 0.723821 0.0492855 0 0 0 0.2 0.45735 0.45735 0.2 0.4 0 0.7 0.7 0 0 0 1 0 0.119358 
0.00426064 0.00426064 0 0 0 0.765911 0.765911 0.633336 0.633336 1 1 0.3 0.3 0 0 0 0 0.18324 0.1 0.55821 0.760257 0.014562 0 0 0 0.2 0.621485 0.621485 0.2 0.4 0 0.7 0.7 0 0 0 1 0 0.165037 
0.00426064 0.00426064 0 0 0 0.777812 0.777812 0.633336 0.633336 0.999624 0.999624 0.3 0.3 0 0 0 0 0.18324 0.1 0.511277 0.77291 0 0 0 0 0.2 0.726793 0.726793 0.2 0.4 0 0.7 0.7 0 0 0 1 0 0.184194 
0.00426064 0.00426064 0 0 0 0.789303 0.789303 0.633336 0.633336 0.997951 0.997951 0.3 0.3 0 0 0 0 0.18324 0.1 0.480479 0.77291 0 0 0 0 0.2 0.78774 0.78774 0.2 0.4 0 0.7 0.7 0 0 0 0.989514 0 0.184194 
0.00426064 0.00426064 0 0 0 0.800391 0.800391 0.633336 0.633336 0.995859 0.995859 0.3 0.3 0 0 0 0 0.18324 0.1 0.454888 0.77291 0 0 0 0 0.2 0.844554 0.844554 0.2 0.4 0 0.7 0.7 0 0 0 0.96141 0 0.184194 
0.00426064 0.00426064 0 0 0 0.811083 0.811083 0.633336 0.633336 0.993366 0.993366 0.3 0.3 0 0 0 0 0.18324 0.1 0.432746 0.77291 0 0 0 0 0.2 0.897043 0.897043 0.2 0.4 0 0.7 0.7 0 0 0 0.920723 0 0.184194 
0.00426064 0.00426064 0 0 0 0.821386 0.821386 0.633336 0.633336 0.990486 0.990486 0.3 0.3 0 0 0 0 0.18324 0.1 0.412288 0.77291 0 0 0 0 0.2 0.945025 0.945025 0.2 0.4 0 0.7 0.7 0 0 0 0.872484 0 0.184194 
0.00426064 0.00426064 0 0 0 0.831308 0.831308 0.633336 0.633336 0.987236 0.987236 0.3 0.3 0 0 0 0 0.18324 0.1 0.391754 0.77291 0 0 0 0 0.2 0.988312 0.988312 0.2 0.4 0 0.7 0.7 0 0 0 0.82173 0 0.184194 
0.00426064 0.00426064 0 0 0 0.840855 0.840855 0.633336 0.633336 0.983631 0.983631 0.3 0.3 0 0 0 0 0.18324 0.1 0.369381 0.77291 0 0 0 0 0.2 1 1 0.2 0.4 0 0.7 0.7 0 0 0 0.773492 0 0.184194 
0.00426064 0.00426064 0 0 0 0.850036 0.850036 0.633336 0.633336 0.979688 0.979688 0.3 0.3 0 0 0 0 0.18324 0.1 0.343409 0.77291 0 0 0 0 0.2 1 1 0.2 0.4 0 0.7 0.7 0 0 0 0.732805 0 0.184194 
0.00426064 0.00426064 0 0 0 0.858856 0.858856 0.633336 0.633336 0.975421 0.975421 0.3 0.3 0 0 0 0 0.18324 0.1 0.312075 0.77291 0 0 0 0 0.2 1 1 0.2 0.4 0 0.7 0.7 0 0 0 0.704701 0 0.184194 
0.00426064 0.00426064 0.00198511 0.00198511 0.00198511 0.867324 0.867324 0.633336 0.633336 0.970847 0.970847 0.3 0.3 0 0 0 0 0.18324 0.1 0.273618 0.77291 0 0 0 0 0.2 1 1 0.2 0.4 0 0.7 0.7 0 0 0 0.694215 0 0.184194 
0.00426064 0.00426064 0.00768032 0.00768032 0.00768032 0.875446 0.875446 0.633336 0.633336 0.965982 0.965982 0.3 0.3 0 0 0 0 0.045252 0.1 0.183742 0.77291 0 0 0 0 0.2 1 1 0.2 0.4 0 0.7 0.7 0 0 0 0.694215 0.00404533 0.184194 
0.00426064 0.00426064 0.0166948 0.0166948 0.0166948 0.88323 0.88323 0.633336 0.633336 0.960841 0.960841 0.3 0.3 0.0889407 0 0 0 0 0.1 0.0614709 0.77291 0 0 0 0 0.2 1 1 0.2 0.4 0 0.7 0.7 0 0 0 0.694215 0.0115578 0.184194 
0.00426064 0.00426064 0.0286385 0.0286385 0.0286385 0.890683 0.890683 0.633336 0.633336 0.955441 0.955441 0.3 0.3 0.181863 0 0 0 0 0.1 0 0.77291 0 0 0 0 0.2 1 1 0.2 0.4 0 0.7 0.7 0 0 0 0.694215 0.0156032 0.184194 
0.00426064 0.00426064 0.0431207 0.0431207 0.0431207 0.897813 0.897813 0.633336 0.633336 0.949797 0.949797 0.3 0.3 0.232219 0 0 0 0 0.1 0 0.77291 0.0169149 0 0 0 0.2 1 1 0.2 0.4 0 0.7 0.7 0 0 0 0.694215 0.0156032 0.184194 
0.00426064 0.00426064 0.0597503 0.0597503 0.0597503 0.904625 0.904625 0.633336 0.633336 0.943924 0.943924 0.3 0.3 0.258274 0 0 0 0 0.1 0 0.77291 0.0541262 0 0 0 0.2 1 1 0.2 0.4 0 0.7 0.7 0 0 0 0.694215 0.0156032 0.184194 
0.00426064 0.00426064 0.0781378 0.0781378 0.0781378 0.911128 0.911128 0.633336 0.633336 0.93784 0.93784 0.3 0.3 0.264866 0 0 0 0 0.1 0 0.77291 0.0913384 0 0 0 0.2 1 1 0.2 0.4 0 0.7 0.7 0 0 0 0.694215 0.0156032 0.184194 
0.00426064 0.00426064 0.0978915 0.0978915 0.0978915 0.917328 0.917328 0.633336 0.633336 0.931559 0.931559 0.3 0.3 0.256829 0 0 0 0 0.1 0 0.77291 0.108252 0 0 0 0.2 1 1 0.2 0.4 0 0.7 0.7 0 0 0 0.694215 0.0156032 0.184194 
0.00426064 0.00426064 0.118622 0.118622 0.118622 0.923233 0.923233 0.633336 0.633336 0.925097 0.925097 0.3 0.3 0.231556 0 0 0 0 0.1 0 0.759926 0.100234 0 0 0 0.2 1 1 0.2 0.4 0 0.7 0.7 0 0 0 0.694215 0.0156032 0.184194 
0.00426064 0.00426064 0.139938 0.139938 0.139938 0.92885 0.92885 0.633336 0.633336 0.918471 0.918471 0.3 0.3 0.189558 0 0 0 0 0.1 0 0.724682 0.080187 0 0 0 0.2 1 1 0.2 0.4 0 0.7 0.7 0 0 0 0.694215 0.0156032 0.184194 
0.00426064 0.00426064 0.16145 0.16145 0.16145 0.934187 0.934187 0.633336 0.633336 0.911696 0.911696 0.3 0.3 0.140341 0 0 0 0 0.1 0 0.672743 0.0541258 0 0 0 0.2 0.997093 0.997093 0.2 0.4 0 0.7 0.7 0 0 0 0.694215 0.0156032 0.184194 
0.00426064 0.00426064 0.182766 0.182766 0.182766 0.93925 0.93925 0.633336 0.633336 0.904787 0.904787 0.3 0.3 0.0934152 0 0 0 0 0.1 0 0.609676 0.0280654 0 0 0 0.2 0.947613 0.947613 0.2 0.4 0 0.7 0.7 0 0 0 0.694215 0.0156032 0.184194 
0.00426064 0.00426064 0.203496 0.203496 0.203496 0.944047 0.944047 0.633336 0.633336 0.897762 0.897762 0.3 0.3 0.0582864 0 0 0 0 0.1 0 0.541042 0.00801848 0 0 0 0.2 0.890458 0.890458 0.2 0.4 0 0.7 0.7 0 0 0 0.694215 0.0156032 0.184194 
0.00426064 0.00426064 0.22325 0.22325 0.22325 0.948584 0.948584 0.633336 0.633336 0.890635 0.890635 0.3 0.3 0.0444644 0 0 0 0 0.1 0 0.47241 0 0 0 0 0.2 0.825443 0.825443 0.2 0.4 0 0.7 0.7 0 0 0 0.694215 0.0156032 0.184194 
0.00426064 0.00426064 0.241638 0.241638 0.241638 0.952869 0.952869 0.633336 0.633336 0.883422 0.883422 0.3 0.3 0.0444644 0 0 0 0 0.1 0 0.409341 0 0 0 0 0.2 0.752381 0.752381 0.2 0.4 0 0.7 0.7 0 0 0 0.644084 0.0156032 0.184194 
0.00426064 0.00426064 0.258267 0.258267 0.258267 0.95691 0.95691 0.633336 0.633336 0.87614 0.87614 0.3 0.3 0.0444644 0 0 0 0 0.1 0 0.357404 0 0 0 0 0.2 0.671087 0.671087 0.2 0.4 0 0.7 0.7 0 0 0 0.535076 0.0156032 0.184194 
0.00426064 0.00426064 0.272749 0.272749 0.272749 0.960713 0.960713 0.633336 0.633336 0.868803 0.868803 0.3 0.3 0.0444644 0 0 0 0 0.1 0 0.32216 0 0 0 0 0.2 0.581372 0.581372 0.2 0.4 0 0.7 0.7 0 0 0 0.429251 0.0156032 0.184194 
0.00426064 0.00426064 0.284693 0.284693 0.284693 0.964286 0.964286 0.633336 0.633336 0.861429 0.861429 0.3 0.3 0.0444644 0 0 0 0 0.1 0 0.309175 0 0 0 0 0.2 0.483055 0.483055 0.2 0.4 0 0.7 0.7 0 0 0 0.38868 0.0156032 0.184194 
0.00426064 0.00426064 0.293708 0.293708 0.293708 0.967635 0.967635 0.633336 0.633336 0.854032 0.854032 0.3 0.3 0.0546841 0 0 0 0 0.1 0.0460258 0.309175 0 0 0 0 0.2 0.375943 0.375943 0.2 0.4 0 0.7 0.7 0 0 0 0.453149 0.0156032 0.184194 
0.00426064 0.00426064 0.299403 0.299403 0.299403 0.970769 0.970769 0.633336 0.633336 0.846628 0.846628 0.3 0.3 0.0768243 0 0 0 0 0.1 0.15679 0.309175 0 0 0 0 0.2 0.259854 0.259854 0.2 0.4 0 0.7 0.7 0 0 0 0.581813 0.0156032 0.184194 
0.00426064 0.00426064 0.301388 0.301388 0.301388 0.973693 0.973693 0.633336 0.633336 0.839234 0.839234 0.3 0.3 0.098106 0 0 0 0 0.1 0.29132 0.309175 0 0 0 0 0.2 0.134604 0.134604 0.2 0.4 0 0.7 0.7 0 0 0 0.715774 0.0156032 0.184194 
0.00426064 0.00426064 0.300574 0.300627 0.300627 0.976416 0.976416 0.631626 0.631626 0.831865 0.831865 0.3 0.3 0.105752 0 0 0 0 0.1 0.408655 0.309175 0 0 0 0 0.2 0 0 0.2 0.4 0 0.7 0.7 0 0 0 0.796151 0.0156032 0.184194 
0.00426064 0.00426064 0.298201 0.298404 0.298404 0.978944 0.978944 0.626639 0.626639 0.824537 0.824537 0.283382 0.283382 0.0998135 0 0 0 0 0.1 0.489783 0.31005 0.0180002 0 0 0 0.2 0 0 0.2 0.4 0 0.711078 0.711078 0 0 0 0.81921 0.0156032 0.184194 
0.00426064 0.00426064 0.294368 0.294811 0.294811 0.981286 0.981286 0.618585 0.618585 0.817266 0.817266 0.240525 0.240525 0.0895098 0 0 0 0 0.1 0.546027 0.312304 0.0644234 0 0 0 0.2 0 0 0.2 0.4 0 0.73965 0.73965 0 0 0 0.824052 0.0156032 0.184194 
0.00426064 0.00426064 0.289177 0.289938 0.289938 0.983447 0.983447 0.607676 0.607676 0.810068 0.810068 0.181925 0.181925 0.0758191 0 0 0 0 0.1 0.581906 0.315387 0.127898 0 0 0 0.2 0 0 0.2 0.4 0 0.778717 0.778717 0 0 0 0.816023 0.0156032 0.184194 
0.00426064 0.00426064 0.282728 0.283876 0.283876 0.985435 0.985435 0.594124 0.594124 0.802958 0.802958 0.118075 0.118075 0.0597176 0 0 0 0 0.1 0.601942 0.318746 0.19706 0 0 0 0.2 0 0 0.2 0.4 0 0.821283 0.821283 0 0 0 0.800469 0.0156032 0.184194 
0.00426064 0.00426064 0.275121 0.276716 0.276716 0.987258 0.987258 0.578139 0.578139 0.795952 0.795952 0.0594754 0.0594754 0.0421832 0 0 0 0 0.1 0.610656 0.321829 0.260535 0 0 0 0.2 0 0 0.2 0.4 0 0.86035 0.86035 0 0 0 0.78274 0.0156032 0.184194 
0.00426064 0.00426064 0.266458 0.268547 0.268547 0.988922 0.988922 0.559934 0.559934 0.789066 0.789066 0.0166177 0.0166177 0.0241919 0 0 0 0 0.1 0.612569 0.324084 0.306958 0 0 0 0.2 0 0 0.2 0.4 0 0.888922 0.888922 0 0 0 0.768181 0.0156032 0.184194 
0.00426064 0.00426064 0.256839 0.259463 0.259463 0.990435 0.990435 0.53972 0.53972 0.782317 0.782317 0 0 0.0067219 0 0 0 0 0.1 0.612202 0.324958 0.324958 0 0 0 0.2 0 0 0.2 0.4 0 0.9 0.9 0 0 0 0.76214 0.0156032 0.184194 
0.00426064 0.00426064 0.246364 0.249552 0.249552 0.991804 0.991804 0.517708 0.517708 0.775719 0.775719 0 0 0 0 0 0 0.02303 0.1 0.612202 0.324958 0.324958 0 0 0 0.2 0 0 0.2 0.4 0 0.9 0.9 0 0 0 0.76214 0.018588 0.186325 
0.00426064 0.00426064 0.235134 0.238907 0.238907 0.993036 0.993036 0.494111 0.494111 0.769288 0.769288 0 0 0 0 0 0 0.0555904 0.1 0.612202 0.324958 0.324958 0 0 0 0.2 0 0 0.2 0.4 0 0.9 0.9 0 0 0 0.76214 0.0266896 0.192108 
0.00426064 0.00426064 0.22325 0.227617 0.227617 0.994138 0.994138 0.469138 0.469138 0.763041 0.763041 0 0 0 0 0 0 0.080518 0.1 0.612202 0.324958 0.324958 0 0 0 0.2 0 0 0.2 0.4 0 0.9 0.9 0 0 0 0.76214 0.038629 0.200631 
0.00426064 0.00426064 0.210813 0.215773 0.215773 0.995118 0.995118 0.443003 0.443003 0.756994 0.756994 0 0 0 0 0 0 0.0991315 0.1 0.612202 0.324958 0.324958 0 0 0 0.2 0 0 0.2 0.4 0 0.9 0.9 0 0 0 0.76214 0.0531265 0.21098 
0.00426064 0.00426064 0.197923 0.203467 0.203467 0.995982 0.995982 0.415915 0.415915 0.751161 0.751161 0 0 0 0 0 0 0.112752 0.1 0.612202 0.324958 0.324958 0 0 0 0.2 0 0 0.2 0.4 0 0.9 0.9 0 0 0 0.76214 0.0689036 0.222243 
0.00426064 0.00426064 0.18468 0.190789 0.190789 0.996738 0.996738 0.388087 0.388087 0.745559 0.745559 0 0 0 0 0 0 0.1227 0.1 0.612202 0.324958 0.324958 0 0 0 0.2 0 0 0.2 0.4 0 0.9 0.9 0 0 0 0.76214 0.0846807 0.233505 
0.00426064 0.00426064 0.171187 0.17783 0.17783 0.997394 0.997394 0.359731 0.359731 0.740204 0.740204 0 0 0 0 0 0 0.130294 0.1 0.612202 0.324958 0.324958 0 0 0 0.2 0 0 0.2 0.4 0 0.9 0.9 0 0 0 0.76214 0.0991782 0.243855 
0.00426064 0.00426064 0.157541 0.16468 0.16468 0.997955 0.997955 0.331057 0.331057 0.735111 0.735111 0 0 0 0 0 0 0.136856 0.1 0.612202 0.324958 0.324958 0 0 0 0.2 0 0 0.2 0.4 0 0.9 0.9 0 0 0 0.76214 0.111118 0.252378 
0.00426064 0.00426064 0.143846 0.151431 0.151431 0.998431 0.998431 0.302279 0.302279 0.730297 0.730297 0 0 0 0 0 0 0.143705 0.1 0.612202 0.324958 0.324958 0 0 0 0.2 0 0 0.2 0.4 0 0.9 0.9 0 0 0 0.76214 0.119219 0.258161 
0.00426064 0.00426064 0.130201 0.138173 0.138173 0.998826 0.998826 0.273605 0.273605 0.725777 0.725777 0 0 0 0 0 0 0.152163 0.1 0.612202 0.324958 0.324958 0 0 0 0.2 0 0 0.2 0.4 0 0.9 0.9 0 0 0 0.76214 0.122204 0.260292 
0.00426064 0.00426064 0.116708 0.124997 0.124997 0.99915 0.99915 0.245249 0.245249 0.721567 0.721567 0 0 0 0 0 0 0.16095 0.1 0.610952 0.324958 0.324958 0 0 0 0.2 0 0 0.2 0.4 0 0.9 0.9 0 0 0 0.765085 0.122204 0.260292 
0.00426064 0.00426064 0.103465 0.111994 0.111994 0.999408 0.999408 0.217421 0.217421 0.717683 0.717683 0 0 0 0 0 0 0.168033 0.1 0.607524 0.324958 0.324958 0 0 0 0.2 0 0 0.2 0.4 0 0.9 0.9 0 0 0 0.773161 0.122204 0.260292 
0.00426064 0.00426064 0.090575 0.0992552 0.0992552 0.999609 0.999609 0.190334 0.190334 0.714141 0.714141 0 0 0 0 0 0 0.173594 0.1 0.602403 0.324958 0.324958 0 0 0 0.2 0 0 0.2 0.4 0 0.9 0.9 0 0 0 0.785226 0.122204 0.260292 
0.00426064 0.00426064 0.0781376 0.0868703 0.0868703 0.99976 0.99976 0.164198 0.164198 0.710956 0.710956 0 0 0 0 0 0 0.177816 0.1 0.596072 0.324958 0.324958 0 0 0 0.2 0 0 0.2 0.4 0 0.9 0.9 0 0 0 0.800143 0.122204 0.260292 
0.00426064 0.00426064 0.066254 0.0749309 0.0749309 0.999867 0.999867 0.139226 0.139226 0.708144 0.708144 0 0 0 0 0 0 0.180881 0.1 0.589015 0.324958 0.324958 0 0 0 0.2 0 0 0.2 0.4 0 0.9 0.9 0 0 0 0.816769 0.122204 0.260292 
0.00426064 0.00426064 0.0550243 0.0635273 0.0635273 0.999937 0.999937 0.115628 0.115628 0.705721 0.705721 0 0 0 0 0 0 0.182973 0.1 0.581717 0.324958 0.324958 0 0 0 0.2 0 0 0.2 0.4 0 0.9 0.9 0 0 0 0.833965 0.122204 0.260292 
0.00426064 0.00426064 0.0445496 0.0527508 0.0527508 0.999979 0.999979 0.0936165 0.0936165 0.703704 0.703704 0 0 0 0 0 0 0.184275 0.1 0.57466 0.324958 0.324958 0 0 0 0.2 0 0 0.2 0.4 0 0.9 0.9 0 0 0 0.850591 0.122204 0.260292 
0.00426064 0.00426064 0.0349301 0.0426917 0.0426917 0.999999 0.999999 0.073402 0.073402 0.702107 0.702107 0 0 0 0 0 0 0.184969 0.1 0.568329 0.324958 0.324958 0 0 0 0.2 0 0 0.2 0.4 0 0.9 0.9 0 0 0 0.865507 0.122204 0.260292 
0.00426064 0.00426064 0.0262669 0.0334413 0.0334413 1 1 0.0551972 0.0551972 0.700947 0.700947 0 0 0 0 0 0 0.185239 0.1 0.563208 0.324958 0.324958 0 0 0 0.2 0 0 0.2 0.4 0 0.9 0.9 0 0 0 0.877573 0.122204 0.260292 
0.00426064 0.00426064 0.0186602 0.0250899 0.0250899 1 1 0.0392124 0.0392124 0.700239 0.700239 0 0 0 0 0 0 0.185266 0.1 0.55978 0.324958 0.324958 0 0 0 0.2 0 0 0.2 0.4 0 0.9 0.9 0 0 0 0.885649 0.122204 0.260292 
0.00426064 0.00426064 0.0122108 0.0177286 0.0177286 1 1 0.0256598 0.0256598 0.7 0.7 0 0 0 0 0 0 0.185235 0.1 0.55853 0.324958 0.324958 0 0 0 0.2 0 0 0.2 0.4 0 0.9 0.9 0 0 0 0.888594 0.122204 0.260292 
0.00426064 0.00426064 0.0070196 0.0114483 0.0114483 0.922224 0.922224 0.014751 0.014751 0.777776 0.777776 0 0 0 0 0 0 0.185249 0.1 0.559298 0.324958 0.324958 0 0 0 0.2 0 0 0.2 0.4 0 0.9 0.9 0 0 0 0.888385 0.122204 0.260292 
0.00426064 0.00426064 0.00318689 0.00633943 0.00633943 0.777776 0.777776 0.00669692 0.00669692 0.922224 0.922224 0 0 0 0 0 0 0.18529 0.1 0.561469 0.324958 0.324958 0 0 0 0.2 0 0 0.2 0.4 0 0.9 0.9 0 0 0 0.887735 0.122204 0.260292 
0.00426064 0.00426064 0.000813517 0.00249315 0.00249315 0.7 0.7 0.00170952 0.00170952 1 1 0 0 0 0 0 0 0.185354 0.1 0.564843 0.324958 0.324958 0 0 0 0.2 0 0 0.2 0.4 0 0.9 0.9 0 0 0 0.88661 0.122204 0.260292 
0.220724 0.220724 0 0 0 0.7 0.7 0 0 1 1 0 0 0 0 0 0 0.185439 0.1 0.569219 0.324958 0.324958 0 0 0 0.2 0 0 0.2 0.4 0 0.9 0.9 0 0 0 0.884976 0.122204 0.260292 
0.640315 0.640315 6.38426e-06 0 0 0.7 0.7 0 0 1 1 0 0 0 0 0 0 0.185541 0.1 0.574398 0.324958 0.324958 0 0 0 0.2 0 0 0.2 0.4 0 0.9 0.9 0 0 0 0.8828 0.122204 0.260292 
0.918379 0.918379 2.50419e-05 0 0 0.7 0.7 0 0 1 1 0 0 0 0 0 0 0.185659 0.1 0.580179 0.324958 0.324958 0 0 0 0.2 0 0 0.2 0.4 0 0.9 0.9 0 0 0 0.880048 0.122204 0.260292 
0.963885 0.963885 5.5228e-05 0 0 0.7 0.7 0 0 1 1 0 0 0 0 0 0 0.185788 0.1 0.586361 0.324958 0.324958 0 0 0 0.2 0 0 0.2 0.4 0 0.9 0.9 0 0 0 0.876687 0.122204 0.260292 
0.925907 0.925907 9.62006e-05 0 0 0.7 0.7 0 0 1 1 0 0 0 0 0 0 0.185926 0.1 0.592746 0.324958 0.324958 0 0 0 0.2 0 0 0.2 0.4 0 0.9 0.9 0 0 0 0.872682 0.122204 0.260292 
0.819902 0.819902 0.000147213 0.000257612 0.000257612 0.7 0.7 0 0 1 1 0 0 0 0 0 0 0.186069 0.1 0.599131 0.324958 0.324958 0 0 0 0.2 0 0 0.2 0.4 0 0.9 0.9 0 0 0 0.867999 0.122204 0.260292 
0.661317 0.661317 0.000207526 0.0023109 0.0023109 0.7 0.7 0 0 1 1 0 0 0 0 0 0 0.186216 0.1 0.605318 0.324958 0.324958 0 0 0 0.2 0 0 0.2 0.4 0 0.9 0.9 0 0 0 0.862606 0.122204 0.260292 
0.465616 0.465616 0.00027639 0.0049522 0.0049522 0.7 0.7 0 0 1 1 0 0 0 0 0 0 0.186363 0.1 0.611106 0.324958 0.324958 0 0 0 0.2 0 0 0.2 0.4 0 0.9 0.9 0 0 0 0.856468 0.122204 0.260292 
0.248242 0.248242 0.000353066 0.00814774 0.00814774 0.7 0.7 0 0 1 1 0 0 0 0 0 0 0.186507 0.1 0.616294 0.324958 0.324958 0 0 0 0.2 0 0 0.2 0.4 0 0.9 0.9 0 0 0 0.849551 0.122204 0.260292 
0.0839882 0.0839882 0.000436806 0.0118634 0.0118634 0.7 0.7 0 0 1 1 0 0 0 0 0 0 0.186644 0.1 0.620683 0.324958 0.324958 0 0 0 0.2 0 0 0.2 0.4 0 0.9 0.9 0 0 0 0.841822 0.122204 0.260292 
0.0125943 0.0125943 0.000526872 0.0160655 0.0160655 0.7 0.7 0 0 1 1 0 0 0 0 0 0 0.186773 0.1 0.624072 0.324958 0.324958 0 0 0 0.2 0 0 0.2 0.4 0 0.9 0.9 0 0 0 0.833247 0.122204 0.260292 
0 0 0.000622516 0.0207199 0.0207199 0.7 0.7 0 0 1 1 0 0 0 0 0 0 0.186891 0.1 0.626262 0.324958 0.324958 0 0 0 0.2 0 0 0.2 0.4 0 0.9 0.9 0 0 0 0.823792 0.122204 0.260292 
0 0 0.000722992 0.0257927 0.0257927 0.7 0.7 0 0 1 1 0 0 0 0 0 0 0.186993 0.1 0.627051 0.324958 0.324958 0 0 0 0.2 0 0 0.2 0.4 0 0.9 0.9 0 0 0 0.813424 0.122204 0.260292 
0 0 0.000827562 0.0312501 0.0312501 0.697411 0.697411 0 0 1 1 0 0 0 0 0 0 0.187078 0.1 0.62624 0.324958 0.324958 0 0 0 0.2 0 0 0.2 0.4 0 0.9 0.9 0 0 0 0.802108 0.122204 0.260292 
0 0 0.000935477 0.037058 0.037058 0.689874 0.689874 0 0 1 1 0 0 0 0 0 0 0.187142 0.1 0.623628 0.324958 0.324958 0 0 0 0.2 0 0 0.2 0.4 0 0.9 0.9 0 0 0 0.789811 0.122204 0.260292 
0 0 0.001046 0.0431827 0.0431827 0.677735 0.677735 0 0 1 1 0 0 0 0 0 0 0.187183 0.1 0.619016 0.324958 0.324958 0 0 0 0.2 0 0 0.2 0.4 0 0.9 0.9 0 0 0 0.7765 0.122204 0.260292 
0 0 0.00115837 0.0495899 0.0495899 0.661338 0.661338 0 0 1 1 0 0 0 0 0 0 0.187197 0.1 0.612202 0.324958 0.324958 0 0 0 0.2 0 0 0.2 0.4 0 0.9 0.9 0 0 0 0.76214 0.122204 0.260292 
0 0 0.00127187 0.0562461 0.0562461 0.641029 0.641029 0 0 1 1 0 0 0 0 0 0 0.184852 0.1 0.602236 0.323374 0.323374 0 0 0 0.2 0 0 0.2 0.4 0 0.896587 0.896587 0 0 0 0.746005 0.123856 0.260292 
0 0 0.00138574 0.063117 0.063117 0.617153 0.617153 0 0 1 1 0 0 0 0 0 0 0.178325 0.1 0.588541 0.318784 0.318784 0 0 0 0.2 0 0 0.2 0.4 0 0.8867 0.8867 0 0 0 0.727466 0.128641 0.260292 
0 0 0.00149923 0.0701691 0.0701691 0.590055 0.590055 0 0 1 1 0 0 0 0 0 0 0.168375 0.1 0.571477 0.311432 0.311432 0 0 0 0.2 0 0 0.2 0.4 0 0.870862 0.870862 0 0 0 0.706636 0.136307 0.260292 
0 0 0.00161161 0.077368 0.077368 0.560081 0.560081 0 0 1 1 0 0 0 0 0 0 0.155763 0.1 0.551408 0.301561 0.301561 0 0 0 0.2 0 0 0.2 0.4 0 0.8496 0.8496 0 0 0 0.683628 0.146598 0.260292 
0 0 0.00172213 0.0846801 0.0846801 0.527575 0.527575 0 0 1 1 0 0 0 0 0 0 0.14125 0.1 0.528693 0.289416 0.289416 0 0 0 0.2 0 0 0.2 0.4 0 0.823437 0.823437 0 0 0 0.658552 0.15926 0.260292 
0 0 0.00183004 0.0920713 0.0920713 0.492883 0.492883 0 0 1 1 0 0 0 0 0 0 0.125596 0.1 0.503697 0.27524 0.27524 0 0 0 0.2 0 0 0.2 0.4 0 0.7929 0.7929 0 0 0 0.631523 0.17404 0.260292 
0 0 0.00193461 0.0995078 0.0995078 0.456349 0.456349 0 0 1 1 0 0 0 0 0 0 0.109562 0.1 0.476778 0.259276 0.259276 0 0 0 0.2 0 0 0.2 0.4 0 0.758512 0.758512 0 0 0 0.602651 0.190684 0.260292 
0 0 0.00203509 0.106956 0.106956 0.418321 0.418321 0 0 1 1 0 0 0 0 0 0 0.0939083 0.1 0.448299 0.241769 0.241769 0 0 0 0.2 0 0 0.2 0.4 0 0.7208 0.7208 0 0 0 0.572051 0.208937 0.260292 
0 0 0.00213073 0.114381 0.114381 0.379141 0.379141 0 0 1 1 0 0 0 0 0 0 0.0793951 0.1 0.418622 0.222962 0.222962 0 0 0 0.2 0 0 0.2 0.4 0 0.680287 0.680287 0 0 0 0.539833 0.228545 0.260292 
0 0 0.0022208 0.121749 0.121749 0.339156 0.339156 0 0 1 1 0 0 0 0 0 0 0.0667835 0.1 0.388109 0.203099 0.203099 0 0 0 0.2 0 0 0.2 0.4 0 0.637501 0.637501 0 0 0 0.506111 0.249254 0.260292 
0 0 0.00230454 0.129028 0.129028 0.298709 0.298709 0 0 1 1 0 0 0 0 0 0 0.0568331 0.1 0.357119 0.182423 0.182423 0 0 0 0.2 0 0 0.2 0.4 0 0.592961 0.592961 0 0 0 0.470996 0.270811 0.260292 
0 0 0.00238122 0.136181 0.136181 0.258149 0.258149 0 0 1 1 0 0 0 0 0 0 0.0503056 0.1 0.326017 0.161179 0.161179 0 0 0 0.2 0 0 0.2 0.4 0 0.547199 0.547199 0 0 0 0.434603 0.29296 0.260292 
0 0 0.00245008 0.143177 0.143177 0.217819 0.217819 0 0 1 1 0 0 0 0 0 0 0.0479607 0.1 0.295162 0.13961 0.13961 0 0 0 0.2 0 0 0.2 0.4 0 0.500738 0.500738 0 0 0 0.397043 0.315447 0.260292 
0 0 0.00251039 0.14998 0.14998 0.178065 0.178065 0 0 1 1 0 0 0 0 0 0 0.0511557 0.1 0.261487 0.11796 0.11796 0 0 0 0.2 0 0 0.2 0.4 0 0.454101 0.454101 0 0 0 0.353998 0.338019 0.260292 
0 0 0.00256141 0.156557 0.156557 0.139229 0.139229 0 0 1 1 0 0 0 0 0 0 0.0605057 0.1 0.222621 0.0964715 0.0964715 0 0 0 0.2 0 0 0.2 0.4 0 0.407812 0.407812 0 0 0 0.302594 0.360424 0.260292 
0 0 0.00260238 0.162874 0.162874 0.101661 0.101661 0 0 1 1 0 0 0 0 0 0 0.075656 0.1 0.179984 0.0753902 0.0753902 0 0 0 0.2 0 0 0.2 0.4 0 0.3624 0.3624 0 0 0 0.245115 0.382403 0.260292 
0 0 0.00263257 0.168896 0.168896 0.0657032 0.0657032 0 0 1 1 0 0 0 0 0 0 0.0962536 0.1 0.134989 0.0549588 0.0549588 0 0 0 0.2 0 0 0.2 0.4 0 0.318388 0.318388 0 0 0 0.183837 0.403705 0.260292 
0 0 0.00265122 0.174591 0.174591 0.0317019 0.0317019 0 0 1 1 0 0 0 0 0 0 0.121945 0.1 0.08905 0.0354209 0.0354209 0 0 0 0.2 0 0 0.2 0.4 0 0.276301 0.276301 0 0 0 0.12104 0.424075 0.260292 
0 0 0.00265761 0.179924 0.179924 0 0 0 0 1 1 0 0 0 0 0 0 0.152379 0.1 0.0435803 0.0170194 0.0170194 0 0 0 0.2 0 0 0.2 0.4 0 0.236662 0.236662 0 0 0 0.0589986 0.44326 0.260292 
0 0 0.00265761 0.179924 0.179924 0 0 0 0 1 1 0 0 0 0 0 0 0.187197 0.1 0 0 0 0 0 0 0.2 0 0 0.2 0.4 0 0.2 0.2 0 0 0 0 0.461004 0.260292 
0 0 0.00265761 0.179924 0.179924 0 0 0 0 1 1 0 0 0 0 0 0 0.232661 0.1 0 0 0 0 0 0 0.2 0 0 0.2 0.4 0 0.2 0.2 0 0 0 0 0.461004 0.260292 
0 0 0.00265761 0.179924 0.179924 0 0 0 0 1 1 0 0 0 0 0 0 0.291456 0.1 0 0 0 0 0 0 0.2 0 0 0.2 0.4 0 0.2 0.2 0 0 0 0 0.461004 0.260292 
0 0 0.00265761 0.179924 0.179924 0 0 0 0 1 1 0 0 0 0 0 0 0.357873 0.1 0 0 0 0 0 0 0.2 0 0 0.2 0.4 0 0.2 0.2 0 0 0 0 0.461004 0.260292 
0 0 0.00265761 0.179924 0.179924 0 0 0 0 1 1 0 0 0 0 0 0 0.42619 0.1 0 0 0 0 0 0 0.2 0 0 0.2 0.4 0 0.2 0.2 0 0 0 0 0.461004 0.260292 
0 0 0.00265761 0.179924 0.179924 0 0 0 0 1 1 0 0 0 0 0 0 0.490699 0.1 0 0 0 0 0 0 0.2 0 0 0.2 0.4 0 0.2 0.2 0 0 0 0 0.461004 0.260292 
0 0 0.00265761 0.179924 0.179924 0 0 0 0 1 1 0 0 0 0 0 0 0.490699 0.1 0 0 0 0 0 0 0.2 0 0 0.2 0.4 0 0.2 0.2 0 0 0 0 0.461004 0.260292 
0 0 0.00265761 0.179924 0.179924 0 0 0 0 1 1 0 0 0 0 0 0 0.490699 0.1 0 0 0 0 0 0 0.2 0 0 0.2 0.4 0 0.2 0.2 0 0 0 0 0.461004 0.260292 
0 0 0.00265761 0.179924 0.179924 0 0 0 0 1 1 0 0 0 0 0 0 0.490699 0.1 0 0 0 0 0 0 0.2 0 0 0.2 0.4 0 0.2 0.2 0 0 0 0 0.461004 0.260292 
0 0 0.00265761 0.179924 0.179924 0 0 0 0 1 1 0 0 0 0 0 0 0.490699 0.1 0 0 0 0 0 0 0.2 0 0 0.2 0.4 0 0.2 0.2 0 0 0 0 0.461004 0.260292 
