0.0935223 0.0935223 0.0275766 0.0327984 0.0327984 0 0 0.136907 0.136907 0 0 0 0 0.436003 0 0 0 0 0 0.0163716 0 0 0 0 0 0 0 0 0 0 0 0 0 0 0 0 0.051381 0 0 
0.0843456 0.0843456 0.0827299 0.0983951 0.0983951 0 0 0.136907 0.136907 0 0 0 0 0.661449 0 0 0 0 0 0.0525021 0 0 0 0 0 0 0 0 0 0 0 0 0 0 0 0 0.146514 0 0 
0.0685351 0.0685351 0.0877442 0.104359 0.104359 0 0 0.136907 0.136907 0 0 0 0 0.774173 0 0 0 0 0 0.0705674 0 0 0 0 0 0 0 0 0 0 0 0 0 0 0 0 0.282333 0 0 
0.0487443 0.0487443 0.0563296 0.0669958 0.0669958 0 0 0.136907 0.136907 0 0 0 0 0.238855 0 0 0 0 0.533333 0.0182952 0 0 0 0 0 0 0 0 0 0.533333 0 0 0 0 0 0 0.615786 0 0 
0.0276267 0.0276267 0.0184155 0.0219025 0.0219025 0 0 0.136907 0.136907 0 0 0 0 0.129903 0 0 0 0 0.680117 0.00274448 0 0 0 0 0 0 0 0 0 0.680117 0 0 0 0 0 0 0.700813 0 0 
0.00783591 0.00783591 0 0 0 0 0 0.136907 0.136907 0 0 0 0 0.35393 0 0 0 0 0.436618 0.0228948 0 0 0 0 0 0 0 0 0 0.436618 0 0 0 0 0 0 0.66338 0 0 
0 0 0 0 0 0 0 0.136907 0.136907 0 0 0 0 0.211155 0 0 0 0 0.142741 0.0585813 0 0 0 0 0 0 0 0 0 0.142741 0 0 0 0 0 0 0.599288 0 0 
0 0 0 0 0 0 0 0.136907 0.136907 0 0 0 0 0.318059 0 0 0 0 0 0.104989 0 0 0 0 0 0 0 0 0 0 0 0 0 0 0 0 0.519775 0 0 
0 0 0 0 0 0 0 0.136907 0.136907 0 0 0 0 0.100682 0 0 0 0 0 0.157303 0 0 0 0 0 0 0 0 0 0 0 0 0 0 0 0 0.436083 0 0 
0 0 0 0 0 0 0 0.136907 0.136907 0 0 0 0 0.0276606 0 0 0 0 0 0.21071 0 0 0 0 0 0 0 0 0 0 0 0 0 0 0 0 0.359452 0 0 
0.0216563 0.0216563 0 0 0 0 0 0.136907 0.136907 0 0 0 0 0.0652516 0 0 0 0 0 0.260393 0 0 0 0 0 0 0 0 0 0 0 0 0 0 0 0 0.301123 0 0 
0.0655499 0.0655499 0 0 0 0 0 0.136907 0.136907 0 0 0 0 0.313687 0 0 0 0 0 0.306403 0 0 0 0 0 0 0 0 0 0 0 0 0 0 0 0 0.281888 0 0 
0.325974 0.325974 0 0 0 0 0 0.136907 0.136907 0 0 0 0 0.193518 0 0 0 0 0 0.363401 0 0 0 0 0 0 0 0 0 0 0 0 0 0 0 0 0.336925 0 0 
0.954532 0.954532 0 0 0 0 0 0.136907 0.136907 0 0 0 0 0.0733497 0 0 0 0 0 0.406618 0 0 0 0 0 0 0 0 0 0 0 0 0 0 0 0 0.401715 0 0 
0.997221 0.997221 0 0 0 0 0 0.136907 0.136907 0 0 0 0 0.33909 0 0 0 0 0 0.401806 0 0 0 0 0 0 0 0 0 0 0 0 0 0 0 0 0.401806 0 0 
1 1 0 0 0 0 0 0.136907 0.136907 0 0 0 0 0.402769 0 0 0 0 0.00132598 0.327047 0 0 0 0 0 0 0 0 0 0.00239901 0 0 0 0 0 0 0.327047 0 0 
1 1 0 0 0 0 0 0.136907 0.136907 0 0 0 0 0.273451 0 0 0 0 0.0117729 0.224725 0 0 0 0 0 0 0 0 0 0.0336235 0 0 0 0 0 0 0.224725 0 0 
1 1 0 0 0 0 0 0.136907 0.136907 0 0 0.038829 0.038829 0.42914 0 0 0 0 0.0450058 0.127451 0 0 0 0 0 0.0531253 0 0 0.0531253 0.188916 0 0 0 0 0 0 0.127451 0 0 
1 1 0 0 0 0 0 0.136907 0.136907 0 0 0.148991 0.148991 0.211014 0 0 0 0 0.0294516 0.0201565 0 0 0 0.207407 0.207407 0.286875 0 0 0.286875 0.133388 0 0 0 0 0 0 0.0201565 0 0 
1 1 0 0 0 0 0 0.136907 0.136907 0 0 0.280537 0.280537 0.11418 0 0 0 0 0.0211882 0.0994401 0 0 0 0.207407 0.207407 0.286875 0 0 0.323248 0.0891525 0 0 0 0 0 0 0.124746 0 0 
0.914878 0.914878 0 0 0 0 0 0.136483 0.136483 0 0 0.407118 0.407118 0.12534 0 0 0 0 0.114416 0.536974 0 0 0 0 0 0.0531249 0 0 0.218671 0.481421 0 0 0 0 0 0 0.727489 0 0 
0.802183 0.802183 0 0 0 0 0 0.135241 0.135241 0 0 0.502388 0.502388 0.237931 0.349999 0 0 0 0.100447 0.620373 0 0 0 0 0 0 0 0 0.0847521 0.422646 0 0 0 0 0 0 1 0 0 
0.725645 0.725645 0 0 0 0 0 0.133222 0.133222 0 0 0.54 0.54 0.410892 0.707045 0 0 0 0 0.562076 0 0 0 0 0 0 0 0 0 0 0 0 0 0 0 0 1 0 0 
0.644603 0.644603 0 0 0 0 0 0.130466 0.130466 0 0 0.505589 0.505589 0.206091 0.570186 0 0 0 0.14 0.539492 0 0 0 0 0 0 0 0 0 0.123893 0 0 0 0 0 0 1 0 0 
0.543763 0.543763 0 0 0 0 0 0.127017 0.127017 0 0 0.418088 0.418088 0.129786 0.282472 0 0 0 0.28 0.523805 0 0 0 0 0 0 0 0 0 0.28 0 0 0 0 0 0 0.988938 0 0 
0.44812 0.44812 0 0 0 0 0 0.122916 0.122916 0 0 0.301092 0.301092 0.101884 0.070484 0 0 0 0.0864196 0.50584 0 0 0 0 0 0 0 0 0 0.246788 0 0 0 0 0 0 0.857275 0 0 
0.38649 0.38649 0 0 0 0 0 0.118203 0.118203 0 0 0.178198 0.178198 0.0736956 0.00401063 0 0 0 0 0.476426 0 0 0 0 0 0 0 0 0 0.28287 0 0 0 0 0 0 0.660164 0 0 
0.377435 0.377435 0 0 0 0 0 0.112922 0.112922 0 0 0.0729996 0.0729996 0.0343879 0 0.0140877 0 0 0 0.294974 0 0 0 0 0 0 0 0 0 0.61275 0 0 0 0 0 0 0.324628 0 0 
0.377435 0.377435 0 0 0 0 0 0.107113 0.107113 0 0 0.00909426 0.00909426 0.00469395 0 0.00749049 0 0 0 0.0464929 0 0 0 0 0 0 0 0 0 0.942629 0 0 0 0 0 0 0.0457332 0 0 
0.377435 0.377435 0 0 0 0 0 0.100818 0.100818 0 0 0.0443148 0.0443148 0.00140927 0 0 0 0 0 0.0508476 0 0 0 0 0 0 0.0153272 0.0153272 0 0.944607 0 0 0 0 0 0 0.055943 0 0 
0.377435 0.377435 0 0 0 0 0 0.0940795 0.0940795 0 0 0.314868 0.314868 0.105172 0 0.0551634 0 0 0 0.361286 0 0 0 0 0 0 0.100544 0.100544 0 0.606415 0 0 0 0 0 0 0.470081 0 0 
0.377435 0.377435 0 0 0 0 0 0.0869381 0.0869381 0 0 0.6414 0.6414 0.167288 0 0.15761 0 0 0 0.735954 0 0 0 0 0 0 0.175399 0.175399 0 0.19825 0 0 0 0 0 0 0.829471 0 0 
0.377435 0.377435 0 0 0 0 0 0.0794358 0.0794358 0 0 0.8 0.8 0.135702 0 0.212773 0 0 0 0.917935 0 0 0 0 0 0 0.2 0.2 0 0 0 0 0 0 0 0 0.864396 0 0 
0.377435 0.377435 0 0 0 0 0 0.0693208 0.0693208 0 0 0.8 0.8 0.119906 0 0.15761 0 0 0 0.879444 0 0 0 0 0 0 0.2 0.2 0 0 0 0 0 0 0 0 0.918821 0 0 
0.377435 0.377435 0 0 0 0 0 0.0470701 0.0470701 0 0 0.8 0.8 0.198086 0 0.0551637 0 0 0 0.879444 0 0 0 0 0 0 0.2 0.2 0 0 0 0 0 0 0 0 0.977891 0 0 
0.377435 0.377435 0 0 0 0 0 0.021158 0.021158 0 0 0.8 0.8 0.239669 0 0 0 0 0 0.879444 0 0 0 0 0 0 0.2 0.2 0 0 0 0 0 0 0 0 1 0 0 
0.377435 0.377435 0 0 0 0 0 0.00281898 0.00281898 0 0 0.749021 0.749021 0.224397 0 0 0 0 0 0.823403 0 0 0 0 0 0 0.187255 0.187255 0 0.0637232 0 0 0 0 0 0 0.941507 0 0 
0.377435 0.377435 0 0 0 0 0 0 0 0 0 0.61939 0.61939 0.185561 0 0 0 0 0 0.680899 0 0 0 0 0 0 0.154848 0.154848 0 0.225762 0 0 0 0 0 0 0.778563 0 0 
0.377435 0.377435 0 0 0 0 0 0 0 0 0 0.446063 0.446063 0.133635 0 0 0 0 0 0.49036 0 0 0 0 0 0 0.111516 0.111516 0 0.442421 0 0 0 0 0 0 0.560694 0 0 
0.377435 0.377435 0 0 0 0 0 0 0 0 0 0.263996 0.263996 0.0790897 0 0 0 0 0 0.290212 0 0 0 0 0 0 0.065999 0.065999 0 0.670005 0 0 0 0 0 0 0.331839 0 0 
0.377435 0.377435 0 0 0 0 0 0 0 0 0 0.108147 0.108147 0.0323995 0 0 0 0 0 0.118887 0 0 0 0 0 0 0.0270368 0.0270368 0 0.864816 0 0 0 0 0 0 0.135939 0 0 
0.377435 0.377435 0 0 0 0 0 0 0 0 0 0.0134729 0.0134729 0.0040363 0 0 0 0 0 0.0148108 0 0 0 0 0 0 0.00336823 0.00336823 0 0.983159 0 0 0 0 0 0 0.0169352 0 0 
0.377435 0.377435 0 0 0 0 0 0 0 0 0 0.0443148 0.0443148 0.086031 0 0 0 0 0 0.0508476 0 0 0 0 0 0 0 0 0 0.944607 0 0 0 0 0 0 0.055943 0 0 
0.377435 0.377435 0 0 0 0 0 0 0 0 0 0.314869 0.314869 0.179536 0 0 0 0 0 0.361287 0 0 0 0 0 0 0.00139765 0.00139765 0 0.606413 0 0 0 0 0 0 0.470083 0 0 
0.377435 0.377435 0 0 0 0 0 0 0 0 0 0.6414 0.6414 0.167288 0 0 0 0 0 0.735954 0 0 0 0 0 0 0.0223947 0.0223947 0 0.19825 0 0 0 0 0 0 0.829471 0 0 
0.377435 0.377435 0 0 0 0 0 0 0 0 0 0.8 0.8 0.135702 0 0 0 0 0 0.917935 0 0 0 0 0 0 0.0469953 0.0469953 0 0 0 0 0 0 0 0 0.864396 0 0 
0.377435 0.377435 0 0 0 0 0 0 0 0 0 0.8 0.8 0.126684 0 0 0 0 0 0.879444 0 0 0 0 0 0 0.058229 0.058229 0 0 0 0 0 0 0 0 0.918821 0 0 
0.377435 0.377435 0 0 0 0 0 0 0 0 0 0.8 0.8 0.203147 0 0 0 0 0 0.879444 0 0 0 0 0 0 0.0674876 0.0674876 0 0 0 0 0 0 0 0 0.977891 0 0 
0.377435 0.377435 0 0 0 0 0 0 0 0 0 0.8 0.8 0.266967 0.0374897 0 0 0 0 0.879444 0 0 0 0 0 0 0.0852465 0.0852465 0 0 0 0 0 0 0 0 1 0 0 
0.377435 0.377435 0 0 0 0 0 0 0 0 0 0.675231 0.68 0.47534 0.397998 0 0 0 0 0.883576 0 0 0 0 0 0 0.126331 0.126331 0 0 0 0 0 0 0 0 1 0 0.0561283 
0.318461 0.318461 0.256432 0.293259 0.293259 0 0 0 0 0 0 0.417129 0.426666 0.868687 1 0 0 0 0 0.902147 0 0 0 0 0 0 0.175916 0.175916 0 0 0 0 0 0 0 0 1 0 0.182288 
0.0589741 0.0589741 0.732661 0.83788 0.83788 0 0 0 0 0 0 0.2 0.2 1 1 0 0 0 0 0.925028 0 0 0 0 0 0 0.2 0.2 0 0 0 0 0 0 0 0 1 0 0.315139 
0 0 0.989091 1 1 0 0 0 0 0 0 0.102348 0.0433334 0.815416 1 0 0 0 0 0.751445 0 0 0 0 0 0 0.155151 0.155151 0 0 0 0 0 0 0 0 0.987307 0 0.474052 
0 0 0.989091 1 1 0 0 0 0 0 0 0.107298 0 0.285397 0.37915 0 0 0 0 0.423691 0 0 0 0 0 0 0.0658569 0.0658569 0 0 0 0 0 0 0 0 0.772778 0 0.575423 
0 0 0.991752 1 1 0 0 0.00495068 0.00495068 0 0 0.4 0.4 0 0 0 0 0 0.6 0 0 0 0 0 0 0 0 0 0 0.4 0 0 0 0 0 0 0.577658 0 0 
0 0 1 1 1 0 0 0.038191 0.038191 0 0 0.795231 0.8 0.21305 0 0 0 0 0.783704 0 0 0 0 0 0 0 0 0 0 1 0 0 0 0 0 0 0.752217 0 0 
0 0 1 1 1 0 0 0.088405 0.088405 0 0 1 1 0.718859 0 0.26734 0 0 0.655814 0 0 0.0572014 0 0 0 0 0 0 0 1 0 0 0 0 0 0 0.813347 0 0.133287 
0 0 1 1 1 0 0 0.138619 0.138619 0 0 1 1 0.599596 0 0.673705 0 0 0.203778 0 0 0.279108 0 0 0 0 0 0 0 0.57353 0 0 0 0 0 0 1 0 0.369674 
0 0 1 1 1 0 0 0.17186 0.17186 0 0 1 1 0.480332 0 0.701238 0 0 0.0471265 0 0 0.3411 0 0 0 0 0 0 0 0.142006 0 0 0 0 0 0 1 0 0.393313 
0 0 1 1 1 0 0 0.176809 0.176809 0 0 1 1 0.619715 0 0.475576 0 0 0.00316117 0.211884 0 0.305626 0 0 0 0 0 0 0 0.0113262 0 0 0 0 0 0 1 0 0.423379 
0 0 1 1 1 0 0 0.176799 0.176799 0 0 0.853748 0.853748 0.759099 0 0.157041 0 0 0.104282 0.423769 0 0.221033 0 0 0 0 0 0 0 0.104282 0 0 0 0 0 0 1 0 0.442644 
0 0 1 1 1 0 0 0.17678 0.17678 0 0 0.636322 0.636322 0.440723 0.139869 0 0 0 0.571723 0.313903 0 0.120068 0 0 0 0 0.00182899 0.00182899 0 0.571723 0 0 0 0 0 0 0.734076 0 0.228446 
0 0 1 1 1 0 0 0.176753 0.176753 0 0 0.467745 0.467745 0.567111 0.421943 0 0 0 0.93117 0.109867 0 0.0354748 0 0 0 0 0.000914502 0.000914502 0 0.93117 0 0 0 0 0 0 0.60286 0 0.320058 
0 0 1 1 1 0 0 0.176717 0.176717 0 0 0.4 0.4 0.795762 0.515026 0 0 0 0.992887 0 0 0 0 0 0 0 0 0 0 0.992887 0 0 0 0 0 0 0.635266 0 0.411671 
0 0 1 1 1 0 0 0.176674 0.176674 0 0 0.316049 0.316049 1 0.511399 0 0 0 0.88105 0 0 0 0 0 0 0 0 0 0 0.88105 0 0 0 0 0 0 0.637214 0 0.356945 
0 0 1 1 1 0 0 0.176623 0.176623 0 0 0.14321 0.14321 1 0.463669 0 0 0 0.387142 0 0 0 0 0 0 0 0 0 0 0.387142 0 0 0 0 0 0 0.623513 0 0.237888 
0 0 1 1 1 0 0 0.176566 0.176566 0 0 0 0 1 0.379643 0 0 0 0 0 0 0 0 0 0 0 0 0 0 0 0 0 0 0 0 0 0.564845 0 0.122174 
0 0 1 1 1 0 0 0.176503 0.176503 0 0 0 0 0.35967 0.0873625 0 0 0 0 0 0 0 0 0.709718 0.736557 0.350905 0 0 0.284206 0 0 0 0 0 0 0 0.136339 0 0.0282976 
0 0 1 1 1 0 0 0.176434 0.176434 0 0 0.0208 0.0208 0.260209 0 0.00370856 0 0 0.0466605 0.141262 0 0 0 0.279203 0.909857 0.32097 0 0 0.108814 0.0928001 0 0 0 0 0 0 0.163514 0 0 
0 0 1 1 1 0 0 0.17636 0.17636 0 0 0.0696002 0.0696002 0.388182 0 0.0200263 0 0 0.408547 0.306168 0 0 0 0.0589056 0.405318 0.112728 0 0 0.020567 0.6336 0 0 0 0 0 0 0.890469 0 0 
0 0 1 1 1 0 0 0.176281 0.176281 0 0 0.2 0.2 0.36864 0 0.018543 0 0 1 0 0 0 0 0 0.0753081 0 0 0 0.219657 1 0 0 0 0 0 0 1 0 0 
0 0 1 1 1 0 0 0.176198 0.176198 0 0 0.48375 0.48375 0.451959 0.0425931 0 0 0 1 0 0 0 0 0 0.0635412 0 0 0 0.144039 0.8775 0 0 0 0 0 0 0.839691 0 0.006599 
0 0 0.878135 1 1 0 0 0.176112 0.176112 0 0 0.08625 0.08625 1 0.239775 0 0 0 0.239057 0 0 0 0 0 0.0117669 0 0 0 0.0230129 0.1425 0 0 0 0 0 0 0.747532 0 0.0225346 
0 0 0.848126 1 1 0 0 0.176022 0.176022 0 0 0.0151377 0.0180925 1 0.721804 0 0 0 0 0 0 0 0 0.3125 0.0353195 0.000162395 0 0 0.18377 0 0 0 0 0 0 0 1 0 0.0749153 
0 0 0.859316 1 1 0 0 0.17593 0.17593 0 0 0.118846 0.138791 0.975015 0.717317 0 0 0 0 0 0 0 0 1 0.417601 0.000487185 0 0 0.995984 0 0 0 0 0 0 0 1 0 0.0923104 
0 0 0.875126 1 1 0 0 0.175836 0.175836 0 0 0.281814 0.318749 0.351937 0.239775 0 0 0 0 0 0 0 0 1 0.413721 0 0 0 0.905819 0 0 0 0 0 0 0 1 0 0.0477765 
0 0 0.891122 1 1 0 0 0.175741 0.175741 0 0 0.45766 0.493855 0.275105 0.0627654 0 0 0 0 0 0 0 0 0 0 0 0 0 0.0563976 0 0 0 0 0 0 0 1 0 0.00405497 
0 0 0.910138 1 1 0 0 0.175644 0.175644 0 0 0.6 0.6 0.23112 0 0 0 0 0 0 0 0 0 1 1 0 0 0 0.977707 0 0 0 0 0 0 0 1 0 0 
0 0 0.918753 1 1 0 0 0.175547 0.175547 0 0 0.715436 0.597327 0.249709 0.0949701 0 0 0 0 0.240289 0 0.0667637 0 0.581974 0.860586 0.0138126 0.10619 0.0314403 0.564102 0 0 0 0 0 0 0 1 0 0.0878205 
0 0 0.92493 1 1 0 0 0.17545 0.17545 0 0 0.819355 0.524661 0.365008 0.351202 0 0 0 0 0.712222 0 0.167026 0 0.0391904 0.299992 0.00572333 0.345499 0.111231 0.0317053 0 0 0 0 0 0 0 1 0 0.220816 
0 0 0.931142 1 1 0 0 0.175354 0.175354 0 0 0.878559 0.43591 0.385362 0.610907 0 0 0 0 0.784433 0 0.259303 0 0 0 0 0.599042 0.21758 0 0 0 0 0 0 0 0 0.988463 0 0.289483 
0 0 0.937289 1 1 0 0 0.175258 0.175258 0 0 0.849828 0.374421 0.276762 0.245751 0 0 0 0 0.814082 0 0.304947 0 0 0 0 0.770085 0.346446 0 0 0 0 0 0 0 0 1 0 0.289483 
0 0 0.943271 1 1 0 0 0.175164 0.175164 0 0 0.699213 0.316501 0.113111 0 0.120331 0 0 0 0.83807 0 0.306184 0 0 0 0 0.904692 0.543028 0 0 0 0 0 0 0 0 1 0 0.289483 
0 0 0.948987 1 1 0 0 0.175072 0.175072 0 0 0.535254 0.269118 0.0170914 0 0.301927 0 0 0 0.84904 0 0.292576 0 0 0 0 0.988017 0.702269 0 0 0 0 0 0 0 0 1 0 0.289483 
0 0 0.954338 1 1 0 0 0.174983 0.174983 0 0 0.465088 0.245979 0.0036679 0 0.274548 0 0 0 0.837658 0 0.289483 0 0 0 0 1 0.728527 0 0 0 0 0 0 0 0 1 0 0.289483 
0 0 0.959225 1 1 0 0 0.174896 0.174896 0 0 0.451284 0.240789 0.0229762 0 0.210061 0 0 0 0.793517 0 0.289483 0 0 0 0 1 0.731011 0 0 0 0 0 0 0 0 1 0 0.289483 
0 0 0.963546 1 1 0 0 0.174814 0.174814 0 0 0.461837 0.244757 0.0515004 0 0.134939 0 0 0 0.729857 0 0.289483 0 0 0 0 1 0.734347 0 0 0 0 0 0 0 0 1 0 0.289483 
0 0 0.967202 1 1 0 0 0.174735 0.174735 0 0 0.476712 0.250349 0.326886 0 0.0618876 0 0 0 0.517369 0 0.289483 0 0 0 0.124389 1 0.736831 0 0 0 0 0 0 0 0 0.531689 0 0.289483 
0 0 0.970093 1 1 0 0 0.174661 0.174661 0 0 0.239755 0.125701 0.276142 0 0 0 0 0 0.0320699 0 0.144741 0 0.356445 0.356445 0.498837 0.50306 0.368611 0.498837 0 0 0 0 0 0 0 0.0195651 0 0.144741 
0 0 0.972119 1 1 0 0 0.174592 0.174592 0 0 0 0 0.159402 0 0 0 0 0.35 0 0 0 0 0.3375 0.3375 0.466318 0 0 0.466318 0.455 0 0 0 0 0 0 0.242401 0 0 
0 0 0.97318 1 1 0 0 0.174529 0.174529 0 0 0 0 0.402643 0 0 0 0 0.35 0 0 0 0 0.0625 0.0625 0.0863551 0 0 0.0863551 0.7105 0 0 0 0 0 0 0.733061 0 0 
0 0 0.973925 1 1 0 0 0.174471 0.174471 0 0 0 0 0.641488 0 0 0 0 0 0 0 0 0 0.103704 0.103704 0.0455221 0 0 0.132527 0.230222 0 0 0 0 0 0 0.581523 0 0 
0 0 0.978244 1 1 0 0 0.174421 0.174421 0 0 0 0 0.257257 0 0 0 0 0 0 0 0 0 0.4 0.4 0.243176 0 0 0.695837 0 0 0 0 0 0 0 0 0 0 
0 0 0.985483 1 1 0 0 0.174378 0.174378 0 0 0.429126 0.433673 0.958666 0.652722 0 0 0 0 0 0 0.0658755 0 0.199999 0.212503 0.245063 0.210001 0.210001 0.707508 0 0 0 0 0 0 0 0.091054 0 0 
0 0 0.994182 1 1 0 0 0.174342 0.174342 0 0 0.97131 0.977911 1 0.759287 0 0 0 0 0 0 0.188214 0 0 0.0495411 0.0780082 0.42 0.42 0 0 0 0 0 0 0 0 0.275284 0 0 
0 0 1 1 1 0 0 0.174314 0.174314 0 0 0 0 0.231157 0.179831 0 0 0 0 0.494365 0 0.254089 0 0 0 0 0 0 0 0 0 0 0 0 0 0 0.419297 0 0.254089 
0 0 1 1 1 0 0 0.174295 0.174295 0 0 0 0 0.231147 0.0133208 0 0 0 0 0.128169 0 0.065875 0 0.16 0.16 0.169756 0 0 0.677933 0 0 0 0 0 0 0 0.382336 0 0.0556363 
0 0 1 1 1 0 0 0.174286 0.174286 0 0 0 0 0.297536 0.0928281 0 0 0 0 0.0487344 0 0.0469932 0 0.130482 0.130482 0.13962 0 0 0.641167 0 0 0 0 0 0 0 0.472146 0 0.111949 
0 0 0.971433 1 1 0 0 0.166796 0.166796 0 0 0 0 0.359506 0.39573 0 0 0 0 0.49439 0 0.218761 0 0 0 0 0 0 0 0 0 0 0 0 0 0 1 0 0.392312 
0.0411954 0.0411954 0.693881 1 1 0 0 0.11914 0.11914 0 0 0 0 0.225281 0.219794 0 0 0 0 0.49439 0 0.218761 0 0 0 0 0 0 0 0 0 0 0 0 0 0 1 0 0.392312 
0.188509 0.188509 0.321169 0.672701 0.688003 0 0 0.0551449 0.0551449 0 0 0 0 0.386744 0.101723 0 0.570237 0 0 0.320366 0 0.119257 0 0.175999 0.122224 0 0 0 0.116491 0 0 0 0 0 0 0 1 0 0.28232 
1 1 0.0436152 0.274799 0.276877 0.429631 0.429631 0.00748876 0.00748876 0 0 0 0 0.143127 0.0138132 0 1 0 0 0.0514163 0 0.0177508 0 0.448 0.424281 0 0 0 0.334523 0 0 0.311112 0.311112 0.311112 0.311112 0 0.916944 0 0.0557575 
1 1 0 0.212272 0.212272 0.58 0.58 0 0 0 0 0 0 0 0 0 1 0 0 0 0 0 0 0.478516 0.478516 0 0 0 0.460263 0 0 0.406551 0.406551 0.406551 0.406551 0 0.846192 0 0 
1 1 0 0.212272 0.212272 0.58 0.58 0 0 0 0 0 0 0.0826495 0 0 0.81 0 0 0 0 0 0 0.341797 0.341797 0 0 0 0.432517 0 0 0.319375 0.319375 0.319375 0.319375 0 0.971029 0 0 
1 1 0 0.212272 0.212272 0.482782 0.482782 0 0 0 0 0 0 0.629555 0 0 0.12 0 0 0 0 0 0 0.158203 0.158203 0 0 0 0.368316 0.0892534 0 0.197199 0.197199 0.197199 0.197199 0 1 0 0 
1 1 0 0.212272 0.212272 0.385565 0.385565 0 0 0 0 0 0 0.590161 0 0 0 0 0 0 0 0 0 0.0214844 0.0214844 0 0 0 0.293875 0.601618 0 0.055 0.055 0.055 0.055 0 1 0 0 
1 1 0 0.212272 0.212272 0.385153 0.385153 0 0 0 0 0 0 0.394555 0 0 0 0 0 0 0 0 0 0.0370369 0 0 0 0 0.220783 0.647032 0 0.0168749 0.0168749 0.0168749 0.0168749 0 1 0 0 
1 1 0 0.212272 0.212272 0.384094 0.384094 0 0 0 0 0 0 0.454624 0 0 0 0 0 0 0 0 0 0.249999 0 0 0 0 0.160628 0.254876 0 0.0886247 0.0886247 0.0886247 0.0886247 0 1 0 0 
1 1 0 0.212272 0.212272 0.382652 0.382652 0 0 0 0 0 0 0.518564 0 0 0 0 0 0 0 0 0 0.462963 0 0 0 0 0.124997 0 0 0.170486 0.170486 0.170486 0.170486 0 1 0 0 
1 1 0 0.212272 0.212272 0.381091 0.381091 0 0 0 0 0 0 0.513287 0 0 0 0 0.0670252 0 0 0 0 0.5 0 0 0 0 0.12 0.0670252 0 0.222711 0.222711 0.220594 0.220594 0 1 0 0 
1 1 0 0.212272 0.212272 0.379676 0.379676 0 0 0 0 0 0 0.436564 0 0 0 0 0.26 0 0 0 0 0.5 0 0 0 0 0.12 0.26 0 0.266519 0.266519 0.252233 0.252233 0 0.990228 0 0 
1 1 0 0.212272 0.212272 0.37867 0.37867 0 0 0 0 0 0 0.454292 0 0 0 0 0.139411 0.0549182 0 0 0 0.5 0 0 0 0 0.12 0.139411 0 0.304005 0.304005 0.27755 0.27755 0 0.960192 0 0 
1 1 0 0.212272 0.212272 0.378337 0.378337 0 0 0 0 0 0 0.49839 0 0 0 0 0.0419433 0.156909 0 0 0 0.5 0 0 0 0 0.12 0.0419433 0 0.330167 0.330167 0.304241 0.304241 0 0.946611 0 0 
1 1 0 0.212272 0.212272 0.378943 0.378943 0 0 0 0 0 0 0.539361 0 0 0 0 0.00467204 0.211827 0 0 0 0.5 0 0 0 0 0.12 0.00467204 0 0.34 0.34 0.34 0.34 0 0.929908 0 0 
1 1 0 0.212272 0.212272 0.380751 0.380751 0 0 0 0 0 0 0.281412 0 0 0 0 0.0103143 0 0 0 0 1 1 0 0 0 0.0777602 0 0 0.220321 0.220321 0.411748 0.411748 0 0.238333 0 0 
1 1 0 0.212272 0.212272 0.384026 0.384026 0 0 0 0 0 0 0.00536381 0 0 0 0 0.0727971 0 0 0 0 1 1 0 0 0 0.0124803 0 0 0.0353607 0.0353607 0.486788 0.486788 0 0 0 0 
1 1 0 0.212272 0.212272 0.389031 0.389031 0 0 0 0 0 0 0 0 0 0 3.19971e-05 0.157881 0.000659992 0 0 0 1 1 0.0103704 0 0 0.0103704 0 0 0.00184117 0.00184117 0.499233 0.499233 0 0.00831028 0 0 
1 1 0 0.212272 0.212272 0.396031 0.396031 0 0 0 0 0 0 0.000120373 0 0 0 0 0.274306 0.00573151 0 0 0 1 1 0.04 0 0 0.04 0 0 0.0159526 0.0159526 0.493424 0.493424 0 0.0700548 0 0 
1 1 0 0.212272 0.212272 0.577353 0.577353 0 0 0 0 0 0 0.000959619 0 0 0 0 0.365397 0.0153419 0 0 0 1 1 0.0395359 0 0 0.0395448 0 0 0.0425961 0.0425961 0.482636 0.482636 0 0.181436 0 0 
1 1 0 0.212272 0.212272 0.58749 0.58749 0 0 0 0 0 0 0.00310635 0 0 0 0 0.379007 0.0289354 0 0 0 1 1 0.0382196 0 0 0.0382522 0 0 0.0801239 0.0801239 0.467734 0.467734 0 0.329821 0 0 
1 1 0 0.212272 0.212272 0.558507 0.558507 0 0 0 0 0 0 0.00716079 0 0 0 0 0.371463 0.0459563 0 0 0 1 1 0.0361645 0 0 0.0362312 0 0 0.126888 0.126888 0.449585 0.449585 0 0.502576 0 0 
1 1 0 0.212272 0.212272 0.442748 0.442748 0 0 0 0 0 0 0.0137232 0 0 0 0 0.35739 0.0658486 0 0 0 1 1 0.0334846 0 0 0.0335913 0 0 0.181241 0.181241 0.429054 0.429054 0 0.687065 0 0 
1 1 0 0.212272 0.212272 0.354825 0.354825 0 0 0 0 0 0 0.0233938 0 0 0 0 0.337846 0.0880568 0 0 0 0.95607 0.95607 0.0302933 0 0 0.0304415 0 0 0.241534 0.241534 0.407008 0.407008 0 0.870656 0 0 
1 1 0 0.212272 0.212272 0.337268 0.337268 0 0 0 0 0 0 0.0367729 0 0 0 0 0.31389 0.112025 0 0 0 0.805191 0.805191 0.0267045 0 0 0.0268912 0 0 0.306121 0.306121 0.384313 0.384313 0 1 0 0 
1 1 0 0.212272 0.212272 0.32102 0.32102 0 0 0 0 0 0 0.0544606 0 0 0 0 0.286582 0.137197 0 0 0 0.645348 0.645348 0.0228318 0 0 0.0230496 0 0 0.373352 0.373352 0.361834 0.361834 0 1 0 0 
1 1 0.00523015 0.217502 0.217502 0.265725 0.265725 0 0 0 0 0 0 0.0770573 0 0 0 0 0.256979 0.163018 0 0 0 0.485505 0.485505 0.0187888 0 0 0.019026 0 0 0.44158 0.44158 0.340437 0.340437 0 1 0 0 
0.4003 0.4003 0.0353042 0.247576 0.247576 0.100765 0.100765 0 0 0 0 0 0 0.125554 0 0 0 0 0.226141 0.188931 0 0 0 0.334626 0.334626 0.0146894 0 0 0.0149295 0 0 0.509157 0.509157 0.320989 0.320989 0 1 0 0 
0 0 0.0653788 0.277651 0.277651 0 0 0 0 0 0 0 0 0.209708 0 0 0 0 0.195126 0.214382 0 0 0 0.20167 0.20167 0.010647 0.0586189 0.0586189 0.0108694 0 0 0.574436 0.574436 0.304355 0.304355 0 1 0 0 
0 0 0.070609 0.282881 0.282881 0 0 0 0 0 0 0 0 0.313267 0 0 0 0 0.164994 0.238813 0 0 0 0.0956067 0.0956067 0.00677559 0.166542 0.166542 0.00695493 0 0 0.635768 0.635768 0.291402 0.291402 0 1 0 0 
0 0 0.070609 0.282881 0.282881 0 0 0 0 0 0 0 0 0.419981 0 0 0 0 0.136803 0.26167 0 0 0 0.0253955 0.0253955 0.00318868 0.290771 0.290771 0.0032954 0 0 0.691505 0.691505 0.282995 0.282995 0 1 0 0 
0 0 0.070609 0.282881 0.282881 0 0 0 0 0 0 0 0 0.513598 0 0 0 0 0.111612 0.282396 0 0 0 0 0 0 0.39444 0.39444 0 0 0 0.74 0.74 0.28 0.28 0 1 0 0 
0 0 0.070609 0.282881 0.282881 0 0 0 0 0 0 0 0 0.566969 0 0 0 0 0.111612 0.282396 0 0 0 0 0 0 0.445066 0.445066 0 0 0 0.777432 0.777432 0.28 0.28 0 1 0 0 
0 0 0.0778149 0.290648 0.290648 0 0 0 0 0 0 0 0 0.609631 0 0 0 0 0.111612 0.282396 0 0 0 0 0 0 0.481705 0.481705 0 0 0 0.802162 0.802162 0.28 0.28 0 1 0 0 
0 0 0.115507 0.331274 0.331274 0 0 0 0 0 0 0 0 0.6299 0 0 0 0 0.111612 0.282396 0 0 0 0 0 0 0.503972 0.503972 0 0 0 0.815811 0.815811 0.28 0.28 0 1 0 0 
0 0 0.139896 0.357562 0.357562 0 0 0 0 0 0 0 0 0.633893 0 0 0 0 0.111612 0.282396 0 0 0 0 0 0 0.51148 0.51148 0 0 0 0.82 0.82 0.28 0.28 0 1 0 0 
