0 0 0 0 0 0 0 0 0 0 0 0 0 0 0 0 0 0 0 0 0 0 0 0 0 0 0 0 0 0 0 0 0 0 0 0 0 0 0 
0 0 0 0 0 0 0 0 0 0 0 0 0 0 0 0 0 0 0 0 0 0 0 0 0 0 0 0 0 0 0 0 0 0 0 0 0 0 0 
0 0 0 0 0 0 0 0 0 0 0 0 0 0 0 0 0 0 0 0 0 0 0 0 0 0 0 0 0 0 0 0 0 0 0 0 0 0 0 
0 0 0 0 0 0 0 0 0 0 0 0 0 0 0 0 0 0 0 0 0 0 0 0 0 0 0 0 0 0 0 0 0 0 0 0 0 0 0 
0 0 0 0 0 0 0 0 0 0 0 0 0 0 0 0 0 0 0 0 0 0 0 0 0 0 0 0 0 0 0 0 0 0 0 0 0 0 0 
0 0 0 0 0 0 0 0 0 0 0 0 0 0 0 0 0 0 0 0 0 0 0 0 0 0 0 0 0 0 0 0 0 0 0 0 0 0 0 
0 0 0 0 0 0 0 0 0 0 0 0 0 0 0 0 0 0 0 0 0 0 0 0 0 0 0 0 0 0 0 0 0 0 0 0 0 0 0 
0 0 0 0 0 0 0 0 0 0 0 0 0 0 0 0 0 0 0 0 0 0 0 0 0 0 0 0 0 0 0 0 0 0 0 0 0 0 0 
0 0 0 0 0 0 0 0 0 0 0 0 0 0 0 0 0 0 0 0 0 0 0 0 0 0 0 0 0 0 0 0 0 0 0 0 0 0 0 
0 0 0 0 0 0 0 0 0 0 0 0 0 0 0 0 0 0 0 0 0 0 0 0 0 0 0 0 0 0 0 0 0 0 0 0 0 0 0 
0 0 0 0 0 0 0 0 0 0 0 0 0 0 0 0 0 0 0 0 0 0 0 0 0 0 0 0 0 0 0 0 0 0 0 0 0 0 0 
0 0 0 0 0 0 0 0 0 0 0 0 0 0 0 0 0 0 0 0 0 0 0 0 0 0 0 0 0 0 0 0 0 0 0 0 0 0 0 
0 0 0 0 0 0 0 0 0 0 0 0 0 0 0 0 0 0 0 0 0 0 0 0 0 0 0 0 0 0 0 0 0 0 0 0 0 0 0 
0 0 0 0 0 0 0 0 0 0 0 0 0 0 0 0 0 0 0 0 0 0 0 0 0 0 0 0 0 0 0 0 0 0 0 0 0 0 0 
0 0 0 0 0 0 0 0 0 0 0 0 0 0 0 0 0 0 0 0 0 0 0 0 0 0 0 0 0 0 0 0 0 0 0 0 0 0 0 
0 0 0 0 0 0 0 0 0 0 0 0.0160344 0.00893688 0.00314982 0 0.00137383 0 0 0 0 0 0 0.00282892 0 0 0 0 0 0.00625272 0 0 0 0 0 0 0 0.00557591 0.00269618 0.0116894 
0 0 0 0 0 0 0 0 0 0 0 0.0599996 0.0334412 0.0117864 0 0.0053237 0 0 0 0 0 0 0.0106994 0 0 0 0 0 0.0233972 0 0 0 0 0 0 0 0.0210195 0.0102552 0.043957 
0 0 0 0 0 0 0 0 0 0 0 0.125689 0.0700535 0.0246905 0 0.0115922 0 0 0 0 0 0 0.022687 0 0 0 0 0 0.0490132 0 0 0 0 0 0 0 0.0444045 0.0218828 0.0926026 
0 0 0 0 0 1.97127e-05 0 2.65329e-05 0.000459274 1.97127e-05 0.000196312 0.206895 0.115314 0.0406427 0 0.0199219 0 0 0 0 0 0 0.0378673 0 0 0 0 0 0.0806801 0 0 0 0 0 0 0 0.0738047 0.0367848 0.153425 
0 0.000323308 0 0 0 0.000235808 0.000617068 0.00144274 0.00376157 0.000235808 0.00118739 0.297412 0.165764 0.058424 0 0.0300554 0 0 0 0 0 0 0.0553159 0 0 0 0 0 0.115978 0 0 0 0 0 0 0 0.107294 0.0541668 0.222225 
0 0.00147443 0 0 0 0.000883721 0.00325925 0.00625354 0.0127936 0.000883721 0.00357642 0.391032 0.217944 0.0768148 0 0.0417352 0 0 0 0 0 0 0.0741084 0 0 0 0 0 0.152485 0 0 0 0 0 0 0 0.142946 0.0732347 0.294801 
0 0.00394918 0 0 0 0.00219889 0.00912019 0.0164639 0.030442 0.00219889 0.00796664 0.481549 0.268394 0.094596 0 0.0547041 0 0 0 0 0 0 0.0933203 0 0 0 0 0 0.187783 0 0 0 0 0 0 0 0.178834 0.0931941 0.366953 
0 0.0191674 0 0 0 0.010604 0.0444004 0.0590894 0.10801 0.010604 0.0380546 0.562755 0.313655 0.110548 0 0.0687044 0 0 0 0 0 0 0.112027 0 0 0 0 0 0.21945 0 0 0 0 0 0 0 0.213033 0.113251 0.43448 
0 0.0513645 0 0 0 0.0285465 0.118755 0.142143 0.26174 0.0285465 0.103087 0.628444 0.350267 0.123452 0 0.0834789 0 0 0 0 0 0 0.129305 0 0 0 0 0 0.245066 0 0 0 0 0 0 0 0.243616 0.132611 0.493182 
0 0.0902617 0 0 0 0.0502986 0.208613 0.239126 0.441924 0.0502986 0.18199 0.67241 0.374772 0.132089 0 0.09877 0 0 0 0 0 0 0.144229 0 0 0 0 0 0.26221 0 0 0 0 0 0 0 0.268656 0.150479 0.538859 
0 0.125581 0 0 0 0.0701328 0.290404 0.323539 0.598857 0.0701328 0.253692 0.688444 0.383708 0.135239 0 0.11432 0 0 0 0 0 0 0.155874 0 0 0 0 0 0.268463 0 0 0 0 0 0 0 0.286229 0.166063 0.567309 
0 0.154467 0 0 0 0.087029 0.358618 0.362938 0.674132 0.087029 0.313353 0.68758 0.381163 0.134246 0 0.129873 0 0 0 0 0 0 0.164607 0 0 0 0 0 0.266904 0 0 0 0 0 0 0 0.299077 0.180727 0.585271 
0 0.162707 0 0 0 0.0937104 0.381524 0.370433 0.689255 0.0937104 0.333555 0.685271 0.374248 0.131559 0 0.145169 0 0 0 0 0 0 0.171588 0 0 0 0 0 0.262591 0 0 0 0 0 0 0 0.311099 0.195904 0.602144 
0 0.166886 0 0 0 0.0982964 0.39536 0.371842 0.692854 0.0982964 0.345849 0.681939 0.364048 0.127612 0 0.159953 0 0 0 0 0 0 0.177085 0 0 0 0 0 0.256074 0 0 0 0 0 0 0 0.322099 0.210899 0.617715 
0 0.168048 0 0 0 0.1 0.4 0.37159 0.692528 0.1 0.35 0.678006 0.351646 0.122839 0 0.173967 0 0 0 0 0 0 0.181367 0 0 0 0 0 0.247901 0 0 0 0 0 0 0 0.331879 0.225018 0.631775 
0 0.168048 0 0 0 0.1 0.4 0.371962 0.692763 0.1 0.35 0.673896 0.338127 0.117675 0 0.186952 0 0 0 0 0 0 0.184704 0 0 0 0 0 0.23862 0 0 0 0 0 0 0 0.340244 0.237565 0.644112 
0 0.168048 0 0 0 0.1 0.4 0.372297 0.692978 0.1 0.35 0.67003 0.324573 0.112554 0 0.198652 0 0 0 0 0 0 0.187364 0 0 0 0 0 0.228781 0 0 0 0 0 0 0 0.346998 0.247845 0.654515 
0 0.168048 0 0 0 0.1 0.4 0.372596 0.693175 0.1 0.35 0.666832 0.312068 0.107911 0 0.20881 0 0 0 0 0 0 0.189615 0 0 0 0 0 0.218932 0 0 0 0 0 0 0 0.351943 0.255163 0.662775 
0 0.168048 0 0 0 0.1 0.4 0.37286 0.693354 0.1 0.35 0.664724 0.301696 0.103362 0 0.216706 0 0 0 0 0 0 0.191726 0 0 0 0 0 0.209622 0 0 0 0 0 0 0 0.355473 0.260186 0.669434 
0 0.168048 0 0 0 0.1 0.4 0.373092 0.693517 0.1 0.35 0.663436 0.294541 0.098391 0 0.222165 0 0 0 0 0 0 0.193967 0 0 0 0 0 0.201399 0 0 0 0 0 0 0 0.358218 0.264174 0.675257 
0 0.168048 0 0 0 0.1 0.4 0.373295 0.693665 0.1 0.35 0.662399 0.289917 0.0932391 0 0.225747 0 0 0 0 0 0 0.196086 0 0 0 0 0 0.193479 0 0 0 0 0 0 0 0.360333 0.267327 0.680359 
0 0.168048 0 0 0 0.1 0.4 0.373469 0.693799 0.1 0.35 0.661586 0.286331 0.0881457 0 0.228013 0 0 0 0 0 0 0.197699 0 0 0 0 0 0.185044 0 0 0 0 0 0 0 0.361974 0.269845 0.684858 
0 0.168048 0 0 0 0.1 0.4 0.373617 0.693919 0.1 0.35 0.660971 0.283658 0.0833503 0 0.229522 0 0 0 0 0 0 0.198868 0 0 0 0 0 0.176586 0 0 0 0 0 0 0 0.363297 0.271926 0.68887 
0 0.168048 0 0 0 0.1 0.4 0.373741 0.694027 0.1 0.35 0.660527 0.281772 0.0790928 0 0.230836 0 0 0 0 0 0 0.199659 0 0 0 0 0 0.168599 0 0 0 0 0 0 0 0.364457 0.27377 0.692513 
0 0.168048 0 0 0 0.1 0.4 0.373843 0.694124 0.1 0.35 0.660229 0.280545 0.075613 0 0.232513 0 0 0 0 0 0 0.200135 0 0 0 0 0 0.161576 0 0 0 0 0 0 0 0.36561 0.275575 0.695904 
0 0.168048 0 0 0 0.1 0.4 0.373925 0.694211 0.1 0.35 0.660048 0.279854 0.0730148 0 0.234148 0 0 0 0 0 0 0.200362 0 0 0 0 0 0.15601 0 0 0 0 0 0 0 0.366912 0.277542 0.699158 
0 0.168048 0 0 0 0.1 0.4 0.373989 0.694288 0.1 0.35 0.659961 0.27957 0.0711615 0 0.235082 0 0 0 0 0 0 0.200403 0 0 0 0 0 0.152395 0 0 0 0 0 0 0 0.3682 0.279424 0.7018 
0 0.168048 0 0 0 0.1 0.4 0.374037 0.694358 0.1 0.35 0.659938 0.279569 0.0699315 0 0.235495 0 0 0 0 0 0 0.200323 0 0 0 0 0 0.15053 0 0 0 0 0 0 0 0.369207 0.280857 0.703435 
0 0.168048 0 0 0 0.1 0.4 0.374071 0.69442 0.1 0.35 0.659955 0.279725 0.0692033 0 0.235567 0 0 0 0 0 0 0.200187 0 0 0 0 0 0.149873 0 0 0 0 0 0 0 0.36993 0.281859 0.704304 
0 0.168048 0 0 0 0.1 0.4 0.374092 0.694476 0.1 0.35 0.659984 0.27991 0.0688555 0 0.235477 0 0 0 0 0 0 0.200057 0 0 0 0 0 0.149877 0 0 0 0 0 0 0 0.370366 0.282446 0.704649 
0 0.168048 0 0 0 0.1 0.4 0.374104 0.694527 0.1 0.35 0.66 0.28 0.0687666 0 0.235408 0 0 0 0 0 0 0.2 0 0 0 0 0 0.15 0 0 0 0 0 0 0 0.370511 0.282638 0.70471 
0 0.168048 0 0 0 0.1 0.4 0.374108 0.694574 0.1 0.35 0.66 0.28 0.0687666 0 0.235408 0 0 0 0 0 0 0.2 0 0 0 0 0 0.15 0 0 0 0 0 0 0 0.370511 0.282638 0.70471 
0 0.168048 0 0 0 0.1 0.4 0.374106 0.694618 0.1 0.35 0.66 0.28 0.0687666 0 0.235408 0 0 0 0 0 0 0.2 0 0 0 0 0 0.15 0 0 0 0 0 0 0 0.370511 0.282638 0.70471 
0 0.168048 0 0 0 0.1 0.4 0.374099 0.69466 0.1 0.35 0.66 0.28 0.0687666 0 0.235408 0 0 0 0 0 0 0.2 0 0 0 0 0 0.15 0 0 0 0 0 0 0 0.370511 0.282638 0.70471 
0 0.168048 0 0 0 0.1 0.4 0.374091 0.694701 0.1 0.35 0.66 0.28 0.0687666 0 0.235408 0 0 0 0 0 0 0.2 0 0 0 0 0 0.15 0 0 0 0 0 0 0 0.370511 0.282638 0.70471 
0 0.168048 0 0 0 0.1 0.4 0.374083 0.694742 0.1 0.35 0.66 0.28 0.0687666 0 0.235408 0 0 0 0 0 0 0.2 0 0 0 0 0 0.15 0 0 0 0 0 0 0 0.370511 0.282638 0.70471 
0 0.168048 0 0 0 0.1 0.4 0.374077 0.694784 0.1 0.35 0.66 0.28 0.0687666 0 0.235408 0 0 0 0 0 0 0.2 0 0 0 0 0 0.15 0 0 0 0 0 0 0 0.370511 0.282638 0.70471 
0 0.168048 0 0 0 0.1 0.4 0.374074 0.694827 0.1 0.35 0.66 0.28 0.0687666 0 0.235408 0 0 0 0 0 0 0.2 0 0 0 0 0 0.15 0 0 0 0 0 0 0 0.370511 0.282638 0.70471 
0 0.168048 0 0 0 0.1 0.4 0.374078 0.694874 0.1 0.35 0.66 0.28 0.0687666 0 0.235408 0 0 0 0 0 0 0.2 0 0 0 0 0 0.15 0 0 0 0 0 0 0 0.370511 0.282638 0.70471 
0 0.168048 0 0 0 0.1 0.4 0.37409 0.694925 0.1 0.35 0.66 0.28 0.0687666 0 0.235408 0 0 0 0 0 0 0.2 0 0 0 0 0 0.15 0 0 0 0 0 0 0 0.370511 0.282638 0.70471 
0 0.168048 0 0 0 0.1 0.4 0.374112 0.694982 0.1 0.35 0.66 0.28 0.0687666 0 0.235408 0 0 0 0 0 0 0.2 0 0 0 0 0 0.15 0 0 0 0 0 0 0 0.370511 0.282638 0.70471 
0 0.168048 0 0 0 0.1 0.4 0.374145 0.695044 0.1 0.35 0.66 0.28 0.0687666 0 0.235408 0 0 0 0 0 0 0.2 0 0 0 0 0 0.15 0 0 0 0 0 0 0 0.370511 0.282638 0.70471 
0 0.168048 0 0 0 0.1 0.4 0.374193 0.695113 0.1 0.35 0.66 0.28 0.0687666 0 0.235408 0 0 0 0 0 0 0.2 0 0 0 0 0 0.15 0 0 0 0 0 0 0 0.370511 0.282638 0.70471 
0 0.168048 0 0 0 0.1 0.4 0.374257 0.695191 0.1 0.35 0.66 0.28 0.0687666 0 0.235408 0 0 0 0 0 0 0.2 0 0 0 0 0 0.15 0 0 0 0 0 0 0 0.370511 0.282638 0.70471 
0 0.168048 0 0 0 0.1 0.4 0.374339 0.695277 0.1 0.35 0.66 0.28 0.0687666 0 0.235408 0 0 0 0 0 0 0.2 0 0 0 0 0 0.15 0 0 0 0 0 0 0 0.370511 0.282638 0.70471 
