0.269918 0.177234 0 0.000223754 0.293271 0.187549 0.0980377 1 1 0 0 1 1 0.269959 1 0 0.86705 0 0 0.616775 1 0 0 0 0 0 0 0 0 0.69439 0 0 0 0 0 0 0.548588 0 0 
0.269918 0.177234 0 0.000223754 0.293271 0.187549 0.0980377 1 1 0 0 1 1 0.258512 1 0 0.86705 0 0 0.61535 1 0 0 0 0 0 0 0 0 0.69439 0 0 0 0 0 0 0.548588 0 0 
0.269918 0.177234 0 0.000223754 0.293271 0.187549 0.0980377 1 1 0 0 1 1 0.244696 1 0 0.86705 0 0 0.6125 1 0 0 0 0 0 0 0 0 0.69439 0 0 0 0 0 0 0.548588 0 0 
0.269918 0.177234 0 0.000223754 0.293271 0.187549 0.0980377 1 1 0 0 1 1 0.237986 1 0 0.86705 0 0 0.608225 1 0 0 0 0 0 0 0 0 0.69439 0 0 0 0 0 0 0.548588 0 0 
0.269918 0.177234 0 0.000223754 0.293271 0.187549 0.0980377 1 1 0 0 1 1 0.238473 1 0 0.86705 0 0 0.602523 1 0 0 0 0 0 0 0 0 0.69439 0 0 0 0 0 0 0.548588 0 0 
0.269918 0.177234 0 0.000223754 0.293271 0.187549 0.0980377 1 1 0 0 1 1 0.241084 1 0 0.86705 0 0 0.595394 1 0 0 0 0 0 0 0 0 0.69439 0 0 0 0 0 0 0.548588 0 0 
0.39229 0.299606 0 0 0.262141 0.189991 0.104539 1 1 0 0 1 1 0.247547 1 0 0.86705 0 0 0.586838 1 0 0 0 0 0 0 0 0 0.69439 0 0 0 0 0 0 0.548588 0 0 
0.427401 0.339293 0 0 0.2622 0.196101 0.120804 1 1 0.000840086 0.00081308 1 1 0.259586 1 0 0.86705 0 0 0.576854 1 0 0 0 0 0 0 0 0 0.69439 0 0 0 0 0 0 0.548588 0 0 
0.448329 0.365417 0 0 0.261668 0.204053 0.141976 1 1 0.0112604 0.0147906 1 1 0.278928 1 0 0.86705 0 0 0.565443 1 0 0 0 0 0 0 0 0 0.69439 0 0 0 0 0 0 0.548588 0 0 
0.464824 0.388405 0 0 0.259479 0.212023 0.163194 1 1 0.0431111 0.0592399 1 1 0.3073 1 0 0.86705 0 0 0.552602 1 0 0 0 0 0 0 0 0 0.69439 0 0 0 0 0 0 0.548588 0 0 
0.481286 0.411629 0 0 0.254774 0.218688 0.180938 1 1 0.0984291 0.132661 1 1 0.346428 1 0 0.86705 0 0 0.538333 1 0 0 0 0 0 0 0 0 0.69439 0 0 0 0 0 0 0.548588 0 0 
0.487833 0.423386 0 0 0.248326 0.225392 0.198788 1 1 0.13724 0.176022 1 1 0.598632 1 0 0.849358 0 0 0.510473 1 0 0 0.0509819 0.0393305 0 0 0 0.0137043 0.449965 0 0 0 0 0 0 0.284297 0 0 
0.520715 0.478678 0 0 0.240788 0.231223 0.214312 1 1 0.179611 0.281122 1 0.859731 0.468464 0.983244 0 0.797785 0 0 0.191144 0.462035 0 0 1 1 0 0.500001 0.500001 0.385212 0.0722165 0 0 0 0 0 0 0.607037 0 0 
0.614166 0.630884 0 0 0.232669 0.236472 0.228286 1 1 0.29625 0.540951 0.95997 0.571193 0.412706 0.939034 0 0.606139 0 0.0834383 0 0.0314157 0 0 1 1 0 0.821876 0.821876 0.621391 0.0834383 0 0 0 0 0 0 0.93699 0 0.020159 
0.73452 0.826717 0 0 0.224479 0.241397 0.241398 1 1 0.471506 0.868034 0.8118 0.63607 1 1 0 0.144864 0 0.373262 0 0.157676 0 0 0.314365 0.818248 0 0.190503 0.190503 0.40574 0.373262 0 0 0 0 0 0 0.93762 0 0.194458 
0.822905 0.970486 0 0 0.216725 0.244552 0.249799 1 1 0.60651 1 0.725457 0.702789 1 1 0 0.0181461 0 0.426631 0 0.212925 0 0 0.028611 0.100848 0 0.0238228 0.0238228 0.0455145 0.426631 0 0 0 0 0 0 0.938344 0 0.680758 
0.836382 0.992943 0 0 0.20958 0.244448 0.25103 1 1 0.627445 1 0.72 0.72 1 1 0 0 0 0.42 0 0.22167 0 0 0 0 0 0 0 0 0.42 0 0 0 0 0 0 0.938793 0 0.785314 
0.834061 0.992943 0 0 0.201595 0.240518 0.25103 1 1 0.623453 1 0.759229 0.83075 1 0.997711 0 0.0552282 0 0.407861 0 0.201719 0.0378347 0 0 0 0 0 0 0.11168 0.479887 0 0 0 0 0 0 0.877663 0 0.687437 
0.830241 0.992943 0 0 0.193144 0.234189 0.25103 1 1 0.617025 1 0.851931 1 1 0.645496 0 0.184832 0 0.375554 0 0.154871 0.126063 0 0 0 0 0 0 0.366272 0.613582 0 0 0 0 0 0 0.738938 0 0.467224 
0.825779 0.992943 0 0 0.184948 0.227061 0.25103 1 1 0.609784 1 0.960634 1 0.883374 0.256029 0 0.334693 0 0.329247 0 0.100634 0.226772 0 0 0 0 0 0 0.643104 0.752137 0 0 0 0 0 0 0.589613 0 0.234795 
0.821535 0.992943 0 0 0.177726 0.220732 0.25103 1 1 0.603356 1 1 1 0.639077 0 0.0090697 0.450688 0 0.275107 0 0.058516 0.302049 0 0 0 0 0 0 0.821505 0.826606 0 0 0 0 0 0 0.496685 0 0.100277 
0.818365 0.992943 0 0 0.172201 0.216802 0.25103 1 1 0.599364 1 1 1 0.468793 0 0.0819197 0.516711 0 0.191996 0 0.0318355 0.341867 0 0 0 0 0 0 0.606984 0.844336 0 0 0 0 0 0 0.457533 0 0.0554706 
0.816834 0.992943 0 0 0.169094 0.216232 0.25103 1 1 0.598789 1 1 1 0.324858 0 0.296463 0.560199 0 0.087707 0 0.0121738 0.364275 0 0 0 0 0 0 0.460392 0.860628 0 0 0 0 0 0 0.42752 0 0.0215206 
0.815712 0.992943 0 0 0.168706 0.216212 0.25103 1 1 0.598789 1 1 1 0.202109 0 0.850274 0.592352 0 0.0118106 0 0.00143185 0.373468 0 0 0 0 0 0 0.472303 0.878462 0 0 0 0 0 0 0.410612 0 0.00256353 
0.814732 0.992943 0 0 0.168932 0.216187 0.25103 1 1 0.598789 1 1 1 0.0976861 0 1 0.621136 0 0 0 0 0.37442 0 0 0 0 0 0 0.48 0.903398 0 0 0 0 0 0 0.408313 0 0 
0.813885 0.992943 0 0 0.169259 0.216174 0.25103 1 1 0.598789 1 1 1 0.0262038 0 1 0.636195 0 0 0 0 0.37442 0 0 0 0 0 0 0.48 0.940305 0 0 0 0 0 0 0.408313 0 0 
0.813161 0.992943 0 0 0.169556 0.21619 0.25103 1 1 0.598789 1 1 1 0 0 1 0.64 0 0 0 0 0.37442 0 0 0 0 0 0 0.48 0.96 0 0 0 0 0 0 0.408313 0 0 
0.812551 0.992943 0 0 0.169693 0.216252 0.25103 1 1 0.598789 1 1 1 0.0190596 0 1 0.64 0 0 0 0 0.37442 0 0 0 0 0 0 0.438766 0.948242 0 0 0 0 0 0 0.408313 0 0 
0.812045 0.992943 0 0 0.169538 0.216376 0.25103 1 1 0.598789 1 1 1 0.0519309 0 1 0.64 0 0 0 0 0.37442 0 0 0 0 0 0 0.365288 0.918766 0 0 0 0 0 0 0.408313 0 0 
0.811634 0.992943 0 0 0.168962 0.216578 0.25103 1 1 0.598789 1 1 1 0.0672549 0 1 0.64 0 0 0 0 0.37442 0 0 0 0 0 0 0.32382 0.880266 0 0 0 0 0 0 0.408313 0 0 
0.811308 0.992943 0 0 0.167833 0.216876 0.25103 1 1 0.598789 1 1 1 0.0735127 0 1 0.64 0 0 0 0 0.37442 0 0 0 0 0 0 0.295709 0.841438 0 0 0 0 0 0 0.408313 0 0 
0.811058 0.992943 0 0 0.166021 0.217286 0.25103 1 1 0.598789 1 1 1 0.0759617 0 1 0.64 0 0 0 0 0.37442 0 0 0 0 0 0 0.274962 0.810979 0 0 0 0 0 0 0.408313 0 0 
0.810875 0.992943 0 0 0.163395 0.217824 0.25103 1 1 0.598789 1 1 1 0.0763491 0 1 0.64 0 0 0 0 0.37442 0 0 0 0 0 0 0.263613 0.797582 0 0 0 0 0 0 0.408313 0 0 
0.810749 0.992943 0 0 0.159825 0.218508 0.25103 1 1 0.598789 1 1 1 0.0763156 0 1 0.64 0 0.0155102 0.00411755 0 0.37442 0 0 0 0 0 0 0.262099 0.819918 0 0 0 0 0 0 0.412977 0 0 
0.810671 0.992943 0 0 0.155179 0.219354 0.25103 1 1 0.598789 1 1 1 0.0763156 0 1 0.64 0 0.110204 0.035161 0 0.37442 0 0 0 0 0 0 0.262099 0.916081 0 0 0 0 0 0 0.446742 0 0 
0.810631 0.992943 0 0 0.149328 0.220378 0.25103 1 1 0.598789 1 1 1 0.0763156 0 1 0.64 0 0.22449 0.0924003 0 0.37442 0 0 0 0 0 0 0.262099 1 0 0 0 0 0 0 0.505212 0 0 
0.81062 0.992943 0 0 0.14214 0.221598 0.25103 1 1 0.598789 1 1 1 0.0763156 0 1 0.64 0 0.28 0.170777 0 0.37442 0 0 0 0 0 0 0.262099 1 0 0 0 0 0 0 0.578934 0 0 
0.81062 0.992943 0 0 0.131215 0.221598 0.25103 1 1 0.613905 1 1 1 0.0771748 0 0.975353 0.54 0 0.23625 0.333616 0 0.454554 0 0 0 0 0 0 0.221146 0.91125 0 0 0 0 0 0 0.669035 0 0.0169783 
0.77253 0.992943 0 0 0.105946 0.228201 0.250888 1 1 0.644859 1 1 1 0.0903471 0 0.577988 0.32 0 0.14 0.479923 0 0.534687 0 0 0 0 0 0 0.13105 0.540001 0 0 0 0 0 0 0.838395 0 0.127711 
0.713664 0.992943 0 0 0.0719515 0.240393 0.25084 1 1 0.691515 1 1 1 0.61107 0 0.180621 0.0999998 0 0.0437499 0.507802 0 0.434613 0 0 0 0 0 0 0.0409529 0.16875 0 0 0 0 0 0 1 0 0.56253 
0.752535 0.994125 0 0 0.0374704 0.247353 0.251577 1 1 0.815382 1 1 1 1 0 0 0 0 0 0.512132 0 0.275829 0 0 0 0 0 0 0 0 0 0 0 0 0 0 1 0 0.656903 
0.937707 1 0 0 0.0107406 0.248924 0.253396 1 1 1 1 0.816718 0.826011 0.076958 0 0 0 0 0.042548 0.586497 0 0.182428 0 0 0 0 0 0 0 0.178125 0 0 0 0 0 0 1 0 0.547837 
0.99184 1 0 0 0 0.250088 0.255797 1 1 1 1 0.77952 0.77952 0.00860744 0 0 0 0 0.148461 0.650899 0.0199466 0.125476 0 0 0 0 0 0 0 0.569999 0 0 0 0 0 0 1 0 0.46249 
0.996102 1 0 0 0 0.25031 0.256447 1 1 1 1 0.98624 0.98624 0.517294 0 0 0 0 0.285144 0.56879 0.124283 0.0423442 0 0 0 0 0 0 0 0.961875 0 0 0 0 0 0 1 0 0.37823 
0.996102 1 0 0 0 0.250843 0.256993 1 1 1 1 1 1 1 0 0 0 0 0.42 0.133813 0.191794 0 0 0 0 0 0 0 0 1 0 0 0 0 0 0 1 0 0.240815 
0.996102 1 0 0 0 0.251727 0.257896 1 1 1 1 0.983197 0.983197 0.836323 0 0 0 0 0.598067 0.0241633 0.124283 0 0.1408 0.19712 0.19712 0.0563199 0 0 0.113203 0.738721 0 0 0 0 0 0 0.610263 0 0.11654 
0.996102 1 0 0 0 0.25277 0.258963 1 1 1 1 0.766929 0.766929 0.369226 0 0 0 0 0.770326 1.70911e-05 0.0199466 0 0.3584 0.50176 0.50176 0.14336 0 0 0.381338 0.11856 0 0 0 0 0 0 0.0901027 0 0.016265 
0.996102 1 0 0 0 0.253781 0.259997 1 1 1 1 0.712393 0.712393 0.433563 0.161851 0 0 0 0.755685 0.0187428 0.0200406 0 0.386283 0.54432 0.55884 0.159669 0 0 0.8706 0 0 0 0 0 0 0 0.00619767 0 0.0145712 
0.996102 1 0 0 0 0.254569 0.260802 1 1 1 1 0.701102 0.701102 0.904535 0.727106 0 0 0 0.485132 0.144588 0.154599 0 0.296296 0.43904 0.480158 0.137188 0 0 1 0 0 0 0 0 0 0 0.0871397 0 0.19204 
0.996102 1 0 0 0 0.254943 0.261185 1 1 1 1 0.694179 0.694179 1 1 0 0 0 0.158601 0.334694 0.357868 0 0.166804 0.28 0.346561 0.0990174 0 0 0.766391 0 0 0 0 0 0 0 0.280696 0 0.583402 
0.996102 1 0 0 0 0.254712 0.260949 1 1 1 1 0.690586 0.690586 0.642463 1 0 0 0 0 0.5248 0.561137 0 0.05048 0.12096 0.196802 0.056229 0 0 0.354729 0 0 0 0 0 0 0 0.447558 0 0.816015 
0.996102 1 0 0 0 0.253685 0.259899 1 1 1 1 0.689287 0.689287 0 1 0 0 0 0.19 0.650645 0.695695 0 0 0.01568 0.0308805 0.00882301 0 0 0.048173 0 0 0 0 0 0 0 0.587724 0 0.889877 
0.996102 1 0 0 0 0.251671 0.257839 1 1 1 1 0.680662 0.680662 0.186523 0.849845 0 0 0 0.38 0.634801 0.625703 0.0156399 0 0 0 0 0 0 0 0.38 0 0 0 0 0 0 0.793437 0 0.87413 
0.993687 1 0 0 0 0.248204 0.254293 1 1 1 1 0.637481 0.637481 1 0.247968 0 0 0 0.281482 0.461106 0.210351 0.0946134 0 0 0 0 0 0 0 0.281482 0 0 0 0 0 0 1 0 0.739132 
0.976325 0.99248 0 0 0 0.241893 0.247838 1 1 1 1 0.608721 0.608721 1 0 0.19446 0 0 0.0985183 0.358079 0.0464429 0.145209 0 0 0 0 0 0 0 0.0985183 0 0 0 0 0 0 1 0 0.57234 
0.946597 0.962254 0 0 0 0.233432 0.239184 1 1 1 1 0.6 0.6 1 0 0.431754 0 0 0 0.334744 0 0.158014 0 0 0 0 0 0 0 0 0 0 0 0 0 0 1 0 0.481447 
0.909717 0.924757 0 0 0 0.223842 0.229375 1 1 1 1 0.700462 0.700462 1 0 1 0.0512658 0 0.0327787 0.230069 0 0.133324 0.162061 0 0 0 0.159561 0.159561 0.132751 0.314691 0 0 0 0 0 0 1 0 0.460209 
0.870901 0.885289 0 0 0 0.214142 0.219455 1 1 1 1 0.939454 0.939454 0.331927 0 1 0.159949 0 0.0805574 0.0760881 0 0.079007 0.386622 0 0 0 0.379122 0.379122 0.385567 0.744381 0 0 0 0 0 0 1 0 0.430516 
0.835362 0.849153 0 0 0 0.205352 0.210466 1 1 1 1 1 1 0.00217293 0 1 0.344506 0 0.107779 0.0042291 0 0.0246896 0.471592 0 0 0 0.459561 0.459561 0.671312 0.889691 0 0 0 0 0 0 1 0 0.379584 
0.808313 0.82165 0 0 0 0.198492 0.203453 1 1 1 1 1 1 0 0 0.972384 0.473293 0.0363943 0.12 0 0 0 0.5 0 0 0 0.48 0.48 0.749537 0.92 0 0 0 0 0 0 1 0 0.345629 
0.792845 0.80592 0 0 0 0.194151 0.199018 1 1 1 1 1 1 0 0 0.99365 0.583225 0.0502117 0.12 0 0 0 0.511533 0.0400895 0.0949998 0 0.48 0.48 0.804643 0.92 0 0 0 0 0 0 1 0 0.345629 
0.77948 0.792329 0 0 0 0.190375 0.195161 1 1 1 1 1 1 0 0 1 0.661839 0.0754851 0.12 0 0 0 0.522162 0.134834 0.221666 0 0.48 0.48 0.829977 0.92 0 0 0 0 0 0 1 0 0.345629 
0.76636 0.778985 0 0 0 0.186768 0.191477 1 1 1 1 1 1 0 0 1 0.711609 0.109934 0.12 0 0 0 0.531554 0.245947 0.3325 0 0.48 0.48 0.840928 0.92 0 0 0 0 0 0 1 0 0.345629 
0.753535 0.765942 0 0 0 0.183324 0.187959 1 1 1 1 1 1 0 0 1 0.729326 0.127192 0.12 0 0 0 0.539376 0.335142 0.38 0 0.48 0.48 0.843588 0.92 0 0 0 0 0 0 1 0 0.345629 
0.741056 0.75325 0 0 0 0.180034 0.184601 1 1 1 1 1 1 0 0 1 0.729052 0.127021 0.120015 0 0 0 0.558589 0.39846 0.402037 0 0.48006 0.48006 0.843588 0.920115 0 0 0 0 0 0 1 0 0.345629 
0.728974 0.740962 0 0 0 0.176892 0.181393 1 1 1 1 1 1 0 0 1 0.728643 0.12655 0.120057 0 0 0 0.590082 0.451348 0.447393 0 0.480227 0.480227 0.843588 0.920434 0 0 0 0 0 0 1 0 0.345629 
0.717341 0.72913 0 0 0 0.173891 0.17833 1 1 1 1 1 1 0 0 1 0.728714 0.125844 0.12012 0 0 0 0.615411 0.484631 0.484938 0 0.480479 0.480479 0.843588 0.920918 0 0 0 0 0 0 1 0 0.345629 
0.706207 0.717806 0 0 0 0.171023 0.175404 1 1 1 1 1 1 0 0 1 0.729883 0.124966 0.120199 0 0 0 0.620616 0.490399 0.488339 0 0.480797 0.480797 0.843588 0.921527 0 0 0 0 0 0 1 0 0.345629 
0.695624 0.707041 0 0 0 0.168281 0.172606 1 1 1 1 1 1 0 0 1 0.732768 0.123981 0.12029 0 0 0 0.621098 0.474013 0.470059 0 0.481159 0.481159 0.843588 0.922222 0 0 0 0 0 0 1 0 0.345629 
0.685642 0.696888 0 0 0 0.165659 0.169931 1 1 1 1 1 1 0 0 1 0.737986 0.122954 0.120386 0 0 0 0.620647 0.445329 0.441622 0 0.481546 0.481546 0.843588 0.922962 0 0 0 0 0 0 1 0 0.345629 
0.676312 0.687398 0 0 0 0.163149 0.16737 1 1 1 1 1 1 0 0 1 0.746153 0.121948 0.120484 0 0 0 0.619336 0.413709 0.411402 0 0.481935 0.481935 0.843588 0.92371 0 0 0 0 0 0 1 0 0.345629 
0.667686 0.678624 0 0 0 0.160744 0.164917 1 1 1 1 1 1 0 0 1 0.757887 0.121027 0.120577 0 0 0 0.617242 0.388516 0.387775 0 0.482308 0.482308 0.843588 0.924424 0 0 0 0 0 0 1 0 0.345629 
0.659815 0.670617 0 0 0 0.158436 0.162563 1 1 1 1 1 1 0 0 1 0.773805 0.120257 0.120661 0 0 0 0.614439 0.379113 0.379113 0 0.482643 0.482643 0.843588 0.925066 0 0 0 0 0 0 1 0 0.345629 
0.652749 0.66343 0 0 0 0.156219 0.160303 1 1 1 1 1 1 0 0 1 0.820629 0.119612 0.12073 0 0 0 0.611004 0.406943 0.406943 0 0.482919 0.482919 0.843588 0.925596 0 0 0 0 0 0 1 0 0.345629 
0.64654 0.657114 0 0 0 0.154086 0.158127 1 1 1 1 1 1 0 0 1 0.893999 0.119015 0.120779 0 0 0 0.607012 0.46162 0.46162 0 0.483117 0.483117 0.843588 0.925974 0 0 0 0 0 0 1 0 0.345629 
0.641238 0.651721 0 0 0 0.152029 0.156029 1 1 1 1 1 1 0 0 1 0.947915 0.118453 0.120804 0 0 0 0.602538 0.50476 0.50476 0 0.483215 0.483215 0.843588 0.926162 0 0 0 0 0 0 1 0 0.345629 
0.636895 0.647303 0 0 0 0.150041 0.154001 1 1 1 1 1 1 0 0 1 0.97396 0.117913 0.120798 0 0 0 0.597659 0.529229 0.529229 0 0.483193 0.483193 0.843588 0.926119 0 0 0 0 0 0 1 0 0.345629 
0.633562 0.643912 0 0 0 0.148115 0.152037 1 1 1 1 1 1 0 0 1 0.994925 0.117381 0.120757 0 0 0 0.592449 0.552666 0.552666 0 0.483029 0.483029 0.843588 0.925806 0 0 0 0 0 0 1 0 0.345629 
0.63129 0.6416 0 0 0 0.146244 0.150128 1 1 1 1 1 1 0 0 1 1 0.116843 0.120676 0 0 0 0.586984 0.573849 0.573849 0 0.482705 0.482705 0.843588 0.925184 0 0 0 0 0 0 1 0 0.345629 
0.630129 0.64042 0 0 0 0.144421 0.148268 1 1 1 1 1 1 0 0 1 1 0.116287 0.12055 0 0 0 0.581339 0.591556 0.591556 0 0.482198 0.482198 0.843588 0.924213 0 0 0 0 0 0 1 0 0.345629 
0.629982 0.64027 0 0 0 0.142725 0.146537 1 1 1 1 1 1 0 0 1 1 0.1157 0.120372 0 0 0 0.575591 0.604566 0.604566 0 0.481489 0.481489 0.843588 0.922854 0 0 0 0 0 0 1 0 0.345629 
0.629982 0.64027 0 0 0 0.141629 0.145419 1 1 1 1 1 1 0 0 1 1 0.115067 0.120139 0 0 0 0.569814 0.611656 0.611656 0 0.480556 0.480556 0.843588 0.921066 0 0 0 0 0 0 1 0 0.345629 
0.629982 0.64027 0 0 0 0.141106 0.144884 1 1 1 1 1 1 0 0 1 1 0.114407 0.119771 0 0 0 0.563508 0.612148 0.612148 0 0.479085 0.479085 0.843588 0.918247 0 0 0 0 0 0 1 0 0.345629 
0.629982 0.64027 0 0 0 0.141036 0.144814 1 1 1 1 1 1 0 0 0.992078 1 0.113847 0.118895 0 0 0 0.553807 0.608219 0.608219 0 0.475582 0.475582 0.843588 0.911532 0 0 0 0 0 0 1 0 0.345629 
0.629982 0.64027 0 0 0 0.141303 0.145086 1 1 1 1 1 1 0 0 0.980846 1 0.113296 0.117622 0 0 0 0.541545 0.599553 0.599553 0 0.470486 0.470486 0.843588 0.901765 0 0 0 0 0 0 1 0 0.345629 
0.629982 0.64027 0 0 0 0.141787 0.14558 1 1 1 1 1 1 0 0 0.968322 1 0.112621 0.116142 0 0 0 0.528186 0.585302 0.585302 0 0.464566 0.464566 0.843588 0.890419 0 0 0 0 0 0 1 0 0.345629 
0.629982 0.64027 0 0 0 0.14237 0.146174 1 1 1 1 1 1 0 0 0.955893 1 0.111695 0.114648 0 0 0 0.515196 0.564624 0.564624 0 0.45859 0.45859 0.843588 0.878965 0 0 0 0 0 0 1 0 0.345629 
0.629982 0.64027 0 0 0 0.142932 0.146749 1 1 1 1 1 1 0 0 0.944949 1 0.110388 0.113331 0 0 0 0.504041 0.536672 0.536672 0 0.453326 0.453326 0.843588 0.868874 0 0 0 0 0 0 1 0 0.345629 
0.629982 0.64027 0 0 0 0.143357 0.147182 1 1 1 1 1 1 0 0 0.937119 1 0.108694 0.112272 0 0 0 0.495601 0.501128 0.500741 0 0.449244 0.449244 0.843588 0.861418 0 0 0 0 0 0 1 0 0.345629 
0.629982 0.64027 0 0 0 0.143525 0.147353 1 1 1 1 1 1 0 0 0.934133 1 0.107222 0.110954 0 0 0 0.487348 0.460886 0.457734 0 0.445098 0.445098 0.843588 0.856093 0 0 0 0 0 0 1 0 0.345629 
1 1 0 0 0 0.433902 0.445841 1 1 1 1 1 1 0 0 0.934786 1 0.105959 0.109393 0 0 0 0.47896 0.417103 0.409269 0 0.440756 0.440756 0.843588 0.852207 0 0 0 0 0 0 1 0 0.345629 
1 1 0 0 0 0.535534 0.550312 1 1 1 1 1 1 0 0 0.937507 1 0.104764 0.107711 0 0 0 0.470651 0.370472 0.356924 0 0.436351 0.436351 0.843588 0.849182 0 0 0 0 0 0 1 0 0.345629 
1 1 0 0 0 0.392754 0.403237 1 1 1 1 1 1 0 0 0.940725 1 0.103497 0.106033 0 0 0 0.462634 0.321687 0.302277 0 0.432022 0.432022 0.843588 0.846439 0 0 0 0 0 0 1 0 0.345629 
0.649528 0.649528 0 0 0 0.169914 0.174172 1 1 1 1 1 1 0 0 0.942869 1 0.102021 0.104482 0 0 0 0.455123 0.271441 0.246907 0 0.427903 0.427903 0.843588 0.843403 0 0 0 0 0 0 1 0 0.345629 
0.468086 0.468086 0 0 0 0.121045 0.125238 1 1 1 1 1 1 0 0 0.942368 1 0.100195 0.103184 0 0 0 0.448332 0.220429 0.192393 0 0.424131 0.424131 0.843588 0.839493 0 0 0 0 0 0 1 0 0.345629 
0.439504 0.439504 0 0 0 0.113522 0.118634 1 1 1 1 1 1 0 0 0.93765 1 0.0978794 0.10226 0 0 0 0.442474 0.169346 0.140314 0 0.420843 0.420843 0.843588 0.834134 0 0 0 0 0 0 1 0 0.345629 
0.411539 0.411539 0 0 0 0.106082 0.111673 1 1 1 1 1 1 0 0 0.927146 1 0.0949353 0.101837 0 0 0 0.437762 0.118883 0.092248 0 0.418174 0.418174 0.843588 0.826747 0 0 0 0 0 0 1 0 0.345629 
0.384587 0.384587 0 0 0 0.0988461 0.104547 1 1 1 1 1 1 0 0 0.909284 1 0.0912232 0.102036 0 0 0 0.43441 0.0697363 0.0497737 0 0.41626 0.41626 0.843588 0.816754 0 0 0 0 0 0 1 0 0.345629 
0.359045 0.359045 0 0 0 0.0919336 0.0974485 1 1 0.968549 0.968549 1 1 0 0 0.882493 1 0.0866036 0.102983 0 0 0 0.432632 0.0225986 0.0144698 0 0.415238 0.415238 0.843588 0.803578 0 0 0 0 0 0 1 0 0.345629 
0.33531 0.33531 0 0 0 0.085465 0.090568 1 1 0.888997 0.888997 1 1 0.0202484 0 0.821719 0.998788 0 0.106027 0 0 0.0103444 0.41382 0 0 0 0.435151 0.435151 0.855571 0.764435 0 0 0 0 0 0 1 0 0.351169 
0.313779 0.313779 0 0 0 0.0795606 0.0840972 1 1 0.807166 0.807166 1 1 0.238391 0 0.660932 0.922374 0 0.1163 0 0 0.0761724 0.295586 0 0 0 0.562655 0.562655 0.837441 0.600534 0 0 0 0 0 0 1 0 0.387778 
0.294847 0.294847 0 0 0 0.0743405 0.0782276 1 1 0.727614 0.727614 1 1 0.306493 0 0.448327 0.816526 0 0.129176 0.121558 0 0.164571 0.136814 0 0 0 0.733664 0.733664 0.32847 0.378608 0 0 0 0 0 0 1 0 0.441294 
0.278912 0.278912 0 0 0 0.0699251 0.0731506 1 1 0.654897 0.654897 0.833533 0.833533 0.0696895 0 0.286131 0.708867 0 0.138543 0.361464 0 0.230399 0.0185796 0.000536346 0 0 0.86052 0.86052 0.05704 0.191493 0 0 0 0 0 0 1 0 0.491157 
0.266369 0.266369 0 0 0 0.0664344 0.0690577 1 1 0.593571 0.593571 0.718822 0.718822 0.0333342 0 0.261716 0.625817 0 0.13608 0.323874 0 0.203127 0 0 0 0 0.871081 0.871081 0 0.110427 0 0 0 0 0 0 1 0 0.521153 
0.257617 0.257617 0 0 0 0.0639888 0.0661402 1 1 0.548194 0.548194 0.677181 0.677181 0.238241 0 0.299053 0.569629 0 0.10976 0.0599767 0 0.0376161 0 0 0 0 0.81076 0.81076 0 0.0632049 0 0 0 0 0 0 1 0 0.544168 
0.253051 0.253051 0 0 0 0.0627084 0.0645898 1 1 0.523323 0.523323 0.674088 0.674088 0.539414 0 0.477738 0.382332 0 0.07 0.03339 0 0 0 0 0 0 0.709659 0.709659 0 0.0304123 0 0 0 0 0 0 1 0 0.562805 
0.252461 0.252461 0 0 0 0.0625427 0.064387 1 1 0.52 0.52 0.690652 0.690652 0.936851 0 0.714098 0.0639272 0 0.03024 0.225383 0 0 0 0 0 0 0.586817 0.586817 0 0.0102878 0 0 0 0 0 0 1 0 0.576142 
0.252461 0.252461 0 0 0 0.0625427 0.064387 1 1 0.52 0.52 0.707985 0.707985 1 0 0.497185 0 0 0.00392 0.417375 0 0 0 0 0 0 0.461273 0.461273 0 0.00106969 0 0 0 0 0 0 1 0 0.583253 
0.252461 0.252461 0 0 0 0.0625427 0.064387 1 1 0.52 0.52 0.524877 0.524877 0.876189 0 0.206362 0 0 0 0.333898 0 0 0 0.025864 0.0181571 0.0168257 0.335358 0.335358 0.316301 0 0 0 0 0 0 0 1 0 0.500822 
0.252461 0.252461 0 0 0 0.0625427 0.064387 1 1 0.52 0.52 0 0 0.31649 0 0 0 0 0 0 0 0 0 0.1 0.1 0.06 0.160468 0.160468 1 0 0 0 0 0 0 0 1 0 0.179193 
0.252461 0.252461 0 0 0 0.0625427 0.064387 1 1 0.52 0.52 0.564776 0.564776 0.587053 0 0 0 0 0 0.257421 0 0 0 0.0259289 0.0263967 0.0155556 0.0222453 0.0222453 0.316296 0 0 0 0 0 0 0 1 0 0.0248209 
0.252461 0.252461 0 0 0 0.0625427 0.064387 1 1 0.52 0.52 0.64125 0.64125 0.340875 0.00548384 0 0 0 0.03475 0.665337 0 0.0609473 0 0 0 0 0 0 0 0 0 0 0 0 0 0 1 0 0.0609473 
0.252461 0.252461 0 0 0 0.0625427 0.064387 1 1 0.52 0.52 0.11875 0.11875 0 0.0370159 0 0 0 0.20925 1 0 0.329115 0 0 0 0 0 0 0 0 0 0 0 0 0 0 1 0 0.329115 
0.252461 0.252461 0 0 0 0.0625427 0.064387 1 1 0.52 0.52 0.160741 0.160741 0.0189661 0.0685481 0 0 0 0.331005 0.892257 0 0.288935 0 0 0 0.0259259 0.186667 0.186667 0.421481 0 0 0 0 0 0 0 1 0 0.288935 
0.252461 0.252461 0 0 0 0.0625427 0.064387 1 1 0.52 0.52 0.62 0.62 0.073155 0.0726118 0 0 0 0.431425 0 0 0 0 0 0 0.1 0.72 0.72 0.76 0 0 0 0 0 0 0 1 0 0 
0.25902 0.25902 0 0 0 0.0643179 0.0662107 1 1 0.533815 0.533815 0.160743 0.160743 0 0.0619418 0 0 0 0.486134 0.237024 0 0.288933 0 0 0 0.0259263 0.18667 0.18667 0.298152 0 0 0 0 0 0 0 1 0 0.241583 
0.303057 0.303057 0 0 0 0.076237 0.0784558 1 1 0.626577 0.626577 0.0668222 0.0668222 0.0375825 0.0423676 0 0 0 0.417902 0.606695 0.0321278 0.349336 0 0 0 0 0 0 0 0 0 0 0 0 0 0 0.988269 0 0.494221 
0.369582 0.369582 0 0 0 0.0942424 0.0969535 1 1 0.766705 0.766705 0.401983 0.401983 0.244366 0.0157323 0 0 0 0.172432 1 0.193272 0.145065 0 0 0 0 0 0 0 0 0 0 0 0 0 0 0.890741 0 0.67612 
0.436106 0.436106 0 0 0 0.112248 0.115451 1 1 0.906832 0.906832 0.604617 0.604617 0.326727 0 0.0239204 0 0 0.0272184 1 0.288964 0.0237625 0 0 0 0 0 0 0 0 0 0 0 0 0 0 0.830413 0 0.787886 
0.480143 0.480143 0 0 0 0.124167 0.127696 1 1 0.999593 0.999593 0.64 0.64 0.315658 0 0.101815 0 0 0 1 0.30771 0 0 0 0 0 0 0 0 0 0 0 0 0 0 0 0.813694 0 0.813694 
0.486255 0.486255 0 0 0 0.125845 0.129419 1 1 1 1 0.618508 0.618508 0.272112 0 0.209657 0 0 0.0150447 0.981647 0.297376 0.013099 0 0 0 0 0 0 0 0 0 0 0 0 0 0 0.798406 0 0.799467 
0.482879 0.482879 0 0 0 0.125107 0.128657 1 1 1 1 1 1 0.0852519 0 0.288764 0.380814 0 0.0698465 0.454446 0.142103 0.00625941 0.261072 0.205291 0.198415 0 0.248913 0.248913 0.440475 0.480373 0 0 0 0 0 0 1 0 0.556955 
0.476627 0.476627 0 0 0 0.123741 0.127246 1 1 0.993258 0.993258 1 1 0 0 0.341324 0.620942 0.0275672 0.104403 0.133588 0.0441928 0.00194662 0.425696 0.311042 0.323529 0 0.408134 0.408134 0.718223 0.78328 0 0 0 0 0 0 1 0 0.408419 
0.468023 0.468023 0 0 0 0.121861 0.125305 1 1 0.976048 0.976048 1 1 0 0 0.388949 0.696791 0.09984 0.115318 0.0358986 0.0132658 0.000584337 0.477695 0.341167 0.363048 0 0.458427 0.458427 0.805956 0.878959 0 0 0 0 0 0 1 0 0.362886 
0.457589 0.457589 0 0 0 0.119581 0.12295 1 1 0.955178 0.955178 1 1 0 0 0.426331 0.725102 0.124586 0.119392 0.00310618 0.00172259 7.58772e-05 0.497104 0.362141 0.377799 0 0.477199 0.477199 0.838702 0.914671 0 0 0 0 0 0 1 0 0.347281 
0.445848 0.445848 0 0 0 0.117015 0.1203 1 1 0.931694 0.931694 1 1 0 0 0.44146 0.729326 0.127192 0.12 0 0 0 0.5 0.38 0.38 0 0.48 0.48 0.843588 0.92 0 0 0 0 0 0 1 0 0.345629 
0.433323 0.433323 0 0 0 0.114279 0.117473 1 1 0.906641 0.906641 1 1 0 0 0.44146 0.729326 0.127192 0.12 0 0 0 0.5 0.398849 0.384592 0 0.48 0.48 0.843588 0.92 0 0 0 0 0 0 1 0 0.345629 
0.420536 0.420536 0 0 0 0.111485 0.114587 1 1 0.881065 0.881065 1 1 0 0 0.44146 0.729326 0.127192 0.12 0 0 0 0.5 0.418222 0.396805 0 0.48 0.48 0.843588 0.92 0 0 0 0 0 0 1 0 0.345629 
0.408011 0.408011 0 0 0 0.108748 0.111761 1 1 0.856012 0.856012 1 1 0 0 0.44146 0.729326 0.127192 0.12 0 0 0 0.5 0.437295 0.414293 0 0.48 0.48 0.843588 0.92 0 0 0 0 0 0 1 0 0.345629 
0.39627 0.39627 0 0 0 0.106182 0.109111 1 1 0.832528 0.832528 1 1 0 0 0.44146 0.729326 0.127192 0.12 0 0 0 0.5 0.455243 0.434712 0 0.48 0.48 0.843588 0.92 0 0 0 0 0 0 1 0 0.345629 
0.385836 0.385836 0 0 0 0.103902 0.106756 1 1 0.811657 0.811657 1 1 0 0 0.44146 0.729326 0.127192 0.12 0 0 0 0.5 0.471242 0.455718 0 0.48 0.48 0.843588 0.92 0 0 0 0 0 0 1 0 0.345629 
0.377231 0.377231 0 0 0 0.102022 0.104814 1 1 0.794447 0.794447 1 1 0 0 0.44146 0.729326 0.127192 0.12 0 0 0 0.5 0.484469 0.474965 0 0.48 0.48 0.843588 0.92 0 0 0 0 0 0 1 0 0.345629 
0.37098 0.37098 0 0 0 0.100656 0.103403 1 1 0.781943 0.781943 1 1 0 0 0.44146 0.729326 0.127192 0.12 0 0 0 0.5 0.4941 0.490108 0 0.48 0.48 0.843588 0.92 0 0 0 0 0 0 1 0 0.345629 
0.367603 0.367603 0 0 0 0.0999187 0.102641 1 1 0.775189 0.775189 1 1 0 0 0.44146 0.729326 0.127192 0.12 0 0 0 0.5 0.49931 0.498803 0 0.48 0.48 0.843588 0.92 0 0 0 0 0 0 1 0 0.345629 
0.367523 0.367523 0 0 0 0.100293 0.103032 1 1 0.777963 0.777963 1 1 0.00132842 0 0.45581 0.704314 0 0.166639 0.0732064 0 0.013377 0.482853 0.482853 0.482853 0 0.463539 0.463539 0.711776 0.881554 0 0 0 0 0 0 1 0 0.347153 
0.369709 0.369709 0 0 0 0.103305 0.106174 1 1 0.803069 0.803069 1 1 0.213651 0 0.544341 0.540241 0 0.451375 0.395309 0 0.101128 0.37037 0.37037 0.37037 0 0.355555 0.355555 0.131812 0.633002 0 0 0 0 0 0 1 0 0.357149 
0.372188 0.372188 0 0 0 0.107374 0.110434 1 1 0.842472 0.842472 1 1 0.200113 0 0.65429 0.304135 0 0.795022 0.312587 0 0.227403 0.208504 0.208504 0.208504 0 0.200164 0.200164 0 0.286698 0 0 0 0 0 0 1 0 0.371533 
0.372981 0.372981 0 0 0 0.110462 0.113697 1 1 0.884895 0.884895 1 1 0 0 0.715628 0.0920409 0 0.961935 0.393259 0 0.340837 0.0631 0.0631 0.0631 0 0.060576 0.060576 0 0 0 0 0 0 0 0 1 0 0.384455 
0.370114 0.370114 0 0 0 0.110529 0.113851 1 1 0.919061 0.919061 1 1 0 0 0.503061 0 0 0.64 0.585212 0 0.390062 0 0 0 0 0 0 0 0 0 0 0 0 0 0 1 0 0.390062 
0.361591 0.361591 0 0 0 0.105689 0.108945 1 1 0.936411 0.936411 1 1 0.0946915 0 0.503061 0 0 0.64 0.705489 0 0.390062 0 0 0 0 0 0 0 0 0 0 0 0 0 0 1 0 0.424739 
0.347008 0.347008 0 0 0 0.0962375 0.099305 1 1 0.946573 0.946573 1 1 0.270547 0 0.503061 0 0 0.64 0.808615 0 0.390062 0 0 0 0 0 0 0 0 0 0 0 0 0 0 1 0 0.489138 
0.328652 0.328652 0 0 0 0.0839412 0.0867459 1 1 0.952697 0.952697 1 1 0.365239 0 0.503061 0 0 0.64 0.852373 0 0.390062 0 0 0 0 0 0 0 0 0 0 0 0 0 0 1 0 0.523814 
0.309011 0.309011 0 0 0 0.0705726 0.0730826 1 1 0.955723 0.955723 1 1 0.306244 0 0.496071 0.0954664 0 0.558748 0.309225 0 0.189253 0.0781265 0.149453 0.0593761 0 0.0750014 0.0750014 0.445547 0.143753 0 0 0 0 0 0 1 0 0.495972 
0.290573 0.290573 0 0 0 0.0579052 0.0601309 1 1 0.956593 0.956593 1 1 0.174555 0 0.480022 0.311623 0 0.379999 0.112532 0 0.112382 0.250001 0.261088 0.190001 0 0.240001 0.240001 0.724683 0.460002 0 0 0 0 0 0 1 0 0.434721 
0.275827 0.275827 0 0 0 0.0477118 0.0497062 1 1 0.956245 0.956245 1 1 0.0381063 0 0.4623 0.543115 0 0.201249 0.0722429 0 0.0721467 0.421876 0.322963 0.320625 0 0.405 0.405 0.810102 0.776251 0 0 0 0 0 0 1 0 0.37347 
0.267261 0.267261 0 0 0 0.0417656 0.0436239 1 1 0.955621 0.955621 1 1 0 0 0.449029 0.688061 0.0980086 0.12 0.0236179 0 0.0235864 0.5 0.364694 0.38 0 0.48 0.48 0.840057 0.92 0 0 0 0 0 0 1 0 0.345629 
0.266074 0.266074 0 0 0 0.0409392 0.0427786 1 1 0.955499 0.955499 1 1 0 0 0.44146 0.729326 0.127192 0.12 0 0 0 0.5 0.38 0.38 0 0.48 0.48 0.843588 0.92 0 0 0 0 0 0 1 0 0.345629 
0.266074 0.266074 0 0 0 0.0409392 0.0427786 1 1 0.955499 0.955499 1 1 0 0 0.440238 0.738065 0.156413 0.12 0 0 0 0.5 0.385098 0.38 0 0.48 0.48 0.846137 0.92 0 0 0 0 0 0 1 0 0.345629 
0.266074 0.266074 0 0 0 0.0409392 0.0427786 1 1 0.955499 0.955499 1 1 0 0 0.439824 0.741025 0.185073 0.12 0 0 0 0.5 0.398061 0.38 0 0.48 0.48 0.852619 0.92 0 0 0 0 0 0 1 0 0.345629 
0.266074 0.266074 0 0 0 0.0409392 0.0427786 1 1 0.955499 0.955499 1 1 0 0 0.439975 0.739942 0.211443 0.12 0 0 0 0.5 0.415394 0.38 0 0.48 0.48 0.861285 0.92 0 0 0 0 0 0 1 0 0.345629 
0.266074 0.266074 0 0 0 0.0409392 0.0427786 1 1 0.955499 0.955499 1 1 0 0 0.44045 0.736548 0.233794 0.12 0 0 0 0.5 0.4336 0.38 0 0.48 0.48 0.870388 0.92 0 0 0 0 0 0 1 0 0.345629 
0.266074 0.266074 0 0 0 0.0409392 0.0427786 1 1 0.955499 0.955499 1 1 0 0 0.441006 0.732576 0.2504 0.12 0 0 0 0.5 0.449185 0.38 0 0.48 0.48 0.878181 0.92 0 0 0 0 0 0 1 0 0.345629 
0.266074 0.266074 0 0 0 0.0409392 0.0427786 1 1 0.955499 0.955499 1 1 0 0 0.4414 0.72976 0.259531 0.12 0 0 0 0.5 0.458653 0.38 0 0.48 0.48 0.882915 0.92 0 0 0 0 0 0 1 0 0.345629 
0.266074 0.266074 0 0 0 0.0409392 0.0427786 1 1 0.955499 0.955499 1 1 0 0 0.44146 0.729326 0.17634 0.116349 0 0 0 0.484788 0.423845 0.38 0 0.475132 0.475132 0.802847 0.776254 0 0 0 0 0 0 1 0 0.341233 
0.266074 0.266074 0 0 0 0.0409392 0.0427786 1 1 0.955499 0.955499 0.934927 0.934927 0.774936 0 0.44146 0.729326 0 0.0413499 0 0 0 0.172291 0.136347 0.38 0 0.391214 0.391214 0.250608 0.143754 0 0 0 0 0 0 1 0 0.250923 
0.269375 0.269375 0 0 0 0.0453843 0.0476409 1 1 0.957608 0.957608 0.56896 0.56896 0.622954 0 0.345634 0.591193 0 0 0 0 0 0 0.239995 0.423826 0 0.245554 0.245554 0.349992 0 0 0 0 0 0 0 0.648502 0 0.201132 
0.277312 0.277312 0 0 0 0.0548807 0.058005 1 1 0.969725 0.969725 0.500091 0.500091 0.249932 0 0.280985 0.531385 0 0 0.0218819 0 0 0 0.456238 0.454075 0 0.0817664 0.0817664 0.619203 0 0 0 0 0 0 0 0.562792 0 0.201132 
0.286938 0.286938 0 0 0 0.0636701 0.0675362 1 1 1 1 0.4 0.4 0.80787 0 0.44146 0.729326 0 0 0.200907 0 0 0 0 0.38 0 0 0 0 0 0 0 0 0 0 0 0.869963 0 0.201132 
0.295922 0.295922 0 0 0 0.0659206 0.0697937 1 1 1 1 0 0 0.613684 0 0.44146 0.729326 0 0.3 5.72949e-06 0 0 0 0 0.219513 0 0 0 0.24 0.3 0 0 0 0 0 0 1 0 0.130333 
0.30594 0.30594 0 0 0 0.0608242 0.0638203 1 1 1 1 0.138687 0.138687 1 0 0.48997 0.188505 0 0.347165 1.4854e-06 0 0 0 0 0.03358 0 0 0 0.0622212 0.347165 0 0 0 0 0 0 1 0 0.0209173 
0.317013 0.317013 0 0 0 0.0563207 0.0585437 1 1 1 1 0.317522 0.317522 1 0 0.453401 0 0 0.414915 0 0 0 0 0 0 0 0 0 0.0722241 0.414915 0 0 0 0 0 0 1 0 0.00107177 
0.324382 0.324382 0 0 0 0.0561373 0.0582998 1 1 1 1 0.463515 0.463515 0.612099 0 0.196364 0 0 0.629048 0 0 0 0 0 0 0 0 0 0.390002 0.629048 0 0 0 0 0 0 1 0 0.0110169 
0.342935 0.342935 0 0 0 0.059985 0.0623859 1 1 1 1 0.452969 0.452969 0.126889 0 0.0208419 0 0 0.691162 0.0595854 0 0 0 0 0 0 0 0 0.427686 0.691162 0 0 0 0 0 0 1 0 0.0344114 
0.395067 0.395067 0 0 0 0.0707426 0.0735153 1 1 1 1 0.337321 0.337321 0.060799 0 0 0 0 0.542507 0.367207 0 0 0 0 0 0 0 0 0.340241 0.542507 0 0 0 0 0 0 1 0 0.0811454 
0.456465 0.456465 0 0 0 0.0836751 0.0868869 1 1 1 1 0.27673 0.27673 0.378817 0 0 0 0 0.348646 0.786526 0 0 0 0 0 0 0 0 0.274311 0.348646 0 0 0 0 0 0 1 0 0.164236 
0.486057 0.486057 0 0 0 0.089949 0.0933725 1 1 1 1 0.25111 0.25111 0.584593 0 0 0 0 0.247768 1 0 0 0 0 0 0 0 0 0.211301 0.247768 0 0 0 0 0 0 1 0 0.221913 
0.480168 0.480168 0 0 0 0.0885443 0.091925 1 1 1 1 0.321829 0.321829 0.533808 0 0 0 0 0.265433 0.978917 0 0 0 0 0 0 0 0 0.136202 0.265433 0 0 0 0 0 0 1 0 0.238545 
0.467213 0.467213 0 0 0 0.085454 0.0887406 1 1 1 1 0.489206 0.489206 0.413798 0 0 0 0 0.307545 0.927563 0 0 0 0 0 0 0 0 0.0570686 0.307545 0 0 0 0 0 0 1 0 0.244637 
0.454258 0.454258 0 0 0 0.0823638 0.0855562 1 1 1 1 0.68607 0.68607 0.273079 0 0 0 0 0.357782 0.885012 0 0 0 0 0 0 0 0 0.00553325 0.357782 0 0 0 0 0 0 1 0 0.238264 
0.448369 0.448369 0 0 0 0.0809591 0.0841087 1 1 1 1 0.897529 0.897529 0.124854 0 0 0 0 0.415762 1 0 0 0 0 0 0 0 0 0.120795 0.415762 0 0 0 0 0 0 1 0 0.217507 
0.554406 0.554406 0 0 0 0.172289 0.17489 1 1 1 1 0.72593 0.72593 0.146075 0 0 0 0 0.325928 1 0 0 0 0 0 0 0 0 0.177779 0.325928 0 0 0 0 0 0 1 0 0.140769 
0.78534 0.78534 0 0 0 0.37184 0.373261 1 1 1 1 0 0 0 0 0 0 0 0 0 0 0 0 0 0 0 0 0 0 0 0 0 0 0 0 0 0 0 0 
1 1 0 0 0 0.567954 0.568264 1 1 1 1 0.672062 0.672062 0.641936 0 0 0 0 0 0.723922 0.110629 0 0 0 0 0 0 0 0 0 0 0 0 0 0 0 1 0.487352 0.203089 
1 1 0 0 0 0.669539 0.669389 1 1 1 1 1 1 0.720376 0 0 0 0 0 0.876071 0.149348 0 0 0 0 0 0 0 0 0 0 0 0 0 0 0 1 0.653687 0.274166 
1 1 0 0 0 0.731512 0.731239 1 1 1 1 1 1 0.22329 0 0 0 0 0 0.263998 0.149348 0 0 0 0 0 0 0 0 0 0 0 0 0 0 0 1 0.625059 0.274166 
1 1 0 0 0 0.773003 0.772771 1 1 1 1 1 1 0.2076 0 0 0 0 0 0.232258 0.149348 0 0 0 0 0 0 0 0 0 0 0 0 0 0 0 1 0.581137 0.274166 
1 1 0 0 0 0.797362 0.797245 1 1 1 1 1 1 0.475278 0 0 0 0 0 0.370649 0.149348 0 0 0 0 0 0 0 0 0 0 0 0 0 0 0 1 0.535834 0.274166 
1 1 0 0 0 0.807936 0.80792 1 1 1 1 1 1 0.586866 0 0 0 0 0 0.402101 0.149348 0 0 0 0 0 0 0 0 0 0 0 0 0 0 0 1 0.503983 0.274166 
1 1 0 0 0 0.809101 0.809101 1 1 1 1 1 1 0.644755 0 0 0 0 0 0.402101 0.149348 0 0 0 0 0 0 0 0 0 0 0 0 0 0 0 1 0.484743 0.274166 
1 1 0 0 0 0.809101 0.809101 1 1 1 1 1 1 0.915698 0 0 0 0 0 0.402101 0.149348 0 0 0 0 0 0 0 0 0 0 0 0 0 0 0 1 0.441141 0.274166 
1 1 0 0 0 0.809101 0.809101 1 1 1 1 0.993919 1 0.237407 0 0 0 0 0.162962 0.10425 0.0387205 0 0.266665 0 0 0 0 0 0.222221 0.162962 0 0 0 0 0 0 1 0.30229 0.0710813 
1 1 0 0 0 0.809101 0.809101 1 1 1 1 0.485792 0.95543 0.134073 0 0 0 0 0.185626 0 0 0.00386084 0.352548 0 0 0 0 0 0.253126 0.185626 0 0 0 0 0 0 1 0.210665 0 
1 1 0 0 0 0.809101 0.809101 1 1 1 1 0.378128 1 0.134078 0 0 0 0 0.0343759 0 0 0.020849 0.322644 0 0 0 0 0 0.0468762 0.0343759 0 0 0 0 0 0 1 0.182121 0 
1 1 0 0 0 0.809101 0.809101 1 1 1 1 0.551675 1 0.0627787 0 0 0 0 0.0189057 0.104247 0 0.0236483 0.327472 0 0.00111764 0 0.0206244 0.0206244 0 0.0395302 0 0 0 0 0 0 1 0.135718 0.00120277 
1 1 0 0 0 0.76686 0.76686 1 1 1 1 1 1 0.549923 0 0 0 0 0.139218 0.402101 0 0.0168917 0.348693 0 0.0450251 0 0.151874 0.151874 0 0.291091 0 0 0 0 0 0 1 0.0761327 0.0416709 
0.781476 0.781476 0 0 0 0.528887 0.528887 1 1 1 1 1 1 0.271713 0 0.052934 0.405899 0 0.30078 0.260562 0 0.00781846 0.378078 0.133759 0.197136 0 0.328124 0.328124 0 0.628904 0 0 0 0 0 0 1 0.0345308 0.17977 
0.415796 0.415796 0 0 0 0.308411 0.308411 1 1 0.722845 0.722845 1 1 0.232416 0 0.210254 1 0 0.421093 0.0418194 0 0.00106179 0.415387 0.340479 0.352762 0 0.459374 0.459374 0.354328 0.880468 0 0 0 0 0 0 1 0.00462829 0.32093 
0.276077 0.276077 0 0 0 0.224171 0.224171 1 1 0.507966 0.507966 1 1 0 0 0.416862 1 0.0187148 0.440087 0 0 0 0.463539 0.38 0.380081 0 0.480092 0.480092 0.82132 0.920177 0 0 0 0 0 0 1 0 0.345703 
0.230591 0.230591 0 0 0 0.196746 0.196746 1 1 0.438013 0.438013 1 1 0 0 0.442389 1 0.0849457 0.440718 0 0 0 0.533337 0.38 0.380669 0 0.48076 0.48076 0.852672 0.921457 0 0 0 0 0 0 1 0 0.346237 
0.227408 0.227408 0 0 0 0.194886 0.194886 1 1 0.433203 0.433203 1 1 0 0 0.447765 1 0.125555 0.441816 0 0 0 0.607456 0.38 0.381689 0 0.48192 0.48192 0.857428 0.92368 0 0 0 0 0 0 1 0 0.347165 
0.228282 0.228282 0 0 0 0.195848 0.195848 1 1 0.435174 0.435174 1 1 0 0 0.453268 1 0.147452 0.443208 0 0 0 0.664531 0.38 0.382979 0 0.483387 0.483387 0.854238 0.926492 0 0 0 0 0 0 1 0 0.348339 
0.229842 0.229842 0 0 0 0.197564 0.197564 1 1 0.438694 0.438694 1 1 0 0 0.454533 1 0.156079 0.444724 0 0 0 0.688953 0.38018 0.384378 0 0.484977 0.484977 0.853698 0.929539 0 0 0 0 0 0 1 0 0.349611 
0.231892 0.231892 0 0 0 0.199819 0.199819 1 1 0.443319 0.443319 1 1 0 0 0.454769 1 0.160564 0.446191 0 0 0 0.702198 0.38142 0.385722 0 0.486505 0.486505 0.855071 0.932468 0 0 0 0 0 0 1 0 0.350834 
0.234236 0.234236 0 0 0 0.202398 0.202398 1 1 0.448607 0.448607 1 1 0 0 0.454783 1 0.162489 0.447439 0 0 0 0.709864 0.383381 0.38685 0 0.487788 0.487788 0.856972 0.934926 0 0 0 0 0 0 1 0 0.35186 
0.236677 0.236677 0 0 0 0.205084 0.205084 1 1 0.454117 0.454117 1 1 0 0 0.454498 1 0.162233 0.448295 0 0 0 0.712713 0.385522 0.3876 0 0.48864 0.48864 0.858819 0.93656 0 0 0 0 0 0 1 0 0.352542 
0.239021 0.239021 0 0 0 0.207663 0.207663 1 1 0.459405 0.459405 1 1 0 0 0.453835 1 0.160171 0.448587 0 0 0 0.711506 0.387303 0.387809 0 0.488878 0.488878 0.860031 0.937016 0 0 0 0 0 0 1 0 0.352732 
0.241071 0.241071 0 0 0 0.209918 0.209918 1 1 0.46403 0.46403 1 1 0 0 0.452719 1 0.15668 0.448144 0 0 0 0.707007 0.388182 0.387316 0 0.488317 0.488317 0.86003 0.935942 0 0 0 0 0 0 1 0 0.352284 
0.242631 0.242631 0 0 0 0.211634 0.211634 1 1 0.467549 0.467549 1 1 0 0 0.45107 1 0.152138 0.446795 0 0 0 0.699978 0.387619 0.385958 0 0.486774 0.486774 0.858234 0.932983 0 0 0 0 0 0 1 0 0.351049 
0.243505 0.243505 0 0 0 0.212595 0.212595 1 1 0.469521 0.469521 1 1 0 0 0.448812 1 0.14692 0.444368 0 0 0 0.691181 0.385072 0.383574 0 0.484063 0.484063 0.854063 0.927787 0 0 0 0 0 0 1 0 0.34888 
0.243496 0.243496 0 0 0 0.212586 0.212586 1 1 0.469502 0.469502 1 1 0 0 0.445868 1 0.141405 0.44069 0 0 0 0.681378 0.38 0.38 0 0.48 0.48 0.846938 0.92 0 0 0 0 0 0 1 0 0.345629 
0.24241 0.24241 0 0 0 0.211391 0.211391 1 1 0.467052 0.467052 1 1 0 0 0.443485 1 0.137582 0.437774 0 0 0 0.672935 0.373641 0.3765 0 0.476773 0.476773 0.84414 0.913815 0 0 0 0 0 0 1 0 0.342446 
0.24005 0.24005 0 0 0 0.208795 0.208795 1 1 0.461727 0.461727 1 1 0 0 0.44156 1 0.134618 0.434839 0 0 0 0.663727 0.365828 0.372253 0 0.473531 0.473531 0.846002 0.907601 0 0 0 0 0 0 1 0 0.338583 
0.23622 0.23622 0 0 0 0.204581 0.204581 1 1 0.453085 0.453085 1 1 0 0 0.437981 1 0.128647 0.427529 0 0 0 0.647784 0.353913 0.363967 0 0.465532 0.465532 0.841511 0.892269 0 0 0 0 0 0 1 0 0.331047 
0.230724 0.230724 0 0 0 0.198534 0.198534 1 1 0.440684 0.440684 1 1 0 0 0.430641 1 0.115806 0.411488 0 0 0 0.619135 0.335248 0.348354 0 0.448033 0.448033 0.819657 0.858729 0 0 0 0 0 0 1 0 0.316846 
0.218604 0.218604 0 0 0 0.184823 0.184823 1 1 0.412794 0.412794 1 1 0 0 0.417428 1 0.0922315 0.382361 0 0 0 0.57181 0.307184 0.322124 0 0.416292 0.416292 0.76943 0.797894 0 0 0 0 0 0 1 0 0.292988 
0.17945 0.17945 0 0 0 0.139865 0.139865 1 1 0.321733 0.321733 1 1 0 0 0.38235 1 0.00900698 0.328236 0.0315979 0 0 0.488648 0.261078 0.275624 0 0.357345 0.357345 0.66473 0.684911 0 0 0 0 0 0 1 0 0.250694 
0.129659 0.129659 0 0 0 0.0842068 0.0842068 1 1 0.208121 0.208121 1 1 0.119059 0 0.266511 0.782314 0 0.219957 0.232671 0 0 0.32662 0.173984 0.184374 0 0.239456 0.239456 0.446946 0.458958 0 0 0 0 0 0 1 0 0.167698 
0.0913174 0.0913174 0 0 0 0.0451588 0.0451588 0.936306 0.936306 0.12614 0.12614 1 1 0.276326 0 0.12166 0.355881 0 0.0980807 0.502681 0 0 0.145414 0.077315 0.0821243 0 0.106773 0.106773 0.199708 0.204649 0 0 0 0 0 0 1 0 0.0746962 
0.066453 0.066453 0 0 0 0.0267372 0.0267372 0.734933 0.734933 0.0829448 0.0829448 0.911569 0.911569 0.391747 0 0.0163748 0.0477912 0 0.0129972 0.703752 0 0 0.0192492 0.0102216 0.0108747 0 0.014149 0.014149 0.0265012 0.0271188 0 0 0 0 0 0 1 0 0.00989109 
0.0434202 0.0434202 0 0 0 0.0140612 0.0140612 0.749189 0.749189 0.0492715 0.0492715 0.852132 0.852132 0.394728 0 0 0 0 0 0.735348 0 0 0 0 0 0 0 0 0 0 0 0 0 0 0 0 1 0 0 
0.0237962 0.0237962 0 0 0 0.00609597 0.00609597 0.782084 0.782084 0.0246768 0.0246768 0.822823 0.822823 0.305855 0 0 0 0 0 0.735348 0 0 0 0 0 0 0 0 0 0 0 0 0 0 0 0 1 0 0 
0.00915812 0.00915812 0 0 0 0.00180643 0.00180643 0.818805 0.818805 0.00871745 0.00871745 0.797572 0.797572 0.208585 0 0 0 0 0 0.735348 0 0 0 0 0 0 0 0 0 0 0 0 0 0 0 0 1 0 0 
0.00108331 0.00108331 0 0 0 0.000157592 0.000157592 0.844538 0.844538 0.000950153 0.000950153 0.782871 0.782871 0.171942 0 0 0 0 0 0.735348 0 0 0 0 0 0 0 0 0 0 0 0 0 0 0 0 1 0 0 
0 0 0 0 0 0 0 0.853367 0.853367 0 0 0.773029 0.773029 0.157535 0 0 0 0 0 0.735348 0 0 0 0 0 0 0 0 0 0 0 0 0 0 0 0 1 0 0 
0 0 0 0 0 0 0 0.853285 0.853285 0 0 0.767861 0.767861 0.150964 0 0 0 0 0 0.735348 0 0 0 0 0 0 0 0 0 0 0 0 0 0 0 0 1 0 0 
