0.4 0.4 1 1 1 0 0 1 1 0 0 1 0.56 0 0 0 0.6 0 0 0 0.404987 0.154051 0 0 0 0 0 0 0 0 0 0 0 0 0 0 0 0 0 
0.341583 0.341583 1 1 1 0 0 1 1 0 0 1 0.56 0 0 0 0.6 0 0 0 0.404987 0.158218 0 0 0 0 0 0 0 0 0 0 0 0 0 0 0 0 0 
0.251542 0.251542 1 1 1 0 0 1 1 0 0 1 0.56 0 0 0 0.6 0 0 0 0.404987 0.167014 0 0 0 0 0 0 0 0 0 0 0 0 0 0 0 0 0 
0.161502 0.161502 1 1 1 0 0 1 1 0 0 1 0.56 0 0 0 0.6 0 0 0 0.404987 0.174884 0 0 0 0 0 0 0 0 0.294058 0 0 0 0 0 0 0 0 
0.103085 0.103085 1 1 1 0 0 1 1 0 0 1 0.56 0 0 0 0.6 0 0 0 0.404987 0.176273 0 0 0 0 0 0 0 0 0 0 0 0 0 0 0 0 0 
0.107916 0.107916 1 1 1 0 0 1 1 0 0 1 0.56 0 0 0 0.6 0 0 0 0.404987 0.165625 0 0 0 0 0 0 0 0 0 0 0 0 0 0 0 0 0 
0.207619 0.207619 1 1 1 0 0 1 1 0 0 1 0.610888 0.114412 0.0382066 0 0.555556 0 0 0 0.403927 0.146271 0 0 0 0 0 0 0 0 0 0 0 0 0 0.0296296 0.0272118 0 0 
0.985484 0.985484 1 1 1 0 0 1 1 1 1 1 0.906793 0.772283 0.257894 0 0.3 0 0 0 0.399265 0.154051 0 0 0 0 0 0 0 0 0 0 0 0 0 0.2 0.200309 0 0 
1 1 1 1 1 0 0 1 1 1 1 1 1 1 0.477582 0 0.0444444 0 0 0 0.399689 0.161831 0 0 0 0 0 0 0 0 0 0 0 0 0 0.37037 0.43253 0 0 
1 1 1 1 1 0 0 1 1 1 1 1 1 1 0.503248 0 0.00401856 0 0 0.00703275 0.420219 0.139252 0 0 0 0 0 0 0 0.0261929 0 0 0 0 0 0.39213 0.630689 0.0383498 0 
0.209848 0.209848 1 1 1 0 0 0.211882 0.211882 0.208 0.208 1 1 1 0.416198 0 0.034559 0 0 0.0499695 0.476294 0.106348 0 0 0 0 0 0 0 0.211619 0 0 0 0 0 0.3375 0.849737 0.273613 0 
0 0 1 1 1 0 0 0 0 0 0 1 1 1 0.276033 0 0.0915303 0 0 0.10179 0.52206 0.0722762 0 0 0 0 0 0 0 0.520838 0 0 0 0 0 0.249537 1 0.561326 0 
0 0 1 1 1 0 0 0 0 0 0 1 1 1 0.118163 0 0.170645 0 0 0.126959 0.504172 0.0409279 0 0 0 0 0 0 0 0.889538 0 0 0 0 0 0.150463 1 0.710728 0 
0 0 1 1 1 0 0 0 0 0 0 1 1 0.918508 0 0.0220509 0.267614 0 0 0.0822697 0.315141 0.0161928 0 0 0 0 0 0 0 1 0 0 0 0 0 0.0625 1 0.713682 0 
0 0 1 1 1 0 0 0 0 0 0 1 1 0.626101 0 0.109297 0.37815 0 0 0.0132038 0.0640166 0.00196129 0 0 0 0 0 0 0 1 0.154113 0 0 0 0 0.00787036 0.833315 0.692271 0 
0 0 1 1 1 0 0 0 0 0 0 1 1 0.506553 0 0.121371 0.497964 0 0 0 0 0 0 0 0 0 0 0 0 1 0.186414 0 0 0 0 0 0.741884 0.651068 0 
0 0 1 1 1 0 0 0 0 0 0 1 1 0.465878 0 0.117854 0.62277 0 0 0 0 0 0 0 0 0 0 0 0 1 0.0732341 0 0 0 0 0 0.69151 0.594644 0 
0.0192986 0.0192986 1 1 1 0 0 0 0 0 0 1 1 0.458088 0 0.11196 0.748277 0 0 0 0 0 0 0 0 0 0 0 0 1 0 0 0 0 0 0 0.651017 0.527573 0 
0.0757632 0.0757632 1 1 1 0 0 0 0 0 0 1 1 0.466261 0 0.104876 0.8702 0 0 0 0 0 0 0 0 0 0 0 0 1 0 0 0 0 0 0 0.619809 0.454426 0 
0.117219 0.117219 1 1 1 0 0 0 0 0 0 1 1 0.473477 0 0.0977933 0.984248 0 0 0 0 0 0 0 0 0 0 0 0 1 0 0 0 0 0 0 0.59729 0.379777 0 
0.133333 0.133333 1 1 1 0 0 0 0 0 0 1 1 0.462816 0 0.0918989 1 0 0 0 0 0 0 0 0 0 0 0 0 1 0 0 0 0 0 0 0.582864 0.308198 0 
0.127934 0.127934 1 1 1 0 0 0 0 0 0 1 1 0.371864 0 0.088382 1 0 0 0 0 0 0 0 0 0 0 0 0 0.876349 0 0 0 0 0 0 0.575937 0.244262 0 
0.112935 0.112935 1 1 1 0 0 0 0 0 0 1 1 0.441974 0 0.00579487 1 0 0 0 0 0 0 0 0 0 0 0 0 0.73939 0 0 0 0 0 0 0.573237 0.18973 0 
0.0443675 0.0443675 1 1 1 0 0 0 0 0 0 1 1 0.680149 0.424861 0 1 0 0 0 0 0 0 0 0 0 0 0 0 0.590919 0 0 0 0 0 0 0.563495 0.134837 0 
0 0 1 1 1 0 0 0 0 0 0 1 1 0.783003 0.71214 0 1 0 0 0 0 0 0 0 0 0 0 0 0 0.459976 0 0 0 0 0 0 0.557192 0.0877778 0 
0 0 1 1 1 0 0 0 0 0 0 1 1 0.575859 0.534597 0 1 0 0 0 0 0 0 0 0 0 0 0 0 0.343318 0 0 0 0 0 0 0.551088 0.0475186 0 
0 0 1 1 1 0 0 0 0 0 0 1 1 0.239299 0.188172 0 1 0 0 0 0 0 0 0 0 0 0 0 0 0.242773 0 0 0 0 0 0 0.539752 0.0140062 0 
0 0 1 1 1 0 0 0 0 0 0 1 1 0 0 0 1 0 0 0 0 0 0 0 0 0 0 0 0 0.2 0 0 0 0 0 0 0.533648 0 0 
0 0 1 1 1 0 0 0 0 0 0 1 1 0 0 0 1 0.074861 0 0 0.0378575 0 0 0 0 0 0 0 0 0.2 0 0 0 0 0 0 0.533648 0 0 
0 0 1 1 1 0 0 0 0 0 0 1 1 0.0428152 0 0 1 0 0 0 0.0836928 0 0 0 0 0 0 0 0 0.2 0 0 0 0 0 0 0.533648 0 0 
0 0 1 1 1 0 0 0 0 0 0 1 1 0.0923341 0 0 1 0 0 0 0.135221 0 0 0 0 0 0 0 0 0.2 0 0 0 0 0 0 0.533648 0 0 
0 0 1 1 1 0 0 0 0 0 0 1 1 0.0888009 0 0 1 0 0 0 0.190155 0 0 0 0 0 0 0 0 0.2 0 0 0 0 0 0 0.533648 0 0 
0 0 1 1 1 0 0 0 0 0 0 1 1 0.0794039 0 0 1 0 0 0 0.246211 0 0 0 0 0 0 0 0 0.2 0 0 0 0 0 0 0.533648 0 0 
0 0 1 1 1 0 0 0 0 0 0 1 1 0.0659475 0 0 1 0 0 0 0.301102 0 0 0 0 0 0 0 0 0.2 0 0 0 0 0 0 0.533648 0 0 
0 0 1 1 1 0 0 0 0 0 0 1 1 0.0502359 0 0 1 0 0 0 0.352542 0 0 0 0 0 0 0 0 0.2 0 0 0 0 0 0 0.533648 0 0 
0 0 1 1 1 0 0 0 0 0 0 1 1 0.0340732 0 0 1 0 0 0 0.398247 0 0 0 0 0 0 0 0 0.2 0 0 0 0 0 0 0.533648 0 0 
0 0 1 1 1 0 0 0 0 0 0 1 1 0.0192637 0 0 1 0 0 0 0.43593 0 0 0 0 0 0 0 0 0.2 0 0 0 0 0 0 0.533648 0 0 
0 0 1 1 1 0 0 0 0 0 0 1 1 0.00761149 0 0 1 0 0 0 0.463306 0 0 0 0 0 0 0 0 0.2 0 0 0 0 0 0 0.533648 0 0 
0 0 1 1 1 0 0 0 0 0 0 1 1 0.000920896 0 0 1 0 0 0 0.47809 0 0 0 0 0 0 0 0 0.2 0 0 0 0 0 0 0.533648 0 0 
0 0 1 1 1 0 0 0 0 0 0 1 1 0 0 0 1 0 0 0 0.355589 0 0 0 0 0 0 0 0 0.275378 0 0 0 0 0 0 0.533648 0 0 
0 0 1 1 1 0 0 0 0 0 0 1 1 0 0 0 0.585974 0 0 0 0 0 0 0 0 0 0 0 0 0.601385 0 0 0 0 0 0 0.533648 0 0 
0 0 1 1 1 0 0 0 0 0 0 1 1 0 0 0 0.165159 0.0228925 0 0 0 0 0 0 0 0 0 0 0 0.947076 0 0 0 0 0 0 0.533648 0 0 
0 0 1 1 1 0 0 0 0 0 0 1 1 0.0210799 0 0 0 0 0 0 0 0 0 0 0 0 0 0 0 1 0 0 0 0 0 0 0.533648 0 0 
0 0 1 1 1 0 0 0 0 0 0 1 1 0.226374 0 0 0 0 0 0.098746 0 0 0 0 0 0 0.273026 0.273026 0 0.763988 0 0 0 0 0 0 0.824962 0.23525 0.0427389 
0 0 1 1 1 0 0 0 0 0 0 1 1 0.221299 0 0 0 0 0 0.282132 0 0 0 0 0 0 0.812721 0.812721 0 0.259377 0 0 0 0 0 0 1 0.672144 0.122111 
0 0 1 1 1 0 0 0 0 0 0 1 1 0.301861 0 0 0 0 0 0.380878 0 0 0 0 0 0 1 1 0 0 0 0 0 0 0 0 1 0.907393 0.16485 
0 0 1 1 1 0 0 0 0 0 0 1 1 0.984432 0 0 0 0 0 0.0987462 0 0 0.173548 0 0 0 1 1 0 0 0 0 0 0 0 0 0.390138 0.699223 0.116189 
0 0 1 1 1 0 0 0 0 0 0 1 1 0.832019 0 0 0 0 0 0 0 0 0.173547 0 0 0 0.421227 0.421227 0 0 0 0 0 0 0 0 0 0.289408 0.0308935 
0 0 1 1 1 0 0 0 0 0 0 1 1 0 0 0 0 0 0 0 0 0 0 0 0 0 0 0 0 0 0 0 0 0 0 0 0 0 0 
0 0 1 1 1 0 0 0 0 0 0 1 1 0 0 0 0 0 0 0 0 0 0.23429 0.42 0 0 0 0 0.14 0 0.118091 0 0 0 0 0 0 0.118591 0.155718 
0 0 1 1 1 0 0 0 0 0 0 1 1 0 0 0 0 0 0 0.0634797 0.0634797 0.0634797 0 0 0 0 0 0 0 0 0 0 0 0 0 0 0 0.29811 0.29811 
0 0 1 1 1 0 0 0 0 0 0 1 1 0 0 0 0 0.0293971 0.225064 0.0411348 0.0411348 0.0411348 0 0 0 0 0 0 0 0.388451 0 0 0 0 0 0 0.187845 0.193175 0.193175 
0 0 1 1 1 0 0 0 0 0 0 1 1 0 0 0 0 0.0144622 0.572888 0.00660187 0.00660187 0.00660187 0 0 0 0.0274031 0 0 0.0274031 0.988781 0 0 0 0 0 0 0.478149 0.0310034 0.0310034 
0 0 1 1 1 0 0 0 0 0 0 1 1 0 0 0 0 0.0126957 0.639384 0 0 0 0 0.235335 0.235335 0.147977 0 0 0.147977 1 0 0 0 0 0 0 0.266824 0 0 
0 0 1 1 1 0 0 0 0 0 0 1 1 0.128148 0.0352752 0 0 0 0.592023 0 0 0 0 0.435805 0.435805 0.162389 0 0 0.162389 1 0 0 0 0 0 0 0 0 0 
0 0 1 1 1 0 0 0 0 0 0 1 1 0.477729 0.238109 0 0 0 0.319692 0 0 0 0 0.235334 0.235334 0.0876898 0 0 0.0876898 0.551774 0 0 0 0 0 0 0 0 0 
0 0 1 1 1 0 0 0 0 0 0 1 1 0.761738 0.440942 0 0 0 0.0473617 0 0 0 0 0.0348643 0.0348643 0.0129911 0 0 0.0129911 0.0817442 0 0 0 0 0 0 0 0 0 
0 0 1 1 1 0 0 0 0 0 0 1 1 0.598462 0.352753 0 0.155556 0 0 0 0 0 0 0 0 0 0 0 0 0 0 0 0 0 0 0 0 0 0 
1 1 1 1 1 0 0 0 0 0 0 0.56 0.56 0 0 0 0.6 0 0 0 0 0 0 0 0 0 0 0 0 0 0 0 0 0 0 0 0 0 0 
1 1 1 1 1 0 0 0 0 0 0 0.960001 0.960001 0 0 0 0.6 0 0 0.317399 0 0 0 0 0 0 0 0 0 0 0 0 0 0 0 0 0.0392231 0.315121 0.145943 
1 1 1 1 1 0 0 0 0 0 0 1 1 0 0 0 0.6 0 0 0.634797 0 0 0 0 0 0 0 0 0 0 0 0 0 0 0 0 0.126959 0.630239 0.291884 
0.817953 0.817953 1 1 1 0 0 0 0 0 0 1 1 0 0 0 0.6 0 0 0.508948 0.0951692 0 0 0 0 0 0 0 0 0.0151038 0 0 0 0 0 0 0.257089 0.505294 0.234018 
0.711531 0.711531 1 1 1 0 0 0 0 0 0 1 1 0 0 0 0.6 0 0 0.249847 0.291106 0 0 0 0 0 0 0 0 0.0623717 0 0 0 0 0 0 0.409224 0.248053 0.114882 
0.711531 0.711531 1 1 1 0 0 0 0 0 0 1 1 0 0 0 0.6 0 0 0.0351637 0.453453 0 0 0 0 0 0 0 0 0.144738 0 0 0 0 0 0 0.51706 0.0349112 0.0161685 
0.711531 0.711531 1 1 1 0 0 0 0 0 0 1 1 0 0 0 0.596364 0 0 0 0.355587 0 0 0 0 0 0 0 0 0.27538 0 0 0 0 0 0 0.533648 0 0 
0.711531 0.711531 1 1 1 0 0 0 0 0 0 1 1 0 0 0 0.585974 0 0 0 0 0 0 0 0 0 0 0 0 0.601385 0 0 0 0 0 0 0.533648 0 0 
0.355765 0.355765 1 1 1 0 0 0 0 0 0 1 1 0 0 0 0.292987 0.0228925 0 0 0 0 0 0 0 0 0 0 0 0.947076 0 0 0 0 0 0 0.533648 0 0 
0 0 1 1 1 0 0 0 0 0 0 1 1 0.0210799 0 0 0 0 0 0 0 0 0 0 0 0 0 0 0 1 0 0 0 0 0 0 0.533648 0 0 
0 0 1 1 1 0 0 0 0 0 0 1 1 0.226374 0 0 0 0 0 0.0987462 0 0 0 0 0 0 0.273027 0.273027 0 0.763988 0 0 0 0 0 0 0.824962 0.23525 0.042739 
0 0 1 1 1 0 0 0 0 0 0 1 1 0.221299 0 0 0 0 0 0.282132 0 0 0 0 0 0 0.812721 0.812721 0 0.259377 0 0 0 0 0 0 1 0.672143 0.122111 
0 0 1 1 1 0 0 0 0 0 0 1 1 0.301861 0 0 0 0 0 0.380878 0 0 0 0 0 0 1 1 0 0 0 0 0 0 0 0 1 0.907393 0.16485 
0 0 1 1 1 0 0 0 0 0 0 1 1 0.984429 0 0 0 0 0 0.0987478 0 0 0.173547 0 0 0 1 1 0 0 0 0 0 0 0 0 0.390144 0.699223 0.116189 
0 0 1 1 1 0 0 0 0 0 0 1 1 0.832022 0 0 0 0 0 0 0 0 0.173548 0 0 0 0.421229 0.421229 0 0 0 0 0 0 0 0 0 0.289408 0.0308934 
0 0 1 1 1 0 0 0 0 0 0 1 1 0 0 0 0 0 0 0 0 0 0 0 0 0 0 0 0 0 0 0 0 0 0 0 0 0 0 
0 0 1 1 1 0 0 0 0 0 0 1 1 0 0 0 0 0 0 0 0 0 0.23429 0.42 0 0 0 0 0.14 0 0.118091 0 0 0 0 0 0 0.118591 0.155718 
0 0 1 1 1 0 0 0 0 0 0 1 1 0 0 0 0 0 0 0.0634797 0.0634797 0.0634797 0 0 0 0 0 0 0 0 0 0 0 0 0 0 0 0.29811 0.29811 
0 0 1 1 1 0 0 0 0 0 0 1 1 0 0 0 0 0.029397 0 0.0411348 0.0411348 0.0411348 0 0 0 0 0 0 0 0.38845 0 0 0 0 0 0 0.187844 0.193175 0.193175 
0 0 1 1 1 0 0 0 0 0 0 1 1 0 0 0 0 0.0144622 0 0.00660189 0.00660189 0.00660189 0 0 0 0.0274031 0 0 0.0274031 0.988781 0 0 0 0 0 0 0.478149 0.0310035 0.0310035 
0 0 1 1 1 0 0 0 0 0 0 1 1 0 0 0 0 0.0758634 0 0 0 0 0 0.235335 0.235335 0.147977 0 0 0.147977 1 0 0 0 0 0 0 0.266824 0 0 
0 0 1 1 1 0 0 0 0 0 0 1 1 0.306697 0.0352761 0 0 0 0 0 0 0 0 0.435804 0.435804 0.162389 0 0 0.162389 1 0 0 0 0 0 0 0 0 0 
0 0 1 1 1 0 0 0 0 0 0 1 1 0.97226 0.238109 0 0 0 0 0 0 0 0 0.235334 0.235334 0.0876897 0 0 0.0876897 0.551773 0 0 0 0 0 0 0 0 0 
0 0 1 1 1 0 0 0 0 0 0 1 1 0.952472 0.440942 0 0 0 0 0 0 0 0 0.0348642 0.0348642 0.0129911 0 0 0.0129911 0.0817441 0 0 0 0 0 0 0 0 0 
0.474354 0.474354 1 1 1 0 0 0 0 0 0 1 1 0.526442 0.352753 0 0.155556 0 0 0 0 0 0 0 0 0 0 0 0 0 0 0 0 0 0 0 0 0 0 
0.444126 0.444126 1 1 1 0 0 0 0 0 0 0.56 0.56 0 0 0 0.6 0 0 0 0 0 0 0 0 0 0 0 0 0 0 0 0 0 0 0 0 0 0 
0.367263 0.367263 1 1 1 0 0 0 0 0 0 0.96 0.96 0 0 0 0.6 0 0 0.301458 0 0 0 0 0 0 0 0 0 0.982857 0 0 0 0 0 0 0.0468361 0.298476 0.145942 
0.26449 0.26449 1 1 1 0 0 0 0 0 0 1 1 0 0 0 0.6 0 0 0.634797 0 0 0 0 0 0 0 0 0 1 0 0 0 0 0 0 0.126959 0.630239 0.291884 
0.156535 0.156535 1 1 1 0 0 0 0 0 0 1 1 0 0 0 0.6 0 0 0.656006 0.0300658 0 0 0 0 0 0 0 0 1 0 0 0 0 0 0 0.20483 0.655769 0.261529 
0.0641251 0.0641251 1 1 1 0 0 0 0 0 0 1 1 0.158738 0 0 0.6 0 0 0.61437 0.101762 0 0 0 0 0 0 0 0 1 0 0 0 0 0 0 0.294244 0.620369 0.189141 
0.00798864 0.00798864 1 1 1 0 0 0 0 0 0 1 1 0.612276 0 0 0.6 0 0 0.543284 0.187334 0 0 0 0 0 0 0 0 1 0 0 0 0 0 0 0.378628 0.555782 0.102743 
0 0 1 1 1 0 0 0 0 0 0 1 1 0.306138 0 0 0.6 0 0 0.476143 0.259029 0 0 0 0 0 0 0 0 0.649051 0 0 0 0 0 0 0.441412 0.493753 0.0303559 
0 0 1 1 1 0 0 0 0 0 0 1 1 0 0 0 0.6 0 0 0.446342 0.289095 0 0 0 0 0 0 0 0 0.48 0 0 0 0 0 0 0.466023 0.466023 0 
0 0 1 1 1 0 0 0 0 0 0 1 1 0 0 0 0.599106 0 0 0.4179 0.270673 0 0 0 0 0 0 0 0 0.478185 0 0 0 0 0 0 0.470332 0.436326 0 
0 0 1 1 1 0 0 0 0 0 0 1 1 0 0 0 0.596833 0 0 0.345575 0.223828 0 0 0 0 0 0 0 0 0.476151 0 0 0 0 0 0 0.48129 0.360812 0 
0 0 1 1 1 0 0 0 0 0 0 1 1 0 0 0 0.593795 0 0 0.248871 0.161193 0 0 0 0 0 0 0 0 0.47901 0 0 0 0 0 0 0.495941 0.259845 0 
0 0 1 1 1 0 0 0 0 0 0 1 1 0 0 0 0.590603 0 0 0.147291 0.0953999 0 0 0 0 0 0 0 0 0.491877 0 0 0 0 0 0 0.511332 0.153785 0 
0 0 1 1 1 0 0 0 0 0 0 1 1 0 0 0 0.58787 0 0 0.0603383 0.039081 0 0 0 0 0 0 0 0 0.519865 0 0 0 0 0 0 0.524506 0.0629988 0 
0 0 1 1 1 0 0 0 0 0 0 1 1 0 0 0 0.58621 0 0 0.00751689 0.00486868 0 0 0 0 0 0 0 0 0.568088 0 0 0 0 0 0 0.532509 0.00784834 0 
0 0 1 1 1 0 0 0 0 0 0 1 1 0 0 0 0.494416 0.0103963 0 0 0 0 0 0 0 0 0 0 0 0.764984 0 0 0 0 0 0 0.533648 0 0 
0 0 1 1 1 0 0 0 0 0 0 1 1 0 0 0 0.0915584 0.00945011 0 0 0 0 0 0 0 0 0 0 0 1 0 0 0 0 0 0 0.533648 0 0 
0 0 1 1 1 0 0 0 0 0 0 1 1 0.11912 0 0 0 0 0 0.0396113 0 0 0 0 0 0 0.11109 0.11109 0 0.946015 0 0 0 0 0 0 0.649422 0.0943689 0.0171444 
0 0 1 1 1 0 0 0 0 0 0 1 1 0.241473 0 0 0 0 0 0.246809 0 0 0 0 0 0 0.715904 0.715904 0 0.356376 0 0 0 0 0 0 1 0.587991 0.106823 
0 0 1 1 1 0 0 0 0 0 0 1 1 0.301861 0 0 0 0 0 0.380878 0 0 0 0 0 0 1 1 0 0 0 0 0 0 0 0 1 0.907393 0.16485 
0 0 1 1 1 0 0 0 0 0 0 1 1 0.454408 0 0 0 0 0 0.246808 0 0 0 0 0 0 0.962097 0.962097 0 0 0 0 0 0 0 0 0.96963 0.587989 0.106823 
0 0 1 1 1 0 0 0 0 0 0 0.63488 0.63488 0 0 0 0 0 0 0.0396111 0 0 0 0 0 0 0.472302 0.472302 0 0 0 0 0 0 0 0 0.153248 0.0943684 0.0171443 
0 0 1 1 1 0 0 0 0 0 0 0.56 0.56 0 0 0 0.444444 0 0 0 0 0 0 0 0 0 0.066472 0.066472 0 0 0 0 0 0 0 0 0 0 0 
0 0 1 1 1 0 0 0 0 0 0 0.56 0.56 0 0 0 0.6 0 0 0.100316 0.0924498 0.0924498 0 0 0 0 0 0 0 0 0 0 0 0 0 0 0 0.103159 0.103159 
0 0 1 1 1 0 0 0 0 0 0 0.56 0.56 0 0.0054412 0 0.5376 0.127966 0 0.195014 0.23107 0.23107 0.1456 0 0.1664 0 0 0 0 0 0.0624 0 0 0 0 0 0 0.287667 0.287667 
0 0 1 1 1 0 0 0 0 0 0 0.56 0.56 0 0.041975 0 0.2112 0.750697 0 0.157295 0.285098 0.285098 0.9072 0 1 0 0 0 0 0 0.3888 0 0 0 0 0 0 0.399532 0.399532 
0 0 1 1 1 0 0 0 0 0 0 0.56 0.56 0 0.0971642 0 0 0.971399 0 0.100316 0.328424 0.328424 1 0 1 0 0 0 0 0 0.6 0 0 0 0 0 0 0.50355 0.50355 
0 0 1 1 1 0 0 0 0 0 0 0.56 0.56 0.0111859 0.182316 0 0.211201 0 0 0.0433362 0.359164 0.359164 0.907197 0 1 0 0.127472 0.127472 0 0 0.388799 0 0 0 0 0 0 0.586214 0.586214 
0 0 1 1 1 0 0 0 0 0 0 0.56 0.56 0.495627 0.270293 0 0.5376 0 0 0.00561766 0.375437 0.375437 0.145599 0 0.166399 0 0.433357 0.433357 0 0 0.0623997 0 0 0 0 0 0 0.634017 0.634017 
0 0 1 1 1 0 0 0 0 0 0 0.562435 0.562435 0.609415 0.290429 0 0.6 0 0 0 0.377559 0.377559 0 0 0 0 0.808996 0.808996 0 0 0 0 0 0 0 0 0 0.640625 0.640625 
0 0 1 1 1 0 0 0 0 0 0 0.581085 0.581085 0.422991 0.249535 0 0.6 0 0 0 0.377559 0.377559 0 0 0 0 1 1 0 0 0 0 0 0 0 0 0 0.640625 0.640625 
0 0 1 1 1 0 0 0 0 0 0 0.616273 0.616273 0.174563 0.202753 0 0.6 0 0 0 0.377559 0.377559 0 0 0 0 1 1 0 0 0 0 0 0 0 0 0 0.640625 0.640625 
0 0 1 1 1 0 0 0 0 0 0 0.665793 0.665793 0.0831486 0.219519 0 0.6 0 0 0 0.377559 0.377559 0 0 0 0 1 1 0 0 0 0 0 0 0 0 0 0.640625 0.640625 
0 0 1 1 1 0 0 0 0 0 0 0.72744 0.72744 0.141294 0.291493 0 0.6 0 0 0 0.377559 0.377559 0 0 0 0 1 1 0 0 0 0 0 0 0 0 0 0.640625 0.640625 
0 0 1 1 1 0 0 0 0 0 0 0.81401 0.81401 0.141294 0.291493 0 0.6 0 0 0 0.377559 0.377559 0 0 0 0 1 1 0 0 0 0 0 0 0 0 0 0.640625 0.640625 
0 0 1 1 1 0 0 0 0 0 0 0.944671 0.944671 0.141294 0.291493 0 0.6 0 0 0 0.377559 0.377559 0 0 0 0 0.818358 0.818358 0 0 0 0 0 0 0 0 0 0.640625 0.640625 
0 0 1 1 1 0 0 0 0 0 0 1 1 0.161747 0.291493 0 0.6 0 0.10192 0 0.364611 0.364611 0 0 0 0 0.58481 0.58481 0 0 0 0 0 0 0 0 0.0899791 0.579833 0.579833 
0 0 1 1 1 0 0 0 0 0 0 1 1 0.299625 0.291493 0 0.6 0 0.34496 0 0.279673 0.279673 0 0 0 0 0.363303 0.363303 0 0 0 0 0 0 0 0 0.313627 0.434867 0.434867 
0 0 1 1 1 0 0 0 0 0 0 1 1 0.509603 0.291493 0 0.6 0 0.63504 0 0.157446 0.157446 0 0 0 0 0.176733 0.176733 0 0 0 0 0 0 0 0 0.60151 0.261842 0.261842 
0 0 1 1 1 0 0 0 0 0 0 1 1 0.723046 0.291493 0 0.6 0 0.87808 0 0.047648 0.047648 0 0 0 0 0.0479997 0.0479997 0 0 0 0 0 0 0 0 0.884193 0.116876 0.116876 
0 0 1 1 1 0 0 0 0 0 0 1 1 0.871316 0.291493 0 0.6 0 0.98 0 0 0 0 0 0 0 0 0 0 0 0 0 0 0 0 0 1 0.0560838 0.0560838 
1 1 1 1 1 0 0 0 0 0 0 1 1 0.908821 0.291493 0 0.6 0 0.98 0 0 0 0 0 0 0 0 0 0 0 0 0 0 0 0 0 1 0.0577778 0.0577778 
1 1 1 1 1 0 0 0 0 0 0 1 1 0.876904 0.291493 0 0.6 0 0.98 0 0 0 0 0 0 0 0 0 0 0 0 0 0 0 0 0 1 0.060924 0.060924 
0.944315 0.944315 1 1 1 0 0 0 0 0 0 1 1 0.837325 0.291493 0 0.6 0 0.98 0 0 0 0 0 0 0 0 0 0 0 0 0 0 0 0 0 1 0.0626181 0.0626181 
0.553413 0.553413 1 1 1 0 0 0 0 0.0342925 0.0342925 1 1 0.812634 0.309486 0 0.6 0 0.98 0.0283745 0.0283745 0.0283745 0 0 0 0 0 0 0 0 0 0 0 0 0 0 1 0.0510222 0.0510222 
0.670945 0.670945 1 1 1 0 0 0 0 0.259256 0.259256 1 1 0.780282 0.349071 0 0.6 0 0.98 0.0907986 0.0907986 0.0907986 0 0 0 0 0 0 0 0 0 0 0 0 0 0 1 0.0255113 0.0255113 
0.615399 0.615399 1 1 1 0 0 0 0 0.582991 0.582991 1 1 0.734388 0.388657 0 0.6 0 0.98 0.153224 0.153224 0.153224 0 0 0 0 0 0 0 0 0 0 0 0 0 0 0.947696 0 0 
0.543212 0.543212 1 1 1 0 0 0 0 0.8738 0.8738 1 1 0.675377 0.388657 0 0.5568 0 0.90944 0.153224 0.153224 0.153224 0 0 0 0 0 0 0 0 0 0 0 0 0 0 0.785005 0 0 
0.474354 0.474354 1 1 1 0 0 0 0 1 1 1 1 0.609541 0.388657 0 0.4464 0 0.72912 0.153224 0.153224 0.153224 0 0 0 0 0 0 0 0 0 0 0 0 0 0 0.598822 0 0 
0.474354 0.474354 1 1 1 0 0 0 0 1 1 1 1 0.539806 0.388657 0 0.2976 0 0.48608 0.153224 0.153224 0.153224 0 0 0 0 0 0 0 0 0 0 0 0 0 0 0.399215 0 0 
0.474354 0.474354 1 1 0.980008 0 0 0 0 1 1 1 1 0.469095 0.388657 0 0.1392 0 0.22736 0.153224 0.153224 0.153224 0 0 0 0 0 0 0 0 0 0 0 0 0 0 0.196251 0 0 
0.474354 0.474354 1 1 0.876446 0 0 0 0 1 1 1 1 0.400334 0.388657 0 0 0 0 0.153224 0.153224 0.153224 0 0 0 0 0 0 0 0 0 0 0 0 0 0 0 0 0 
