0.2 0.2 0.610875 0.704318 0.682861 0 0 1 1 0 0 0.568 0.28 0 0 0 0.3 0 0 0 0.202494 0.0770255 0 0 0 0 0 0 0 0 0 0 0 0 0 0 0 0 0 
0.188361 0.188361 0.61109 0.705947 0.682777 0 0 1 0.999892 0 0 0.568 0.28 0 0 0 0.3 0 0 0 0.202494 0.0776042 0 0 0 0 0 0 0 0 0 0 0 0 0 0 0 0 0 
0.170792 0.170792 0.611699 0.706888 0.68254 0 0 1 0.999585 0 0 0.568 0.28 0 0 0 0.3 0 0 0 0.202494 0.0791088 0 0 0 0 0 0 0 0 0 0 0 0 0 0 0 0 0 
0.14927 0.14927 0.612646 0.707298 0.682172 0 0 1 0.999109 0 0 0.568 0.28 0 0 0 0.3 0 0 0 0.202494 0.0811921 0 0 0 0 0 0 0 0 0 0 0 0 0 0 0 0 0 
0.125771 0.125771 0.613873 0.707337 0.681695 0 0 1 0.998492 0 0 0.568 0.28 0 0 0 0.3 0 0 0 0.202494 0.0835069 0 0 0 0 0 0 0 0 0 0 0 0 0 0 0 0 0 
0.102273 0.102273 0.615325 0.707164 0.68113 0 0 1 0.997762 0 0 0.568 0.28 0 0 0 0.3 0 0 0 0.202494 0.085706 0 0 0 0 0 0 0 0 0.0735146 0 0 0 0 0 0 0 0 
0.0807508 0.0807508 0.616947 0.706938 0.6805 0 0 1 0.996946 0 0 0.568 0.28 0 0 0 0.3 0 0 0 0.202494 0.0874421 0 0 0 0 0 0 0 0 0.147029 0 0 0 0 0 0 0 0 
0.0631819 0.0631819 0.61868 0.706818 0.679826 0 0 1 0.996074 0 0 0.568 0.28 0 0 0 0.3 0 0 0 0.202494 0.088368 0 0 0 0 0 0 0 0 0.0735146 0 0 0 0 0 0 0 0 
0.0515424 0.0515424 0.62047 0.706963 0.67913 0 0 1 0.995174 0 0 0.568 0.28 0 0 0 0.3 0 0 0 0.202494 0.0881366 0 0 0 0 0 0 0 0 0 0 0 0 0 0 0 0 0 
0.047809 0.047809 0.622259 0.707532 0.678434 0 0 0.999154 0.994274 0 0 0.568 0.28 0 0 0 0.3 0 0 0 0.202494 0.0864004 0 0 0 0 0 0 0 0 0 0 0 0 0 0 0 0 0 
0.053958 0.053958 0.623993 0.708685 0.67776 0 0 0.997198 0.993402 0 0 0.568 0.28 0 0 0 0.3 0 0 0 0.202494 0.0828125 0 0 0 0 0 0 0 0 0 0 0 0 0 0 0 0 0 
0.071966 0.071966 0.625614 0.71058 0.67713 0 0 0.995369 0.992587 0 0 0.568 0.28 0 0 0 0.3 0 0 0 0.202494 0.0770255 0 0 0 0 0 0 0 0 0 0 0 0 0 0 0 0 0 
0.103809 0.103809 0.627066 0.713376 0.676566 0 0 0.993731 0.991857 0 0 0.582239 0.305444 0.0572062 0.0191033 0 0.277778 0 0 0 0.201964 0.0731353 0 0 0 0 0 0 0 0 0 0 0 0 0 0.0148148 0.0136059 0 0 
0.241726 0.241726 0.628294 0.717232 0.676088 0 0 0.992346 0.991239 0.15625 0.15625 0.618365 0.36942 0.200222 0.0668615 0 0.222222 0 0 0 0.200798 0.0739133 0 0 0 0 0 0 0 0 0 0 0 0 0 0.0518519 0.0494684 0 0 
0.492742 0.492742 0.62924 0.722308 0.67572 0 0 0.991279 0.990763 0.5 0.5 0.666491 0.453397 0.386142 0.128947 0 0.15 0 0 0 0.199632 0.0770255 0 0 0 0 0 0 0 0 0 0 0 0 0 0.1 0.100154 0 0 
0.73102 0.73102 0.629849 0.728763 0.675484 0 0 0.990592 0.990457 0.84375 0.84375 0.71673 0.53884 0.572062 0.191033 0 0.0777778 0 0 0 0.199103 0.0801376 0 0 0 0 0 0 0 0 0 0 0 0 0 0.148148 0.158231 0 0 
0.830721 0.830721 0.630065 0.736755 0.6754 0 0 0.990349 0.990349 1 1 0.759195 0.607219 0.715077 0.238791 0 0.0222222 0 0 0 0.199844 0.0809156 0 0 0 0 0 0 0 0 0 0 0 0 0 0.185185 0.216265 0 0 
0.742038 0.742038 0.640898 0.757044 0.68364 0 0 0.888089 0.888089 0.896 0.896 0.784 0.64 0.772283 0.257894 0 0 0 0 0 0.202494 0.0770255 0 0 0 0 0 0 0 0 0 0 0 0 0 0.2 0.266824 0 0 
0.545283 0.545283 0.667053 0.793153 0.703678 0 0 0.643955 0.643955 0.648 0.648 0.796543 0.647802 0.767317 0.251624 0 0.00200928 0 0 0.00351637 0.21011 0.069626 0 0 0 0 0 0 0 0.0130965 0 0 0 0 0 0.196065 0.315344 0.0191749 0 
0.309799 0.309799 0.699015 0.834382 0.728489 0 0 0.351916 0.351916 0.352 0.352 0.808802 0.653686 0.753254 0.234288 0 0.00785843 0 0 0.0125849 0.223105 0.0615944 0 0 0 0 0 0 0 0.049706 0 0 0 0 0 0.185185 0.369423 0.0687511 0 
0.104924 0.104924 0.72727 0.870034 0.751052 0 0 0.105941 0.105941 0.104 0.104 0.820761 0.657784 0.731353 0.208099 0 0.0172795 0 0 0.0249847 0.238147 0.0531738 0 0 0 0 0 0 0 0.105809 0 0 0 0 0 0.16875 0.424868 0.136806 0 
0 0 0.742302 0.889413 0.764341 0 0 0 0 0 0 0.832402 0.660228 0.702871 0.175271 0 0.0300044 0 0 0.038495 0.2519 0.0446073 0 0 0 0 0 0 0 0.177387 0 0 0 0 0 0.148148 0.477488 0.211418 0 
0 0 0.746188 0.895523 0.769198 0 0 0 0 0 0 0.843708 0.661149 0.669064 0.138017 0 0.0457652 0 0 0.0508948 0.26103 0.0361381 0 0 0 0 0 0 0 0.260419 0 0 0 0 0 0.124769 0.523088 0.280663 0 
0 0 0.747515 0.898685 0.771323 0 0 0 0 0 0 0.854663 0.660679 0.631191 0.0985492 0 0.0642938 0 0 0.0599633 0.262204 0.0280093 0 0 0 0 0 0 0 0.350886 0 0 0 0 0 0.1 0.557478 0.332619 0 
0 0 0.746537 0.899178 0.770981 0 0 0 0 0 0 0.865249 0.658949 0.590508 0.0590817 0 0.0853223 0 0 0.0634797 0.252086 0.0204639 0 0 0 0 0 0 0 0.444769 0 0 0 0 0 0.0752315 0.576465 0.355364 0 
0 0 0.743508 0.897281 0.768441 0 0 0 0 0 0 0.875449 0.656092 0.534332 0.0218274 0 0.108583 0 0 0.0568778 0.217192 0.0137453 0 0 0 0 0 0 0 0.538047 0 0 0 0 0 0.0518519 0.565364 0.357768 0 
0 0 0.738681 0.893272 0.763967 0 0 0 0 0 0 0.885247 0.652237 0.459254 0 0.0110255 0.133807 0 0 0.0411348 0.157571 0.00809642 0 0 0 0 0 0 0 0.626703 0 0 0 0 0 0.03125 0.523657 0.356841 0 
0 0 0.732309 0.88743 0.757825 0 0 0 0 0 0 0.894625 0.647518 0.380438 0 0.0372732 0.160727 0 0 0.0223449 0.0901873 0.0037605 0 0 0 0 0 0 0 0.706715 0.0269697 0 0 0 0 0.0148148 0.468402 0.352868 0 
0 0 0.724646 0.880032 0.750284 0 0 0 0 0 0 0.903566 0.642065 0.31305 0 0.0546485 0.189075 0 0 0.00660188 0.0320083 0.000980646 0 0 0 0 0 0 0 0.774065 0.0770563 0 0 0 0 0.00393518 0.416657 0.346136 0 
0 0 0.715945 0.871358 0.741607 0 0 0 0 0 0 0.912054 0.63601 0.272255 0 0.0609332 0.218583 0 0 0 0 0 0 0 0 0 0 0 0 0.824733 0.104026 0 0 0 0 0 0.385481 0.336929 0 
0 0 0.70646 0.861686 0.732063 0 0 0 0 0 0 0.920071 0.629486 0.253277 0 0.0606855 0.248982 0 0 0 0 0 0 0 0 0 0 0 0 0.842457 0.0932072 0 0 0 0 0 0.370942 0.325534 0 
0 0 0.696445 0.851294 0.721917 0 0 0 0 0 0 0.927601 0.622622 0.240524 0 0.059992 0.280005 0 0 0 0 0 0 0 0 0 0 0 0 0.823603 0.0674088 0 0 0 0 0 0.357712 0.312236 0 
0 0 0.686153 0.840461 0.711436 0 0 0 0 0 0 0.934625 0.615552 0.232939 0 0.0589271 0.311385 0 0 0 0 0 0 0 0 0 0 0 0 0.783091 0.0366171 0 0 0 0 0 0.345755 0.297322 0 
0 0 0.675837 0.829465 0.700885 0 0 0 0 0 0 0.941129 0.608406 0.229465 0 0.0575649 0.342852 0 0 0 0 0 0 0 0 0 0 0 0 0.735843 0.0108187 0 0 0 0 0 0.335033 0.281077 0 
0.00964929 0.00964929 0.665751 0.818585 0.690532 0 0 0 0 0 0 0.947093 0.601316 0.229044 0 0.0559799 0.374139 0 0 0 0 0 0 0 0 0 0 0 0 0.69678 0 0 0 0 0 0 0.325509 0.263786 0 
0.0243806 0.0243806 0.656148 0.808099 0.680642 0 0 0 0 0 0 0.952502 0.594414 0.230618 0 0.0542462 0.404977 0 0 0 0 0 0 0 0 0 0 0 0 0.666358 0 0 0 0 0 0 0.317145 0.245737 0 
0.0378816 0.0378816 0.647283 0.798285 0.671482 0 0 0 0 0 0 0.957338 0.587831 0.23313 0 0.0524382 0.4351 0 0 0 0 0 0 0 0 0 0 0 0 0.635163 0 0 0 0 0 0 0.309904 0.227213 0 
0.0495064 0.0495064 0.639407 0.789423 0.663318 0 0 0 0 0 0 0.961585 0.581699 0.235523 0 0.0506303 0.464238 0 0 0 0 0 0 0 0 0 0 0 0 0.603308 0 0 0 0 0 0 0.30375 0.208502 0 
0.0586094 0.0586094 0.632776 0.78179 0.656416 0 0 0 0 0 0 0.965224 0.57615 0.236738 0 0.0488966 0.492124 0 0 0 0 0 0 0 0 0 0 0 0 0.57091 0 0 0 0 0 0 0.298645 0.189889 0 
0.0645447 0.0645447 0.627641 0.775666 0.651043 0 0 0 0 0 0 0.968241 0.571314 0.235719 0 0.0473116 0.51849 0 0 0 0 0 0 0 0 0 0 0 0 0.538083 0 0 0 0 0 0 0.294551 0.171659 0 
0.0666667 0.0666667 0.624258 0.771328 0.647465 0 0 0 0 0 0 0.970616 0.567324 0.231408 0 0.0459494 0.543068 0 0 0 0 0 0 0 0 0 0 0 0 0.504941 0 0 0 0 0 0 0.291432 0.154099 0 
0.0657218 0.0657218 0.622879 0.769054 0.645949 0 0 0 0 0 0 0.972334 0.564311 0.211843 0 0.0448845 0.566849 0 0 0 0 0 0 0 0 0 0 0 0 0.4716 0 0 0 0 0 0 0.28925 0.137494 0 
0.0639669 0.0639669 0.623757 0.769125 0.64676 0 0 0 0 0 0 0.973377 0.562406 0.185932 0 0.044191 0.590541 0 0 0 0 0 0 0 0 0 0 0 0 0.438175 0 0 0 0 0 0 0.287969 0.122131 0 
0.063022 0.063022 0.627147 0.771817 0.650165 0 0 0 0 0 0 0.973729 0.561742 0.183915 0 0.0439433 0.613449 0 0 0 0 0 0 0 0 0 0 0 0 0.404779 0 0 0 0 0 0 0.287549 0.108294 0 
0.0564677 0.0564677 0.654349 0.797062 0.677483 0 0 0 0 0 0 0.974725 0.560049 0.220987 0 0.00289744 0.636218 0 0 0 0 0 0 0 0 0 0 0 0 0.369695 0 0 0 0 0 0 0.286618 0.094865 0 
0.0408383 0.0408383 0.712791 0.851766 0.736111 0 0 0 0 0 0 0.977102 0.55601 0.279419 0.0950123 0 0.659331 0 0 0 0 0 0 0 0 0 0 0 0 0.332546 0 0 0 0 0 0 0.284398 0.0810047 0 
0.0221838 0.0221838 0.781918 0.916665 0.805433 0 0 0 0 0 0 0.979939 0.55119 0.340075 0.21243 0 0.681849 0 0 0 0 0 0 0 0 0 0 0 0 0.295459 0 0 0 0 0 0 0.281748 0.0674183 0 
0.00655427 0.00655427 0.841178 0.972497 0.864832 0 0 0 0 0 0 0.982316 0.547152 0.383815 0.311928 0 0.702832 0 0 0 0 0 0 0 0 0 0 0 0 0.260564 0 0 0 0 0 0 0.279527 0.0548113 0 
0 0 0.870014 1 0.89369 0 0 0 0 0 0 0.983313 0.545458 0.391501 0.35607 0 0.721341 0 0 0 0 0 0 0 0 0 0 0 0 0.229988 0 0 0 0 0 0 0.278596 0.0438889 0 
0 0 0.873311 1 0.896908 0 0 0 0 0 0 0.984246 0.543872 0.354888 0.332462 0 0.738945 0 0 0 0 0 0 0 0 0 0 0 0 0.201118 0 0 0 0 0 0 0.277724 0.0338012 0 
0 0 0.87039 1 0.89387 0 0 0 0 0 0 0.986579 0.539908 0.28793 0.267299 0 0.756809 0 0 0 0 0 0 0 0 0 0 0 0 0.171659 0 0 0 0 0 0 0.275544 0.0237593 0 
0 0 0.862356 0.995143 0.88569 0 0 0 0 0 0 0.989613 0.534753 0.204794 0.181024 0 0.77339 0 0 0 0 0 0 0 0 0 0 0 0 0.144214 0 0 0 0 0 0 0.27271 0.0145608 0 
0 0 0.850314 0.984811 0.87348 0 0 0 0 0 0 0.992646 0.529599 0.11965 0.0940859 0 0.787144 0 0 0 0 0 0 0 0 0 0 0 0 0.121386 0 0 0 0 0 0 0.269876 0.00700309 0 
0 0 0.835369 0.97179 0.858355 0 0 0 0 0 0 0.99498 0.525634 0.0466625 0.0269291 0 0.796529 0 0 0 0 0 0 0 0 0 0 0 0 0.105781 0 0 0 0 0 0 0.267696 0.00188368 0 
0 0 0.818627 0.957081 0.841428 0 0 0 0 0 0 0.995913 0.524048 0 0 0 0.8 0 0 0 0 0 0 0 0 0 0 0 0 0.1 0 0 0 0 0 0 0.266824 0 0 
0 0 0.801192 0.941685 0.82381 0 0 0 0 0 0 0.99591 0.524687 0 0 0 0.8 0.0455534 0 0 0.00889433 0 0 0 0 0 0 0 0 0.1 0 0 0 0 0 0 0.266824 0 0 
0 0 0.784169 0.926601 0.806617 0 0 0 0 0 0 0.995899 0.526526 0 0 0 0.8 0.0374305 0 0 0.0189287 0 0 0 0 0 0 0 0 0.1 0 0 0 0 0 0 0.266824 0 0 
0 0 0.768664 0.912832 0.79096 0 0 0 0 0 0 0.995882 0.529452 0.00150012 0 0 0.8 0 0 0 0.0299604 0 0 0 0 0 0 0 0 0.1 0 0 0 0 0 0 0.266824 0 0 
0 0 0.755781 0.901377 0.777953 0 0 0 0 0 0 0.995859 0.53335 0.0214076 0 0 0.8 0 0 0 0.0418464 0 0 0 0 0 0 0 0 0.1 0 0 0 0 0 0 0.266824 0 0 
0 0 0.746626 0.893237 0.768709 0 0 0 0 0 0 0.995831 0.538105 0.0387504 0 0 0.8 0 0 0 0.0544441 0 0 0 0 0 0 0 0 0.1 0 0 0 0 0 0 0.266824 0 0 
0 0 0.742302 0.889413 0.764341 0 0 0 0 0 0 0.995799 0.543604 0.0461671 0 0 0.8 0 0 0 0.0676103 0 0 0 0 0 0 0 0 0.1 0 0 0 0 0 0 0.266824 0 0 
0 0 0.740807 0.888118 0.762826 0 0 0 0 0 0 0.995764 0.549732 0.0457066 0 0 0.8 0 0 0 0.0812024 0 0 0 0 0 0 0 0 0.1 0 0 0 0 0 0 0.266824 0 0 
0 0 0.739396 0.886897 0.761397 0 0 0 0 0 0 0.995725 0.556374 0.0444004 0 0 0.8 0 0 0 0.0950775 0 0 0 0 0 0 0 0 0.1 0 0 0 0 0 0 0.266824 0 0 
0 0 0.738068 0.885747 0.760053 0 0 0 0 0 0 0.995684 0.563417 0.0423613 0 0 0.8 0 0 0 0.109093 0 0 0 0 0 0 0 0 0.1 0 0 0 0 0 0 0.266824 0 0 
0 0 0.736822 0.884667 0.75879 0 0 0 0 0 0 0.995641 0.570745 0.039702 0 0 0.8 0 0 0 0.123105 0 0 0 0 0 0 0 0 0.1 0 0 0 0 0 0 0.266824 0 0 
0 0 0.735654 0.883657 0.757608 0 0 0 0 0 0 0.995598 0.578245 0.0365352 0 0 0.8 0 0 0 0.136972 0 0 0 0 0 0 0 0 0.1 0 0 0 0 0 0 0.266824 0 0 
0 0 0.734565 0.882713 0.756504 0 0 0 0 0 0 0.995554 0.585803 0.0329738 0 0 0.8 0 0 0 0.150551 0 0 0 0 0 0 0 0 0.1 0 0 0 0 0 0 0.266824 0 0 
0 0 0.733551 0.881835 0.755477 0 0 0 0 0 0 0.99551 0.593303 0.0291304 0 0 0.8 0 0 0 0.163698 0 0 0 0 0 0 0 0 0.1 0 0 0 0 0 0 0.266824 0 0 
0 0 0.732611 0.881021 0.754525 0 0 0 0 0 0 0.995467 0.600631 0.025118 0 0 0.8 0 0 0 0.176271 0 0 0 0 0 0 0 0 0.1 0 0 0 0 0 0 0.266824 0 0 
0 0 0.731742 0.880269 0.753646 0 0 0 0 0 0 0.995426 0.607674 0.0210491 0 0 0.8 0 0 0 0.188127 0 0 0 0 0 0 0 0 0.1 0 0 0 0 0 0 0.266824 0 0 
0 0 0.730945 0.879578 0.752838 0 0 0 0 0 0 0.995388 0.614317 0.0170366 0 0 0.8 0 0 0 0.199124 0 0 0 0 0 0 0 0 0.1 0 0 0 0 0 0 0.266824 0 0 
0 0 0.730215 0.878947 0.752099 0 0 0 0 0 0 0.995352 0.620444 0.0131933 0 0 0.8 0 0 0 0.209117 0 0 0 0 0 0 0 0 0.1 0 0 0 0 0 0 0.266824 0 0 
0 0 0.729552 0.878373 0.751427 0 0 0 0 0 0 0.99532 0.625943 0.00963183 0 0 0.8 0 0 0 0.217965 0 0 0 0 0 0 0 0 0.1 0 0 0 0 0 0 0.266824 0 0 
0 0 0.728954 0.877855 0.750821 0 0 0 0 0 0 0.995292 0.630699 0.00646507 0 0 0.8 0 0 0 0.225525 0 0 0 0 0 0 0 0 0.1 0 0 0 0 0 0 0.266824 0 0 
0 0 0.728418 0.877391 0.750279 0 0 0 0 0 0 0.99527 0.634596 0.00380575 0 0 0.8 0 0 0 0.231653 0 0 0 0 0 0 0 0 0.1 0 0 0 0 0 0 0.266824 0 0 
0 0 0.727944 0.87698 0.749799 0 0 0 0 0 0 0.995253 0.637522 0.00176662 0 0 0.8 0 0 0 0.236208 0 0 0 0 0 0 0 0 0.1 0 0 0 0 0 0 0.266824 0 0 
0 0 0.727529 0.876621 0.749378 0 0 0 0 0 0 0.995242 0.639362 0.000460448 0 0 0.8 0 0 0 0.239045 0 0 0 0 0 0 0 0 0.1 0 0 0 0 0 0 0.266824 0 0 
0 0 0.727171 0.876311 0.749016 0 0 0 0 0 0 0.995238 0.64 0 0 0 0.8 0 0 0 0.240022 0 0 0 0 0 0 0 0 0.1 0 0 0 0 0 0 0.266824 0 0 
0 0 0.726869 0.876049 0.74871 0 0 0 0 0 0 0.90314 0.64 0 0 0 0.696959 0 0 0 0.177795 0 0 0 0 0 0 0 0 0.137689 0 0 0 0 0 0 0.266824 0 0 
0 0 0.726621 0.875834 0.748458 0 0 0 0 0 0 0.732098 0.64 0 0 0 0.481247 0 0 0 0.0622278 0 0 0 0 0 0 0 0 0.219977 0 0 0 0 0 0 0.266824 0 0 
0 0 0.726424 0.875664 0.748259 0 0 0 0 0 0 0.64 0.64 0 0 0 0.292987 0 0 0 0 0 0 0 0 0 0 0 0 0.300693 0 0 0 0 0 0 0.266824 0 0 
0 0 0.726277 0.875537 0.748111 0 0 0 0 0 0 0.64 0.64 0 0 0 0.175304 0.00519813 0 0 0 0 0 0 0 0 0 0 0 0.381866 0 0 0 0 0 0 0.266824 0 0 
0 0 0.726179 0.875452 0.748011 0 0 0 0 0 0 0.64 0.64 0 0 0 0.0825794 0.0114463 0 0 0 0 0 0 0 0 0 0 0 0.473538 0 0 0 0 0 0 0.266824 0 0 
0 0 0.726127 0.875407 0.747959 0 0 0 0 0 0 0.64 0.64 0 0 0 0.0218114 0.00472505 0 0 0 0 0 0 0 0 0 0 0 0.541558 0 0 0 0 0 0 0.266824 0 0 
0 0 0.72612 0.875401 0.747951 0 0 0 0 0 0 0.64 0.64 0.01054 0 0 0 0 0 0 0 0 0 0 0 0 0 0 0 0.551775 0 0 0 0 0 0 0.266824 0 0 
0 0 0.726155 0.875431 0.747987 0 0 0 0 0 0 0.64 0.64 0.06073 0 0 0 0 0 0.0141066 0 0 0 0 0 0 0.0384937 0.0384937 0 0.490021 0 0 0 0 0 0 0.308793 0.0336071 0.00610555 
0 0 0.726232 0.875498 0.748065 0 0 0 0 0 0 0.64 0.64 0.113187 0 0 0 0 0 0.049373 0 0 0 0 0 0 0.136513 0.136513 0 0.381994 0 0 0 0 0 0 0.412481 0.117625 0.0213694 
0 0 0.726347 0.875597 0.748181 0 0 0 0 0 0 0.64 0.64 0.11983 0 0 0 0 0 0.0952197 0 0 0 0 0 0 0.267867 0.267867 0 0.253335 0 0 0 0 0 0 0.544558 0.226849 0.0412126 
0 0 0.7265 0.87573 0.748336 0 0 0 0 0 0 0.64 0.64 0.110649 0 0 0 0 0 0.141066 0 0 0 0 0 0 0.406361 0.406361 0 0.129688 0 0 0 0 0 0 0.671694 0.336072 0.0610557 
0 0 0.726688 0.875892 0.748526 0 0 0 0 0 0 0.64 0.64 0.112173 0 0 0 0 0 0.176333 0 0 0 0 0 0 0.525802 0.525802 0 0.0366958 0 0 0 0 0 0 0.760558 0.42009 0.0763196 
0 0 0.726909 0.876084 0.748751 0 0 0 0 0 0 0.64 0.64 0.150931 0 0 0 0 0 0.190439 0 0 0 0 0 0 0.6 0.6 0 0 0 0 0 0 0 0 0.777821 0.453697 0.0824251 
0 0 0.727163 0.876304 0.749007 0 0 0 0 0 0 0.64 0.64 0.296337 0 0 0 0 0 0.141066 0 0 0.0303709 0 0 0 0.600965 0.600965 0 0 0 0 0 0 0 0 0.562987 0.424321 0.0753942 
0 0 0.727446 0.876549 0.749294 0 0 0 0 0 0 0.64 0.64 0.492216 0 0 0 0 0 0.0493731 0 0 0.086774 0 0 0 0.525724 0.525724 0 0 0 0 0 0 0 0 0.195069 0.349611 0.0580944 
0 0 0.727757 0.876819 0.74961 0 0 0 0 0 0 0.64 0.64 0.576708 0 0 0 0 0 0 0 0 0.117145 0 0 0 0.385602 0.385602 0 0 0 0 0 0 0 0 0 0.249697 0.0362154 
0 0 0.728095 0.877111 0.749952 0 0 0 0 0 0 0.64 0.64 0.41601 0 0 0 0 0 0 0 0 0.0867737 0 0 0 0.210614 0.210614 0 0 0 0 0 0 0 0 0 0.144704 0.0154468 
0 0 0.728457 0.877424 0.750318 0 0 0 0 0 0 0.64 0.64 0.143926 0 0 0 0 0 0 0 0 0.0303708 0 0 0 0.0624624 0.0624624 0 0 0 0 0 0 0 0 0 0.0547627 0.00147847 
0 0 0.728841 0.877757 0.750708 0 0 0 0 0 0 0.64 0.64 0 0 0 0 0 0 0 0 0 0 0 0 0 0 0 0 0 0 0 0 0 0 0 0 0 0 
0 0 0.729247 0.878108 0.751118 0 0 0 0 0 0 0.64 0.64 0 0 0 0 0 0 0 0 0 0.0585724 0.105 0 0 0 0 0.035 0 0.0797115 0 0 0 0 0 0 0.0061538 0.0270378 
0 0 0.729671 0.878476 0.751548 0 0 0 0 0 0 0.64 0.64 0 0 0 0 0 0 0 0 0 0.117145 0.21 0 0 0 0 0.07 0 0.0590455 0 0 0 0 0 0 0.0592955 0.0778591 
0 0 0.730112 0.878858 0.751995 0 0 0 0 0 0 0.64 0.64 0 0 0 0 0 0 0.0158699 0.0158699 0.0158699 0.0585724 0.105 0 0 0 0 0.035 0 0.0206659 0 0 0 0 0 0 0.120053 0.127015 
0 0 0.730569 0.879253 0.752457 0 0 0 0 0 0 0.64 0.64 0 0 0 0 0 0 0.0317398 0.0317398 0.0317398 0 0 0 0 0 0 0 0 0 0 0 0 0 0 0 0.149055 0.149055 
0 0 0.731039 0.87966 0.752934 0 0 0 0 0 0 0.64 0.64 0 0 0 0 0.00528596 0.0332479 0.0284389 0.0284389 0.0284389 0 0 0 0 0 0 0 0.0573844 0 0 0 0 0 0 0.0277496 0.133553 0.133553 
0 0 0.731521 0.880077 0.753421 0 0 0 0 0 0 0.64 0.64 0 0 0 0 0.0146985 0.112532 0.0205674 0.0205674 0.0205674 0 0 0 0 0 0 0 0.194225 0 0 0 0 0 0 0.0939224 0.0965876 0.0965876 
0 0 0.732012 0.880503 0.753919 0 0 0 0 0 0 0.64 0.64 0 0 0 0 0.0185696 0.207161 0.0111724 0.0111724 0.0111724 0 0 0 0 0 0 0 0.357551 0 0 0 0 0 0 0.172902 0.0524673 0.0524673 
0 0 0.732512 0.880935 0.754425 0 0 0 0 0 0 0.64 0.64 0 0 0 0 0.00723111 0.286444 0.00330094 0.00330094 0.00330094 0 0 0 0.0137016 0 0 0.0137016 0.49439 0 0 0 0 0 0 0.239074 0.0155017 0.0155017 
0 0 0.733017 0.881373 0.754937 0 0 0 0 0 0 0.64 0.64 0.01054 0 0 0 0 0.319692 0 0 0 0 0 0 0.043845 0 0 0.043845 0.551775 0 0 0 0 0 0 0.266824 0 0 
0 0 0.733527 0.881814 0.755453 0 0 0 0 0 0 0.64 0.64 0 0 0 0 0.00634787 0.319692 0 0 0 0 0.117667 0.117667 0.0739884 0 0 0.0739884 0.551775 0 0 0 0 0 0 0.133412 0 0 
0 0 0.734039 0.882258 0.755972 0 0 0 0 0 0 0.64 0.64 0 0 0 0 0 0.319692 0 0 0 0 0.235335 0.235335 0.08769 0 0 0.08769 0.551775 0 0 0 0 0 0 0 0 0 
0 0 0.734552 0.882702 0.756491 0 0 0 0 0 0 0.64 0.64 0.0640742 0.0176376 0 0 0 0.296011 0 0 0 0 0.217902 0.217902 0.0811944 0 0 0.0811944 0.510903 0 0 0 0 0 0 0 0 0 
0 0 0.735063 0.883145 0.757009 0 0 0 0 0 0 0.64 0.64 0.148445 0.0617321 0 0 0 0.236809 0 0 0 0 0.174322 0.174322 0.0649555 0 0 0.0649555 0.408722 0 0 0 0 0 0 0 0 0 
0 0 0.735572 0.883585 0.757524 0 0 0 0 0 0 0.64 0.64 0.238864 0.119054 0 0 0 0.159846 0 0 0 0 0.117667 0.117667 0.0438449 0 0 0.0438449 0.275887 0 0 0 0 0 0 0 0 0 
0 0 0.736076 0.884021 0.758035 0 0 0 0 0 0 0.64 0.64 0.321088 0.176377 0 0 0 0.082883 0 0 0 0 0.0610126 0.0610126 0.0227344 0 0 0.0227344 0.143052 0 0 0 0 0 0 0 0 0 
0 0 0.736572 0.884452 0.758538 0 0 0 0 0 0 0.64 0.64 0.380869 0.220471 0 0 0 0.0236808 0 0 0 0 0.0174322 0.0174322 0.00649554 0 0 0.00649554 0.0408721 0 0 0 0 0 0 0 0 0 
0 0 0.737061 0.884875 0.759032 0 0 0 0 0 0 0.64 0.64 0.403962 0.238108 0 0 0 0 0 0 0 0 0 0 0 0 0 0 0 0 0 0 0 0 0 0 0 0 
0 0 0.737539 0.885289 0.759517 0 0 0 0 0 0 0.546667 0.546667 0.299231 0.176377 0 0.0777778 0 0 0 0 0 0 0 0 0 0 0 0 0 0 0 0 0 0 0 0 0 0 
0.250474 0.250474 0.738005 0.885692 0.759988 0 0 0 0 0 0 0.373333 0.373333 0.104731 0.0617318 0 0.222222 0 0 0 0 0 0 0 0 0 0 0 0 0 0 0 0 0 0 0 0 0 0 
0.72317 0.72317 0.738456 0.886083 0.760446 0 0 0 0 0 0 0.28 0.28 0 0 0 0.3 0 0 0 0 0 0 0 0 0 0 0 0 0 0 0 0 0 0 0 0 0 0 
1 1 0.738892 0.88646 0.760887 0 0 0 0 0 0 0.342501 0.342501 0 0 0 0.3 0 0 0.049594 0 0 0 0 0 0 0 0 0 0 0 0 0 0 0 0 0.00537062 0.0492379 0.0228037 
0.97973 0.97973 0.73931 0.886823 0.761311 0 0 0 0 0 0 0.480001 0.480001 0 0 0 0.3 0 0 0.1587 0 0 0 0 0 0 0 0 0 0 0 0 0 0 0 0 0.0196115 0.15756 0.0729713 
0.868114 0.868114 0.739709 0.887168 0.761715 0 0 0 0 0 0 0.6175 0.6175 0 0 0 0.3 0 0 0.267805 0 0 0 0 0 0 0 0 0 0 0 0 0 0 0 0 0.0399166 0.265882 0.123139 
0.70753 0.70753 0.740086 0.887494 0.762097 0 0 0 0 0 0 0.68 0.68 0 0 0 0.3 0 0 0.317398 0 0 0 0 0 0 0 0 0 0 0 0 0 0 0 0 0.0634797 0.31512 0.145942 
0.540358 0.540358 0.74044 0.887801 0.762455 0 0 0 0 0 0 0.67795 0.677784 0 0 0 0.3 0 0 0.299817 0.0132957 0 0 0 0 0 0 0 0 0.00185741 0 0 0 0 0 0 0.0925649 0.297664 0.137858 
0.408977 0.408977 0.740769 0.888086 0.762789 0 0 0 0 0 0 0.672663 0.67207 0 0 0 0.3 0 0 0.254474 0.0475846 0 0 0 0 0 0 0 0 0.00755192 0 0 0 0 0 0 0.128545 0.252647 0.117009 
0.355765 0.355765 0.741072 0.888348 0.763095 0 0 0 0 0 0 0.665435 0.664257 0 0 0 0.3 0 0 0.192475 0.0944695 0 0 0 0 0 0 0 0 0.0172669 0 0 0 0 0 0 0.167275 0.191093 0.0885014 
0.355765 0.355765 0.741345 0.888584 0.763372 0 0 0 0 0 0 0.657558 0.655743 0 0 0 0.3 0 0 0.124924 0.145553 0 0 0 0 0 0 0 0 0.0311858 0 0 0 0 0 0 0.204612 0.124027 0.0574408 
0.355765 0.355765 0.741588 0.888795 0.763618 0 0 0 0 0 0 0.65033 0.64793 0 0 0 0.3 0 0 0.0629245 0.192438 0 0 0 0 0 0 0 0 0.049492 0 0 0 0 0 0 0.236412 0.0624727 0.0289332 
0.355765 0.355765 0.741799 0.888977 0.763831 0 0 0 0 0 0 0.645043 0.642216 0 0 0 0.3 0 0 0.0175818 0.226727 0 0 0 0 0 0 0 0 0.072369 0 0 0 0 0 0 0.25853 0.0174556 0.00808426 
0.355765 0.355765 0.741975 0.88913 0.76401 0 0 0 0 0 0 0.642993 0.64 0 0 0 0.3 0 0 0 0.240022 0 0 0 0 0 0 0 0 0.1 0 0 0 0 0 0 0.266824 0 0 
0.355765 0.355765 0.742116 0.889252 0.764152 0 0 0 0 0 0 0.642217 0.64 0 0 0 0.298182 0 0 0 0.177793 0 0 0 0 0 0 0 0 0.13769 0 0 0 0 0 0 0.266824 0 0 
0.355765 0.355765 0.742218 0.88934 0.764256 0 0 0 0 0 0 0.640776 0.64 0 0 0 0.294805 0 0 0 0.0622275 0 0 0 0 0 0 0 0 0.219977 0 0 0 0 0 0 0.266824 0 0 
0.355765 0.355765 0.742281 0.889395 0.76432 0 0 0 0 0 0 0.64 0.64 0 0 0 0.292987 0 0 0 0 0 0 0 0 0 0 0 0 0.300693 0 0 0 0 0 0 0.266824 0 0 
0.355765 0.355765 0.742302 0.889413 0.764341 0 0 0 0 0 0 0.64 0.64 0 0 0 0.247208 0.00519813 0 0 0 0 0 0 0 0 0 0 0 0.381866 0 0 0 0 0 0 0.266824 0 0 
0.177883 0.177883 0.744052 0.891163 0.766091 0 0 0 0 0 0 0.64 0.64 0 0 0 0.146494 0.0114463 0 0 0 0 0 0 0 0 0 0 0 0.473538 0 0 0 0 0 0 0.266824 0 0 
0 0 0.748891 0.896002 0.770929 0 0 0 0 0 0 0.64 0.64 0 0 0 0.0457792 0.00472505 0 0 0 0 0 0 0 0 0 0 0 0.541558 0 0 0 0 0 0 0.266824 0 0 
0 0 0.756199 0.90331 0.778238 0 0 0 0 0 0 0.64 0.64 0.01054 0 0 0 0 0 0 0 0 0 0 0 0 0 0 0 0.551775 0 0 0 0 0 0 0.266824 0 0 
0 0 0.765361 0.912472 0.7874 0 0 0 0 0 0 0.64 0.64 0.06073 0 0 0 0 0 0.0141066 0 0 0 0 0 0 0.0384938 0.0384938 0 0.490021 0 0 0 0 0 0 0.308793 0.0336072 0.00610557 
0 0 0.775758 0.922869 0.797797 0 0 0 0 0 0 0.64 0.64 0.113187 0 0 0 0 0 0.0493731 0 0 0 0 0 0 0.136514 0.136514 0 0.381994 0 0 0 0 0 0 0.412481 0.117625 0.0213695 
0 0 0.786773 0.933884 0.808812 0 0 0 0 0 0 0.64 0.64 0.11983 0 0 0 0 0 0.0952195 0 0 0 0 0 0 0.267867 0.267867 0 0.253336 0 0 0 0 0 0 0.544558 0.226848 0.0412126 
0 0 0.797788 0.944899 0.819826 0 0 0 0 0 0 0.64 0.64 0.11065 0 0 0 0 0 0.141066 0 0 0 0 0 0 0.40636 0.40636 0 0.129689 0 0 0 0 0 0 0.671693 0.336072 0.0610557 
0 0 0.808185 0.955296 0.830224 0 0 0 0 0 0 0.64 0.64 0.112173 0 0 0 0 0 0.176332 0 0 0 0 0 0 0.525802 0.525802 0 0.0366959 0 0 0 0 0 0 0.760558 0.420089 0.0763196 
0 0 0.817347 0.964457 0.839385 0 0 0 0 0 0 0.64 0.64 0.150931 0 0 0 0 0 0.190439 0 0 0 0 0 0 0.6 0.6 0 0 0 0 0 0 0 0 0.777821 0.453697 0.0824251 
0 0 0.824655 0.971766 0.846694 0 0 0 0 0 0 0.64 0.64 0.296336 0 0 0 0 0 0.141066 0 0 0.0303706 0 0 0 0.600966 0.600966 0 0 0 0 0 0 0 0 0.562989 0.424321 0.0753942 
0 0 0.829494 0.976605 0.851532 0 0 0 0 0 0 0.64 0.64 0.492215 0 0 0 0 0 0.0493739 0 0 0.0867735 0 0 0 0.525725 0.525725 0 0 0 0 0 0 0 0 0.195072 0.349612 0.0580944 
0 0 0.831244 0.978355 0.853283 0 0 0 0 0 0 0.64 0.64 0.576708 0 0 0 0 0 0 0 0 0.117145 0 0 0 0.385602 0.385602 0 0 0 0 0 0 0 0 0 0.249696 0.0362152 
0 0 0.830357 0.977468 0.852395 0 0 0 0 0 0 0.64 0.64 0.416011 0 0 0 0 0 0 0 0 0.086774 0 0 0 0.210615 0.210615 0 0 0 0 0 0 0 0 0 0.144704 0.0154467 
0 0 0.82784 0.974951 0.849879 0 0 0 0 0 0 0.64 0.64 0.143927 0 0 0 0 0 0 0 0 0.0303709 0 0 0 0.0624627 0.0624627 0 0 0 0 0 0 0 0 0 0.0547627 0.00147846 
0 0 0.823912 0.971023 0.845951 0 0 0 0 0 0 0.64 0.64 0 0 0 0 0 0 0 0 0 0 0 0 0 0 0 0 0 0 0 0 0 0 0 0 0 0 
0 0 0.818789 0.9659 0.840827 0 0 0 0 0 0 0.64 0.64 0 0 0 0 0 0 0 0 0 0.0585724 0.105 0 0 0 0 0.035 0 0.0797115 0 0 0 0 0 0 0.00615381 0.0270378 
0 0 0.812688 0.959799 0.834727 0 0 0 0 0 0 0.64 0.64 0 0 0 0 0 0 0 0 0 0.117145 0.21 0 0 0 0 0.07 0 0.0590455 0 0 0 0 0 0 0.0592955 0.0778591 
0 0 0.805827 0.952938 0.827866 0 0 0 0 0 0 0.64 0.64 0 0 0 0 0 0 0.0158699 0.0158699 0.0158699 0.0585724 0.105 0 0 0 0 0.035 0 0.0206659 0 0 0 0 0 0 0.120053 0.127015 
0 0 0.798423 0.945533 0.820461 0 0 0 0 0 0 0.64 0.64 0 0 0 0 0 0 0.0317398 0.0317398 0.0317398 0 0 0 0 0 0 0 0 0 0 0 0 0 0 0 0.149055 0.149055 
0 0 0.790692 0.937803 0.812731 0 0 0 0 0 0 0.64 0.64 0 0 0 0 0.00528596 0 0.0284389 0.0284389 0.0284389 0 0 0 0 0 0 0 0.0573846 0 0 0 0 0 0 0.0277497 0.133553 0.133553 
0 0 0.782854 0.929965 0.804893 0 0 0 0 0 0 0.64 0.64 0 0 0 0 0.0146985 0 0.0205674 0.0205674 0.0205674 0 0 0 0 0 0 0 0.194225 0 0 0 0 0 0 0.093922 0.0965877 0.0965877 
0 0 0.775124 0.922235 0.797162 0 0 0 0 0 0 0.64 0.64 0 0 0 0 0.0185695 0 0.0111724 0.0111724 0.0111724 0 0 0 0 0 0 0 0.35755 0 0 0 0 0 0 0.172902 0.0524674 0.0524674 
0 0 0.767719 0.91483 0.789758 0 0 0 0 0 0 0.64 0.64 0 0 0 0 0.00723109 0 0.00330094 0.00330094 0.00330094 0 0 0 0.0137016 0 0 0.0137016 0.49439 0 0 0 0 0 0 0.239074 0.0155017 0.0155017 
0 0 0.760858 0.907969 0.782897 0 0 0 0 0 0 0.64 0.64 0.01054 0 0 0 0 0 0 0 0 0 0 0 0.043845 0 0 0.043845 0.551775 0 0 0 0 0 0 0.266824 0 0 
0 0 0.754757 0.901868 0.776796 0 0 0 0 0 0 0.64 0.64 0 0 0 0 0.0379317 0 0 0 0 0 0.117667 0.117667 0.0739884 0 0 0.0739884 0.551775 0 0 0 0 0 0 0.133412 0 0 
0 0 0.749634 0.896745 0.771673 0 0 0 0 0 0 0.64 0.64 0 0 0 0 0 0 0 0 0 0 0.235335 0.235335 0.08769 0 0 0.08769 0.551775 0 0 0 0 0 0 0 0 0 
0 0 0.745706 0.892817 0.767745 0 0 0 0 0 0 0.64 0.64 0.153349 0.0176381 0 0 0 0 0 0 0 0 0.217902 0.217902 0.0811943 0 0 0.0811943 0.510902 0 0 0 0 0 0 0 0 0 
0 0 0.743189 0.8903 0.765228 0 0 0 0 0 0 0.64 0.64 0.351311 0.0617323 0 0 0 0 0 0 0 0 0.174321 0.174321 0.0649554 0 0 0.0649554 0.408721 0 0 0 0 0 0 0 0 0 
0 0 0.742302 0.889413 0.764341 0 0 0 0 0 0 0.64 0.64 0.48613 0.119055 0 0 0 0 0 0 0 0 0.117667 0.117667 0.0438448 0 0 0.0438448 0.275886 0 0 0 0 0 0 0 0 0 
0 0 0.742302 0.889413 0.764341 0 0 0 0 0 0 0.64 0.64 0.512755 0.176377 0 0 0 0 0 0 0 0 0.0610124 0.0610124 0.0227343 0 0 0.0227343 0.143052 0 0 0 0 0 0 0 0 0 
0 0 0.742302 0.889413 0.764341 0 0 0 0 0 0 0.64 0.64 0.476236 0.220471 0 0 0 0 0 0 0 0 0.0174321 0.0174321 0.00649553 0 0 0.00649553 0.040872 0 0 0 0 0 0 0 0 0 
0.118588 0.118588 0.742302 0.889413 0.764341 0 0 0 0 0 0 0.64 0.64 0.403962 0.238108 0 0 0 0 0 0 0 0 0 0 0 0 0 0 0 0 0 0 0 0 0 0 0 0 
0.237177 0.237177 0.742302 0.889413 0.764341 0 0 0 0 0 0 0.546667 0.546667 0.263221 0.176377 0 0.0777778 0 0 0 0 0 0 0 0 0 0 0 0 0 0 0 0 0 0 0 0 0 0 
0.233183 0.233183 0.742302 0.889413 0.764341 0 0 0 0 0 0 0.373333 0.373333 0.086726 0.0617318 0 0.222222 0 0 0 0 0 0 0 0 0 0 0 0 0 0 0 0 0 0 0 0 0 0 
0.222063 0.222063 0.742302 0.889413 0.764341 0 0 0 0 0 0 0.28 0.28 0 0 0 0.3 0 0 0 0 0 0 0 0 0 0 0 0 0 0 0 0 0 0 0 0 0 0 
0.205114 0.205114 0.742302 0.889413 0.764341 0 0 0 0 0 0 0.3425 0.3425 0 0 0 0.3 0 0 0.0466046 0 0 0 0 0 0 0 0 0 0.153036 0 0 0 0 0 0 0.00679802 0.0461168 0.0228035 
0.183631 0.183631 0.742302 0.889413 0.764341 0 0 0 0 0 0 0.48 0.48 0 0 0 0.3 0 0 0.150729 0 0 0 0 0 0 0 0 0 0.491429 0 0 0 0 0 0 0.023418 0.149238 0.0729711 
0.15891 0.15891 0.742302 0.889413 0.764341 0 0 0 0 0 0 0.6175 0.6175 0 0 0 0.3 0 0 0.258838 0 0 0 0 0 0 0 0 0 0.834107 0 0 0 0 0 0 0.0441989 0.25652 0.123139 
0.132245 0.132245 0.742302 0.889413 0.764341 0 0 0 0 0 0 0.68 0.68 0 0 0 0.3 0 0 0.317398 0 0 0 0 0 0 0 0 0 1 0 0 0 0 0 0 0.0634797 0.31512 0.145942 
0.104932 0.104932 0.742302 0.889413 0.764341 0 0 0 0 0 0 0.67825 0.67825 0 0 0 0.3 0 0 0.327672 0.00404732 0 0 0 0 0 0 0 0 0.992606 0 0 0 0 0 0 0.0817079 0.326302 0.141856 
0.0782675 0.0782675 0.742302 0.889413 0.764341 0 0 0 0 0 0 0.6735 0.6735 0 0 0 0.3 0 0 0.328003 0.0150329 0 0 0 0 0 0 0 0 0.942903 0 0 0 0 0 0 0.102415 0.327884 0.130764 
0.0535455 0.0535455 0.742302 0.889413 0.764341 0 0 0 0 0 0 0.6665 0.6665 0 0 0 0.3 0 0 0.320478 0.0312224 0 0 0 0 0 0 0 0 0.861039 0 0 0 0 0 0 0.124565 0.32185 0.114419 
0.0320625 0.0320625 0.742302 0.889413 0.764341 0 0 0 0 0 0 0.658 0.658 0.0793691 0 0 0.3 0 0 0.307185 0.0508809 0 0 0 0 0 0 0 0 0.757165 0 0 0 0 0 0 0.147122 0.310184 0.0945704 
0.0151137 0.0151137 0.742302 0.889413 0.764341 0 0 0 0 0 0 0.64875 0.64875 0.226769 0 0 0.3 0 0 0.290211 0.0722739 0 0 0 0 0 0 0 0 0.641428 0 0 0 0 0 0 0.16905 0.29487 0.072971 
0.00399432 0.00399432 0.742302 0.889413 0.764341 0 0 0 0 0 0 0.6395 0.6395 0.306138 0 0 0.3 0 0 0.271642 0.0936669 0 0 0 0 0 0 0 0 0.523977 0 0 0 0 0 0 0.189314 0.277891 0.0513715 
0 0 0.742302 0.889413 0.764341 0 0 0 0 0 0 0.631 0.631 0.258304 0 0 0.3 0 0 0.253567 0.113325 0 0 0 0 0 0 0 0 0.41496 0 0 0 0 0 0 0.206878 0.261232 0.0315234 
0 0 0.742302 0.889413 0.764341 0 0 0 0 0 0 0.624 0.624 0.153069 0 0 0.3 0 0 0.238072 0.129515 0 0 0 0 0 0 0 0 0.324526 0 0 0 0 0 0 0.220706 0.246876 0.015178 
0 0 0.742302 0.889413 0.764341 0 0 0 0 0 0 0.61925 0.61925 0.0478341 0 0 0.3 0 0 0.227244 0.1405 0 0 0 0 0 0 0 0 0.262823 0 0 0 0 0 0 0.229762 0.236808 0.00408637 
0 0 0.742302 0.889413 0.764341 0 0 0 0 0 0 0.6175 0.6175 0 0 0 0.3 0 0 0.223171 0.144548 0 0 0 0 0 0 0 0 0.24 0 0 0 0 0 0 0.233011 0.233011 0 
0 0 0.742302 0.889413 0.764341 0 0 0 0 0 0 0.617879 0.617879 0 0 0 0.299882 0 0 0.219413 0.142113 0 0 0 0 0 0 0 0 0.23972 0 0 0 0 0 0 0.233581 0.229087 0 
0 0 0.742302 0.889413 0.764341 0 0 0 0 0 0 0.618934 0.618934 0 0 0 0.299553 0 0 0.20895 0.135337 0 0 0 0 0 0 0 0 0.239093 0 0 0 0 0 0 0.235166 0.218163 0 
0 0 0.742302 0.889413 0.764341 0 0 0 0 0 0 0.620542 0.620542 0 0 0 0.299052 0 0 0.193002 0.125007 0 0 0 0 0 0 0 0 0.238438 0 0 0 0 0 0 0.237582 0.201512 0 
0 0 0.742302 0.889413 0.764341 0 0 0 0 0 0 0.62258 0.62258 0 0 0 0.298417 0 0 0.172787 0.111914 0 0 0 0 0 0 0 0 0.238075 0 0 0 0 0 0 0.240645 0.180406 0 
0 0 0.742302 0.889413 0.764341 0 0 0 0 0 0 0.624925 0.624925 0 0 0 0.297686 0 0 0.149526 0.0968476 0 0 0 0 0 0 0 0 0.238324 0 0 0 0 0 0 0.244169 0.156119 0 
0 0 0.742302 0.889413 0.764341 0 0 0 0 0 0 0.627455 0.627455 0 0 0 0.296897 0 0 0.124436 0.0805967 0 0 0 0 0 0 0 0 0.239505 0 0 0 0 0 0 0.247971 0.129922 0 
0 0 0.742302 0.889413 0.764341 0 0 0 0 0 0 0.630046 0.630046 0 0 0 0.29609 0 0 0.0987358 0.0639511 0 0 0 0 0 0 0 0 0.241936 0 0 0 0 0 0 0.251864 0.103089 0 
0 0 0.742302 0.889413 0.764341 0 0 0 0 0 0 0.632575 0.632575 0 0 0 0.295301 0 0 0.0736453 0.0476999 0 0 0 0 0 0 0 0 0.245938 0 0 0 0 0 0 0.255666 0.0768925 0 
0 0 0.742302 0.889413 0.764341 0 0 0 0 0 0 0.63492 0.63492 0 0 0 0.29457 0 0 0.0503835 0.0326333 0 0 0 0 0 0 0 0 0.25183 0 0 0 0 0 0 0.25919 0.0526051 0 
0 0 0.742302 0.889413 0.764341 0 0 0 0 0 0 0.636958 0.636958 0 0 0 0.293935 0 0 0.0301692 0.0195405 0 0 0 0 0 0 0 0 0.259932 0 0 0 0 0 0 0.262253 0.0314994 0 
0 0 0.742302 0.889413 0.764341 0 0 0 0 0 0 0.638566 0.638566 0 0 0 0.293434 0 0 0.0142212 0.00921102 0 0 0 0 0 0 0 0 0.270564 0 0 0 0 0 0 0.264669 0.0148482 0 
0 0 0.742302 0.889413 0.764341 0 0 0 0 0 0 0.639621 0.639621 0 0 0 0.293105 0 0 0.00375845 0.00243434 0 0 0 0 0 0 0 0 0.284044 0 0 0 0 0 0 0.266255 0.00392417 0 
0 0 0.742302 0.889413 0.764341 0 0 0 0 0 0 0.64 0.64 0 0 0 0.292987 0 0 0 0 0 0 0 0 0 0 0 0 0.300693 0 0 0 0 0 0 0.266824 0 0 
0 0 0.742302 0.889413 0.764341 0 0 0 0 0 0 0.64 0.64 0 0 0 0.247208 0.00519813 0 0 0 0 0 0 0 0 0 0 0 0.382492 0 0 0 0 0 0 0.266824 0 0 
0 0 0.742302 0.889413 0.764341 0 0 0 0 0 0 0.64 0.64 0 0 0 0.146494 0.0114463 0 0 0 0 0 0 0 0 0 0 0 0.475208 0 0 0 0 0 0 0.266824 0 0 
0 0 0.742302 0.889413 0.764341 0 0 0 0 0 0 0.64 0.64 0 0 0 0.0457792 0.00472505 0 0 0 0 0 0 0 0 0 0 0 0.543438 0 0 0 0 0 0 0.266824 0 0 
0 0 0.742302 0.889413 0.764341 0 0 0 0 0 0 0.64 0.64 0.01054 0 0 0 0 0 0 0 0 0 0 0 0 0 0 0 0.551775 0 0 0 0 0 0 0.266824 0 0 
0 0 0.754366 0.889413 0.764341 0 0 0 0 0 0 0.64 0.64 0.0595601 0 0 0 0 0 0.0198057 0 0 0 0 0 0 0.0555449 0.0555449 0 0.473008 0 0 0 0 0 0 0.324711 0.0471845 0.00857222 
0 0 0.784657 0.889413 0.764341 0 0 0 0 0 0 0.64 0.64 0.113187 0 0 0 0 0 0.0670346 0 0 0 0 0 0 0.190635 0.190635 0 0.333495 0 0 0 0 0 0 0.460926 0.159701 0.0290137 
0 0 0.824323 0.889413 0.764341 0 0 0 0 0 0 0.64 0.64 0.120737 0 0 0 0 0 0.123405 0 0 0 0 0 0 0.357952 0.357952 0 0.178188 0 0 0 0 0 0 0.619296 0.293995 0.0534115 
0 0 0.864513 0.889413 0.764341 0 0 0 0 0 0 0.64 0.64 0.117955 0 0 0 0 0 0.170633 0 0 0 0 0 0 0.510179 0.510179 0 0.0520389 0 0 0 0 0 0 0.743652 0.406512 0.0738529 
0 0 0.896376 0.889413 0.764341 0 0 0 0 0 0 0.64 0.64 0.150931 0 0 0 0 0 0.190439 0 0 0 0 0 0 0.6 0.6 0 0 0 0 0 0 0 0 0.777821 0.453697 0.0824251 
0 0 0.911059 0.889413 0.764341 0 0 0 0 0 0 0.602559 0.602559 0.204202 0 0 0 0 0 0.170633 0 0 0 0 0 0 0.566763 0.566763 0 0 0 0 0 0 0 0 0.679849 0.406511 0.0738527 
0 0 0.914031 0.889413 0.764341 0 0 0 0 0 0 0.513279 0.513279 0.227204 0 0 0 0 0 0.123404 0 0 0 0 0 0 0.481048 0.481048 0 0 0 0 0 0 0 0 0.484815 0.293994 0.0534113 
0 0 0.916668 0.889413 0.764341 0 0 0 0 0 0 0.406719 0.406719 0.104169 0 0 0 0 0 0.0670342 0 0 0 0 0 0 0.363847 0.363847 0 0 0 0 0 0 0 0 0.260984 0.1597 0.0290135 
0 0 0.918983 0.889413 0.764341 0 0 0 0 0 0 0.31744 0.31744 0 0 0 0 0 0 0.0198056 0 0 0 0 0 0 0.236151 0.236151 0 0 0 0 0 0 0 0 0.0766238 0.0471842 0.00857217 
0 0 0.920985 0.889413 0.764341 0 0 0 0 0 0 0.28 0.28 0 0 0 0.0777778 0 0 0 0 0 0 0 0 0 0.11895 0.11895 0 0 0 0 0 0 0 0 0 0 0 
0 0 0.922686 0.889413 0.764341 0 0 0 0 0 0 0.28 0.28 0 0 0 0.222222 0 0 0 0 0 0 0 0 0 0.033236 0.033236 0 0 0 0 0 0 0 0 0 0 0 
0 0 0.924096 0.889413 0.764341 0 0 0 0 0 0 0.28 0.28 0 0 0 0.3 0 0 0 0 0 0 0 0 0 0 0 0 0 0 0 0 0 0 0 0 0 0 
0 0 0.925225 0.889413 0.764341 0 0 0 0 0 0 0.28 0.28 0 0 0 0.3 0 0 0.0501578 0.0462249 0.0462249 0 0 0 0 0 0 0 0 0 0 0 0 0 0 0 0.0515796 0.0515796 
0 0 0.926086 0.889413 0.764341 0 0 0 0 0 0 0.28 0.28 0 0 0 0.3 0 0 0.100316 0.100316 0.100316 0 0 0 0 0 0 0 0 0 0 0 0 0 0 0 0.116506 0.116506 
0 0 0.926689 0.889413 0.764341 0 0 0 0 0 0 0.28 0.28 0 0.0027206 0 0.2688 0.0639828 0 0.0975068 0.115535 0.115535 0.0728 0 0.0832 0 0 0 0 0 0.0312 0 0 0 0 0 0 0.143833 0.143833 
0 0 0.927044 0.889413 0.764341 0 0 0 0 0 0 0.28 0.28 0 0.0101051 0 0.1944 0.211376 0 0.0898828 0.129652 0.129652 0.2464 0 0.2816 0 0 0 0 0 0.1056 0 0 0 0 0 0 0.171868 0.171868 
0 0 0.927163 0.889413 0.764341 0 0 0 0 0 0 0.28 0.28 0 0.0209875 0 0.1056 0.375349 0 0.0786475 0.142549 0.142549 0.4536 0 0.5184 0 0 0 0 0 0.1944 0 0 0 0 0 0 0.199766 0.199766 
0 0 0.927056 0.889413 0.764341 0 0 0 0 0 0 0.28 0.28 0 0.0342018 0 0.0312 0.489067 0 0.0650046 0.154108 0.154108 0.6272 0 0.7168 0 0 0 0 0 0.2688 0 0 0 0 0 0 0.226683 0.226683 
0 0 0.926734 0.889413 0.764341 0 0 0 0 0 0 0.28 0.28 0 0.0485821 0 0 0.4857 0 0.0501579 0.164212 0.164212 0.7 0 0.8 0 0 0 0 0 0.3 0 0 0 0 0 0 0.251775 0.251775 
0 0 0.926208 0.889413 0.764341 0 0 0 0 0 0 0.28 0.28 0 0.0673083 0 0.0311998 0.302701 0 0.0353112 0.172742 0.172742 0.6272 0 0.7168 0 0.0171296 0.0171296 0 0 0.2688 0 0 0 0 0 0 0.274197 0.274197 
0 0 0.92549 0.889413 0.764341 0 0 0 0 0 0 0.28 0.28 0.00559296 0.0911579 0 0.105601 0 0 0.0216681 0.179582 0.179582 0.453598 0 0.518398 0 0.0637362 0.0637362 0 0 0.194399 0 0 0 0 0 0 0.293107 0.293107 
0 0 0.924588 0.889413 0.764341 0 0 0 0 0 0 0.28 0.28 0.13626 0.115361 0 0.1944 0 0 0.0104328 0.184613 0.184613 0.246399 0 0.281599 0 0.132644 0.132644 0 0 0.1056 0 0 0 0 0 0 0.307658 0.307658 
0 0 0.923516 0.889413 0.764341 0 0 0 0 0 0 0.28 0.28 0.247814 0.135147 0 0.2688 0 0 0.00280883 0.187718 0.187718 0.0727996 0 0.0831996 0 0.216679 0.216679 0 0 0.0311998 0 0 0 0 0 0 0.317008 0.317008 
0 0 0.922282 0.889413 0.764341 0 0 0 0 0 0 0.28 0.28 0.306138 0.145746 0 0.3 0 0 0 0.188779 0.188779 0 0 0 0 0.308666 0.308666 0 0 0 0 0 0 0 0 0 0.320313 0.320313 
0 0 0.920899 0.889413 0.764341 0 0 0 0 0 0 0.281217 0.281217 0.304707 0.145215 0 0.3 0 0 0 0.188779 0.188779 0 0 0 0 0.404498 0.404498 0 0 0 0 0 0 0 0 0 0.320313 0.320313 
0 0 0.919377 0.889413 0.764341 0 0 0 0 0 0 0.284777 0.284777 0.268687 0.137077 0 0.3 0 0 0 0.188779 0.188779 0 0 0 0 0.499263 0.499263 0 0 0 0 0 0 0 0 0 0.320313 0.320313 
0 0 0.917727 0.889413 0.764341 0 0 0 0 0 0 0.290543 0.290543 0.211496 0.124768 0 0.3 0 0 0 0.188779 0.188779 0 0 0 0 0.584577 0.584577 0 0 0 0 0 0 0 0 0 0.320313 0.320313 
0 0 0.915959 0.889413 0.764341 0 0 0 0 0 0 0.298375 0.298375 0.146554 0.111723 0 0.3 0 0 0 0.188779 0.188779 0 0 0 0 0.65206 0.65206 0 0 0 0 0 0 0 0 0 0.320313 0.320313 
0 0 0.914085 0.889413 0.764341 0 0 0 0 0 0 0.308136 0.308136 0.0872816 0.101376 0 0.3 0 0 0 0.188779 0.188779 0 0 0 0 0.693328 0.693328 0 0 0 0 0 0 0 0 0 0.320313 0.320313 
0 0 0.912116 0.889413 0.764341 0 0 0 0 0 0 0.319689 0.319689 0.0470982 0.0971642 0 0.3 0 0 0 0.188779 0.188779 0 0 0 0 0.7 0.7 0 0 0 0 0 0 0 0 0 0.320313 0.320313 
0 0 0.910061 0.889413 0.764341 0 0 0 0 0 0 0.332896 0.332896 0.0415743 0.10976 0 0.3 0 0 0 0.188779 0.188779 0 0 0 0 0.681131 0.681131 0 0 0 0 0 0 0 0 0 0.320313 0.320313 
0 0 0.907933 0.889413 0.764341 0 0 0 0 0 0 0.347619 0.347619 0.0587273 0.133151 0 0.3 0 0 0 0.188779 0.188779 0 0 0 0 0.652317 0.652317 0 0 0 0 0 0 0 0 0 0.320313 0.320313 
0 0 0.905742 0.889413 0.764341 0 0 0 0 0 0 0.36372 0.36372 0.0706472 0.145746 0 0.3 0 0 0 0.188779 0.188779 0 0 0 0 0.614991 0.614991 0 0 0 0 0 0 0 0 0 0.320313 0.320313 
0 0 0.903499 0.889413 0.764341 0 0 0 0 0 0 0.382837 0.382837 0.0706472 0.145746 0 0.3 0 0 0 0.188779 0.188779 0 0 0 0 0.570583 0.570583 0 0 0 0 0 0 0 0 0 0.320313 0.320313 
0 0 0.901214 0.889413 0.764341 0 0 0 0 0 0 0.407005 0.407005 0.0706472 0.145746 0 0.3 0 0 0 0.188779 0.188779 0 0 0 0 0.520525 0.520525 0 0 0 0 0 0 0 0 0 0.320313 0.320313 
0 0 0.898898 0.889413 0.764341 0 0 0 0 0 0 0.436685 0.436685 0.0706472 0.145746 0 0.3 0 0 0 0.188779 0.188779 0 0 0 0 0.466246 0.466246 0 0 0 0 0 0 0 0 0 0.320313 0.320313 
0 0 0.896564 0.889413 0.764341 0 0 0 0 0 0 0.472335 0.472335 0.0706472 0.145746 0 0.3 0 0 0 0.188779 0.188779 0 0 0 0 0.409179 0.409179 0 0 0 0 0 0 0 0 0 0.320313 0.320313 
0 0 0.89422 0.889413 0.764341 0 0 0 0 0 0 0.514416 0.514416 0.0706472 0.145746 0 0.3 0 0.01372 0 0.188779 0.188779 0 0 0 0 0.350755 0.350755 0 0 0 0 0 0 0 0 0.0119707 0.312129 0.312129 
0 0 0.891878 0.889413 0.764341 0 0 0 0 0 0 0.566978 0.566978 0.0808733 0.145746 0 0.3 0 0.05096 0 0.182305 0.182305 0 0 0 0 0.292405 0.292405 0 0 0 0 0 0 0 0 0.0449896 0.289916 0.289916 
0 0 0.889549 0.889413 0.764341 0 0 0 0 0 0 0.630684 0.630684 0.108692 0.145746 0 0.3 0 0.10584 0 0.164955 0.164955 0 0 0 0 0.23556 0.23556 0 0 0 0 0 0 0 0 0.0947171 0.257182 0.257182 
0 0 0.887244 0.889413 0.764341 0 0 0 0 0 0 0.700906 0.700906 0.149812 0.145746 0 0.3 0 0.17248 0 0.139837 0.139837 0 0 0 0 0.181651 0.181651 0 0 0 0 0 0 0 0 0.156814 0.217433 0.217433 
0 0 0.884973 0.889413 0.764341 0 0 0 0 0 0 0.773018 0.773018 0.199946 0.145746 0 0.3 0 0.245 0 0.110057 0.110057 0 0 0 0 0.13211 0.13211 0 0 0 0 0 0 0 0 0.226939 0.174177 0.174177 
0 0 0.882747 0.889413 0.764341 0 0 0 0 0 0 0.842394 0.842394 0.254802 0.145746 0 0.3 0 0.31752 0 0.0787228 0.0787228 0 0 0 0 0.0883666 0.0883666 0 0 0 0 0 0 0 0 0.300755 0.130921 0.130921 
0 0 0.880578 0.889413 0.764341 0 0 0 0 0 0 0.904408 0.904408 0.310092 0.145746 0 0.3 0 0.384161 0 0.0489424 0.0489424 0 0 0 0 0.0518525 0.0518525 0 0 0 0 0 0 0 0 0.373922 0.0911718 0.0911718 
0 0 0.870111 0.880149 0.755077 0 0 0 0 0 0 0.95443 0.95443 0.361523 0.145746 0 0.3 0 0.43904 0 0.023824 0.023824 0 0 0 0 0.0239998 0.0239998 0 0 0 0 0 0 0 0 0.442097 0.058438 0.058438 
0 0 0.849862 0.859766 0.734694 0 0 0 0 0 0 0.987837 0.987837 0.404809 0.145746 0 0.3 0 0.47628 0 0.00647374 0.00647374 0 0 0 0 0.0062383 0.0062383 0 0 0 0 0 0 0 0 0.500944 0.0362252 0.0362252 
0 0 0.830148 0.839384 0.714312 0 0 0 0 0 0 1 1 0.435658 0.145746 0 0.3 0 0.49 0 0 0 0 0 0 0 0 0 0 0 0 0 0 0 0 0 0.546122 0.0280419 0.0280419 
0 0 0.821284 0.830119 0.705047 0 0 0 0 0 0 1 1 0.451303 0.145746 0 0.3 0 0.49 0 0 0 0 0 0 0 0 0 0 0 0 0 0 0 0 0 0.575858 0.0282839 0.0282839 
0.75106 0.75106 0.820849 0.829685 0.704613 0 0 0 0 0 0 1 1 0.454411 0.145746 0 0.3 0 0.49 0 0 0 0 0 0 0 0 0 0 0 0 0 0 0 0 0 0.593063 0.0288889 0.0288889 
0.764016 0.764016 0.819686 0.828521 0.703449 0 0 0 0 0 0 1 1 0.44884 0.145746 0 0.3 0 0.49 0 0 0 0 0 0 0 0 0 0 0 0 0 0 0 0 0 0.600427 0.0296755 0.0296755 
0.700331 0.700331 0.818 0.826836 0.701764 0 0 0 0 0 0 1 1 0.438452 0.145746 0 0.3 0 0.49 0 0 0 0 0 0 0 0 0 0 0 0 0 0 0 0 0 0.600638 0.030462 0.030462 
0.592282 0.592282 0.816002 0.824838 0.699766 0 0 0 0 0 0 1 1 0.427106 0.145746 0 0.3 0 0.49 0 0 0 0 0 0 0 0 0 0 0 0 0 0 0 0 0 0.596384 0.031067 0.031067 
0.472158 0.472158 0.8139 0.822736 0.697663 0 0 0 0 0 0 1 1 0.418663 0.145746 0 0.3 0 0.49 0 0 0 0 0 0 0 0 0 0 0 0 0 0 0 0 0 0.590353 0.031309 0.031309 
0.372234 0.372234 0.811902 0.820738 0.695666 0 0 0 0 0 0 1 1 0.412785 0.14822 0 0.3 0 0.49 0.0039016 0.0039016 0.0039016 0 0 0 0 0 0 0 0 0 0 0 0 0 0 0.582665 0.0297146 0.0297146 
0.276706 0.276706 0.810217 0.819053 0.69398 0 0 0 0 0.0171463 0.0171463 1 1 0.406317 0.154743 0 0.3 0 0.49 0.0141873 0.0141873 0.0141873 0 0 0 0 0 0 0 0 0 0 0 0 0 0 0.571194 0.0255111 0.0255111 
0.343118 0.343118 0.809053 0.817889 0.692816 0 0 0 0 0.0631 0.0631 1 1 0.398891 0.163965 0 0.3 0 0.49 0.0287294 0.0287294 0.0287294 0 0 0 0 0 0 0 0 0 0 0 0 0 0 0.555256 0.0195681 0.0195681 
0.335472 0.335472 0.808619 0.817454 0.692382 0 0 0 0 0.129628 0.129628 1 1 0.390141 0.174536 0 0.3 0 0.49 0.0453993 0.0453993 0.0453993 0 0 0 0 0 0 0 0 0 0 0 0 0 0 0.534174 0.0127557 0.0127557 
0.32325 0.32325 0.782803 0.791639 0.666566 0 0 0 0 0.208504 0.208504 1 1 0.379698 0.185107 0 0.3 0 0.49 0.0620696 0.0620696 0.0620696 0 0 0 0 0 0 0 0 0 0 0 0 0 0 0.507265 0.00594298 0.00594298 
0.3077 0.3077 0.726009 0.734844 0.609772 0 0 0 0 0.291496 0.291496 1 1 0.367194 0.194328 0 0.3 0 0.49 0.0766119 0.0766119 0.0766119 0 0 0 0 0 0 0 0 0 0 0 0 0 0 0.473848 0 0 
0.290069 0.290069 0.669217 0.678052 0.55298 0 0 0 0 0.37037 0.37037 1 1 0.352959 0.194328 0 0.2943 0 0.48069 0.0766119 0.0766119 0.0766119 0 0 0 0 0 0 0 0 0 0 0 0 0 0 0.434959 0 0 
0.271606 0.271606 0.643401 0.652236 0.527164 0 0 0 0 0.4369 0.4369 1 1 0.337689 0.194328 0 0.2784 0 0.45472 0.0766119 0.0766119 0.0766119 0 0 0 0 0 0 0 0 0 0 0 0 0 0 0.392503 0 0 
0.25356 0.25356 0.647408 0.656243 0.531171 0 0 0 0 0.482853 0.482853 1 1 0.321565 0.194328 0 0.2541 0 0.415031 0.0766119 0.0766119 0.0766119 0 0 0 0 0 0 0 0 0 0 0 0 0 0 0.347111 0 0 
0.237177 0.237177 0.65485 0.663685 0.538613 0 0 0 0 0.5 0.5 1 1 0.304771 0.194328 0 0.2232 0 0.36456 0.0766119 0.0766119 0.0766119 0 0 0 0 0 0 0 0 0 0 0 0 0 0 0.299411 0 0 
0.237177 0.237177 0.658857 0.667692 0.54262 0 0 0 0 0.5 0.5 1 1 0.287489 0.194328 0 0.187501 0 0.306251 0.0766119 0.0766119 0.0766119 0 0 0 0 0 0 0 0 0 0 0 0 0 0 0.250034 0 0 
0.237177 0.237177 0.65134 0.660176 0.535103 0 0 0 0 0.5 0.5 1 1 0.269903 0.194328 0 0.1488 0 0.24304 0.0766119 0.0766119 0.0766119 0 0 0 0 0 0 0 0 0 0 0 0 0 0 0.199607 0 0 
0.237177 0.237177 0.632132 0.640967 0.515895 0 0 0 0 0.5 0.5 1 1 0.252195 0.194328 0 0.108901 0 0.177871 0.0766119 0.0766119 0.0766119 0 0 0 0 0 0 0 0 0 0 0 0 0 0 0.148762 0 0 
0.237177 0.237177 0.606241 0.615076 0.490004 0 0 0 0 0.5 0.5 1 1 0.234547 0.194328 0 0.0696 0 0.11368 0.0766119 0.0766119 0.0766119 0 0 0 0 0 0 0 0 0 0 0 0 0 0 0.0981256 0 0 
0.237177 0.237177 0.57868 0.587516 0.462443 0 0 0 0 0.5 0.5 1 1 0.217144 0.194328 0 0.0327005 0 0.0534108 0.0766119 0.0766119 0.0766119 0 0 0 0 0 0 0 0 0 0 0 0 0 0 0.0483294 0 0 
0.237177 0.237177 0.55446 0.563295 0.438223 0 0 0 0 0.5 0.5 1 1 0.200167 0.194328 0 0 0 0 0.0766119 0.0766119 0.0766119 0 0 0 0 0 0 0 0 0 0 0 0 0 0 0 0 0 
