0 0 0 0 0 0 0 0.0972966 0.0972966 0 0 0.2 0.5 0 0 0 0.1 0.38605 0 0 0 0 0 0.5 0.5 0.25 0 0 0.113347 0 0 0 0 0 0 0 0 0 0.575519 
0 0 0 0 0 0 0 0.0939738 0.0939738 0 0 0.3625 0.625 0.193524 0 0.127279 0.05 0 0.046875 0.0719225 0 0 0 0.578125 0.578125 0 0 0 0 0 0 0 0 0 0 0 0 0 0.485594 
0 0 0 0 0 0 0 0.0949354 0.0949354 0 0 0.3 0.5 0.399445 0 0.374661 0 0 0.15 0.0532759 0 0 0 0.75 0.75 0.0949815 0 0 0.094127 0 0 0 0 0 0 0 0 0 0.287759 
0.00571766 0.00571766 0 0 0 0 0 0.116576 0.116576 0.0270688 0.0270688 0.290448 0.44178 0.324942 0 0.540464 0 0 0.253125 0.0186466 0 0 0 0.921875 0.921875 0.111938 0 0 0.264916 0 0 0 0 0 0 0 0 0 0.0899248 
0.0193521 0.0193521 0 0 0 0 0 0.169691 0.169691 0.0916175 0.0916175 0.315069 0.426982 0.209936 0 0.46292 0 0 0.3 0 0 0 0 1 1 0.107176 0 0 0.373462 0 0 0 0 0 0 0 0 0 0 
0.0356254 0.0356254 0 0 0 0 0 0.242197 0.242197 0.168659 0.168659 0.457604 0.562513 0.172844 0 0.288926 0 0 0.330804 0.0417336 0 0.00270577 0 0.881041 0.833905 0.0718484 0 0 0.273501 0.0234373 0 0 0 0 0 0 0.102474 0 0.0749436 
0.0492599 0.0492599 0 0 0 0 0 0.316174 0.316174 0.233208 0.233208 0.623941 0.73196 0.0827966 0 0.110684 0 0 0.39727 0.104616 0 0.00983915 0 0.357188 0.333619 0.0359739 0 0 0.178776 0.091319 0 0 0 0 0 0 0.253476 0 0.227736 
0.0549775 0.0549775 0 0 0 0 0 0.373702 0.373702 0.260277 0.260277 0.780504 0.880504 0 0 0 0 0.00610266 0.460474 0.147216 0 0.0199243 0 0 0 0 0 0 0 0.2 0 0 0 0 0 0 0.291173 0 0.350318 
0.050966 0.050966 0 0 0 0 0 0.39686 0.39686 0.241303 0.241303 0.928177 0.97162 0 0 0.00229372 0 0.025074 0.481496 0.150829 0 0.0314853 0 0 0 0 0 0 0 0.511462 0 0 0 0 0 0 0.23494 0 0.416114 
0.0421405 0.0421405 0 0 0 0 0 0.388556 0.388556 0.199559 0.199559 1 1 0.0923518 0 0.0957942 0 0 0.466818 0.146009 0 0.0430463 0 0 0 0 0 0 0 0.513661 0 0 0 0 0 0 0.16412 0 0.470813 
0.033315 0.033315 0 0 0 0 0 0.367301 0.367301 0.157816 0.157816 0.920309 0.943394 0.267853 0 0.458327 0 0 0.449089 0.134789 0 0.0531314 0 0 0 0 0 0 0 0.512343 0 0 0 0 0 0 0.141699 0 0.514747 
0.0293034 0.0293034 0 0 0 0 0 0.338579 0.338579 0.138841 0.138841 0.784684 0.853078 0.548778 0 0.729654 0 0 0.428639 0.119204 0 0.0602648 0 0 0 0 0 0 0 0.507849 0 0 0 0 0 0 0.260982 0 0.548251 
0.0293701 0.0293701 0 0 0 0 0 0.307876 0.307876 0.139256 0.139256 0.7 0.8 0.706029 0 0.540484 0 0 0.405798 0.101289 0 0.0629706 0 0 0 0 0 0 0 0.500519 0 0 0 0 0 0 0.40504 0 0.571659 
0.0295814 0.0295814 0 0 0 0 0 0.280676 0.280676 0.140576 0.140576 0.68377 0.795517 0.41404 0 0.189169 0 0 0.380893 0.0668504 0 0.0466449 0 0 0 0 0 0 0 0.490692 0 0 0 0 0 0 0.4644 0 0.565162 
0.0299546 0.0299546 0 0 0 0 0 0.262466 0.262466 0.142918 0.142918 0.680473 0.801748 0.0966989 0 0 0 0 0.354255 0.0221708 0 0.0163257 0 0 0 0 0 0 0 0.478709 0 0 0 0 0 0 0.497383 0 0.530001 
0.0305067 0.0305067 0 0 0 0 0 0.256995 0.256995 0.146397 0.146397 0.687426 0.815787 0.0523042 0 0.00492373 0 0 0.326213 0 0 0 0 0 0 0 0 0 0 0.46491 0 0 0 0 0 0 0.503311 0 0.498085 
0.031255 0.031255 0 0 0 0 0 0.261056 0.261056 0.151128 0.151128 0.701948 0.834729 0.0761233 0 0.0193368 0 0 0.297095 0 0 0 0 0 0 0 0 0 0 0.449634 0 0 0 0 0 0 0.494412 0 0.4785 
0.0322165 0.0322165 0 0 0 0 0 0.269703 0.269703 0.157226 0.157226 0.721355 0.855667 0.338183 0 0.0448215 0 0 0.267232 0 0 0 0 0 0 0 0 0 0 0.433223 0 0 0 0 0 0 0.483453 0 0.459075 
0.0334084 0.0334084 0 0 0 0 0 0.277986 0.277986 0.164807 0.164807 0.742966 0.875694 0.474177 0 0.0759148 0 0 0.236952 0 0 0 0 0 0 0 0 0 0 0.416014 0 0 0 0 0 0 0.470558 0 0.439824 
0.035116 0.035116 0 0 0 0 0 0.287886 0.287886 0.174831 0.174831 0.7641 0.891904 0.488262 0 0.109925 0 0 0.206585 0 0 0 0 0 0 0 0 0 0 0.398349 0 0 0 0 0 0 0.455848 0 0.420761 
0.0374816 0.0374816 0 0 0 0 0 0.300943 0.300943 0.187589 0.187589 0.789303 0.906018 0.483954 0 0.158024 0 0 0.176459 0 0 0.00497787 0 0 0 0 0 0 0 0.380568 0 0 0 0 0 0 0.439447 0 0.4019 
0.0403078 0.0403078 0 0 0 0 0 0.311545 0.311545 0.202188 0.202188 0.822618 0.921261 0.559747 0 0.225329 0 0 0.146904 0 0 0.0182221 0 0 0 0 0 0 0 0.363011 0 0 0 0 0 0 0.421478 0 0.383257 
0.0433974 0.0433974 0 0 0 0 0 0.314084 0.314084 0.217735 0.217735 0.8606 0.936981 0.654394 0 0.295474 0 0 0.118249 0 0 0.0371987 0 0 0 0 0 0 0 0.346016 0 0 0 0 0 0 0.402064 0 0.364846 
0.046553 0.046553 0 0.00817713 0.0264759 0 0 0.305967 0.305967 0.233339 0.233339 0.899806 0.952529 0.755795 0 0.366856 0 0 0.0908241 0 0 0.0593734 0 0 0 0 0 0 0 0.329926 0 0 0 0 0 0 0.381328 0 0.346681 
0.0495773 0.0495773 0 0.0274629 0.0887632 0 0 0.291115 0.291115 0.248106 0.248106 0.936793 0.967256 0.851849 0 0.437876 0 0 0.0649573 0 0 0.0822123 0 0 0 0 0 0 0 0.315079 0 0 0 0 0 0 0.359394 0 0.328776 
0.052273 0.052273 0 0.0499889 0.161151 0 0 0.273685 0.273685 0.261145 0.261145 0.968116 0.98051 0.930456 0 0.506931 0 0 0.0409782 0 0 0.103181 0 0 0 0 0 0 0 0.301815 0 0 0 0 0 0 0.336384 0 0.311147 
0.0544428 0.0544428 0 0.0678868 0.217929 0 0 0.257834 0.257834 0.271564 0.271564 0.990333 0.991641 0.979515 0 0.572421 0 0 0.019216 0 0 0.119746 0 0 0 0 0 0 0 0.290475 0 0 0 0 0 0 0.312422 0 0.293808 
0.0558894 0.0558894 0 0.079569 0.252709 0 0 0.247718 0.247718 0.278469 0.278469 1 1 0.986925 0 0.632745 0 0 0 0 0 0.129373 0 0 0 0 0 0 0 0.281398 0 0 0 0 0 0 0.28763 0 0.276773 
0.0564155 0.0564155 0 0.0876862 0.274974 0 0 0.242808 0.242808 0.28097 0.28097 0.995859 1 0.940711 0 0.683409 0 0 0 0 0 0.132141 0.0107989 0 0 0 0 0 0 0.275946 0 0 0 0 0 0 0.259936 0 0.260445 
0.0511453 0.0511453 0 0.0907276 0.282819 0 0 0.239588 0.239588 0.266312 0.266312 0.980649 1 0.847817 0 0.717569 0 0 0 0 0 0.130498 0.0291331 0 0 0 0 0 0 0.274621 0 0 0 0 0 0 0.227859 0 0.245071 
0.0387451 0.0387451 0 0.0862733 0.270575 0 0 0.237739 0.237739 0.230728 0.230728 0.956926 1 0.724533 0 0.730096 0 0 0 0 0 0.125462 0.0532636 0 0 0 0 0 0 0.27647 0 0 0 0 0 0 0.192411 0 0.23043 
0.02433 0.02433 0 0.0751376 0.239964 0 0 0.236941 0.236941 0.186802 0.186802 0.927244 1 0.587142 0 0.625354 0 0 0 0 0 0.11805 0.0814516 0 0 0 0 0 0 0.280542 0 0 0 0 0 0 0.154603 0 0.216303 
0.0130153 0.0130153 0 0.0606612 0.20017 0 0 0.236876 0.236876 0.147118 0.147118 0.894156 1 0.451932 0 0.402566 0 0 0 0 0 0.109281 0.111958 0 0 0 0 0 0 0.285882 0 0 0 0 0 0 0.115447 0 0.202469 
0.00605906 0.00605906 0 0.0461848 0.160375 0 0 0.237225 0.237225 0.126009 0.126009 0.860216 1 0.335189 0 0.198885 0.182357 0 0 0 0 0.100173 0.143044 0 0 0 0 0 0.0275132 0.29154 0 0 0 0 0 0 0.0759532 0 0.188708 
0.00158339 0.00158339 0 0.035049 0.129764 0 0 0.237668 0.237668 0.121763 0.121763 0.82798 1 0.253201 0 0.0563607 0.448047 0 0 0 0 0.0917431 0.172971 0 0 0 0 0 0.0748676 0.296564 0 0 0 0 0 0 0.0371338 0 0.174801 
0 0 0 0.0305947 0.11752 0 0 0.237886 0.237886 0.122899 0.122899 0.8 1 0.222252 0.0119317 0 0.5 0 0 0 0 0.08501 0.2 0 0 0 0 0 0.1 0.3 0 0 0 0 0 0 0 0 0.160527 
