0 0 0 0 0 0 0 0.187948 0.187948 0 0 0.725 1 0.387048 0 0.254558 0.1 0 0.09375 0.143845 0 0 0 1 1 0 0 0 0 0 0 0 0 0 0 0 0 0 0.971188 
0.0114353 0.0114353 0 0 0 0 0 0.233152 0.233152 0.0541376 0.0541376 0.580896 0.88356 0.649884 0 1 0 0 0.50625 0.0372931 0 0 0 1 1 0.223876 0 0 0.529833 0 0 0 0 0 0 0 0 0 0.17985 
0.0712509 0.0712509 0 0 0 0 0 0.484394 0.484394 0.337319 0.337319 0.915208 1 0.345689 0 0.577853 0 0 0.661609 0.0834672 0 0.00541153 0 1 1 0.143697 0 0 0.547002 0.0468745 0 0 0 0 0 0 0.204947 0 0.149887 
0.109955 0.109955 0 0 0 0 0 0.747404 0.747404 0.520554 0.520554 1 1 0 0 0 0 0.0122053 0.920949 0.294433 0 0.0398486 0 0 0 0 0 0 0 0.4 0 0 0 0 0 0 0.582346 0 0.700635 
0.084281 0.084281 0 0 0 0 0 0.777112 0.777112 0.399118 0.399118 1 1 0.184704 0 0.191588 0 0 0.933636 0.292018 0 0.0860926 0 0 0 0 0 0 0 1 0 0 0 0 0 0 0.328241 0 0.941626 
0.0586069 0.0586069 0 0 0 0 0 0.677158 0.677158 0.277682 0.277682 1 1 1 0 1 0 0 0.857279 0.238408 0 0.12053 0 0 0 0 0 0 0 1 0 0 0 0 0 0 0.521964 0 1 
0.0591628 0.0591628 0 0 0 0 0 0.561353 0.561353 0.281153 0.281153 1 1 0.82808 0 0.378339 0 0 0.761786 0.133701 0 0.0932898 0 0 0 0 0 0 0 0.981384 0 0 0 0 0 0 0.9288 0 1 
0.0610134 0.0610134 0 0 0 0 0 0.51399 0.51399 0.292794 0.292794 1 1 0.104608 0 0.00984746 0 0 0.652426 0 0 0 0 0 0 0 0 0 0 0.92982 0 0 0 0 0 0 1 0 0.996169 
0.064433 0.064433 0 0 0 0 0 0.539406 0.539406 0.314452 0.314452 1 1 0.676365 0 0.089643 0 0 0.534464 0 0 0 0 0 0 0 0 0 0 0.866445 0 0 0 0 0 0 0.966907 0 0.918151 
0.0702321 0.0702321 0 0 0 0 0 0.575773 0.575773 0.349662 0.349662 1 1 0.976525 0 0.219849 0 0 0.413169 0 0 0 0 0 0 0 0 0 0 0.796699 0 0 0 0 0 0 0.911695 0 0.841521 
0.0806157 0.0806157 0 0 0 0 0 0.62309 0.62309 0.404376 0.404376 1 1 1 0 0.450659 0 0 0.293808 0 0 0.0364443 0 0 0 0 0 0 0 0.726021 0 0 0 0 0 0 0.842955 0 0.766514 
0.093106 0.093106 0 0.0163543 0.0529519 0 0 0.611934 0.611934 0.466677 0.466677 1 1 1 0 0.733713 0 0 0.181648 0 0 0.118747 0 0 0 0 0 0 0 0.659852 0 0 0 0 0 0 0.762657 0 0.693361 
0.104546 0.104546 0 0.0999778 0.322302 0 0 0.54737 0.54737 0.522291 0.522291 1 1 1 0 1 0 0 0.0819563 0 0 0.206363 0 0 0 0 0 0 0 0.60363 0 0 0 0 0 0 0.672769 0 0.622294 
0.111779 0.111779 0 0.159138 0.505418 0 0 0.495437 0.495437 0.556939 0.556939 1 1 1 0 1 0 0 0 0 0 0.258746 0 0 0 0 0 0 0 0.562795 0 0 0 0 0 0 0.57526 0 0.553546 
0.102291 0.102291 0 0.181455 0.565638 0 0 0.479176 0.479176 0.532623 0.532623 1 1 1 0 1 0 0 0 0 0 0.260996 0.0582661 0 0 0 0 0 0 0.549242 0 0 0 0 0 0 0.455719 0 0.490142 
0.0486599 0.0486599 0 0.150275 0.479928 0 0 0.473882 0.473882 0.373603 0.373603 1 1 1 0 1 0 0 0 0 0 0.2361 0.162903 0 0 0 0 0 0 0.561083 0 0 0 0 0 0 0.309207 0 0.432606 
0.0121181 0.0121181 0 0.0923695 0.320751 0 0 0.474449 0.474449 0.252018 0.252018 1 1 0.670379 0 0.39777 0.364713 0 0 0 0 0.200346 0.286089 0 0 0 0 0 0.0550263 0.583081 0 0 0 0 0 0 0.151906 0 0.377416 
0 0 0 0.0611895 0.23504 0 0 0.475773 0.475773 0.245798 0.245798 1 1 0.444503 0.0238635 0 1 0 0 0 0 0.17002 0.4 0 0 0 0 0 0.2 0.6 0 0 0 0 0 0 0 0 0.321054 
