0.0473969 0.0473969 0 0 0 0 0 0.0684533 0.0684533 0 0 0 0 0.166924 0 0 0 0 0 0 0 0 0 0 0 0 0 0 0 0 0 0 0 0 0 0 0 0 0 
0.0467612 0.0467612 0.0137883 0.0163992 0.0163992 0 0 0.0684533 0.0684533 0 0 0 0 0.218002 0 0 0 0 0 0.00818582 0 0 0 0 0 0 0 0 0 0 0 0 0 0 0 0 0.0256905 0 0 
0.0449645 0.0449645 0.029028 0.0345246 0.0345246 0 0 0.0684533 0.0684533 0 0 0 0 0.276124 0 0 0 0 0 0.0175007 0 0 0 0 0 0 0 0 0 0 0 0 0 0 0 0 0.0488381 0 0 
0.0421728 0.0421728 0.041365 0.0491975 0.0491975 0 0 0.0684533 0.0684533 0 0 0 0 0.330725 0 0 0 0 0 0.0262511 0 0 0 0 0 0 0 0 0 0 0 0 0 0 0 0 0.0732572 0 0 
0.0385518 0.0385518 0.0464449 0.0552393 0.0552393 0 0 0.0684533 0.0684533 0 0 0 0 0.371235 0 0 0 0 0 0.0327433 0 0 0 0 0 0 0 0 0 0 0 0 0 0 0 0 0.102762 0 0 
0.0342675 0.0342675 0.0438721 0.0521794 0.0521794 0 0 0.0684533 0.0684533 0 0 0 0 0.387086 0 0 0 0 0 0.0352837 0 0 0 0 0 0 0 0 0 0 0 0 0 0 0 0 0.141167 0 0 
0.0294857 0.0294857 0.0372371 0.0442881 0.0442881 0 0 0.0684533 0.0684533 0 0 0 0 0.293406 0 0 0 0 0.0933333 0.0261361 0 0 0 0 0 0 0 0 0 0.0933333 0 0 0 0 0 0 0.215701 0 0 
0.0243721 0.0243721 0.0281648 0.0334979 0.0334979 0 0 0.0684533 0.0684533 0 0 0 0 0.119428 0 0 0 0 0.266667 0.00914762 0 0 0 0 0 0 0 0 0 0.266667 0 0 0 0 0 0 0.307893 0 0 
0.0190927 0.0190927 0.01828 0.0217414 0.0217414 0 0 0.0684533 0.0684533 0 0 0 0 0.025747 0 0 0 0 0.36 0 0 0 0 0 0 0 0 0 0 0.36 0 0 0 0 0 0 0.353009 0 0 
0.0138134 0.0138134 0.00920773 0.0109512 0.0109512 0 0 0.0684533 0.0684533 0 0 0 0 0.0649517 0 0 0 0 0.340058 0.00137224 0 0 0 0 0 0 0 0 0 0.340058 0 0 0 0 0 0 0.350406 0 0 
0.00869981 0.00869981 0.00257275 0.0030599 0.0030599 0 0 0.0684533 0.0684533 0 0 0 0 0.13776 0 0 0 0 0.28863 0.00528835 0 0 0 0 0 0 0 0 0 0.28863 0 0 0 0 0 0 0.343066 0 0 
0.00391796 0.00391796 0 0 0 0 0 0.0684533 0.0684533 0 0 0 0 0.176965 0 0 0 0 0.218309 0.0114474 0 0 0 0 0 0 0 0 0 0.218309 0 0 0 0 0 0 0.33169 0 0 
0 0 0 0 0 0 0 0.0684533 0.0684533 0 0 0 0 0.141271 0 0 0 0 0.141691 0.0195485 0 0 0 0 0 0 0 0 0 0.141691 0 0 0 0 0 0 0.316982 0 0 
0 0 0 0 0 0 0 0.0684533 0.0684533 0 0 0 0 0.105577 0 0 0 0 0.0713703 0.0292906 0 0 0 0 0 0 0 0 0 0.0713703 0 0 0 0 0 0 0.299644 0 0 
0 0 0 0 0 0 0 0.0684533 0.0684533 0 0 0 0 0.132303 0 0 0 0 0.0199417 0.040373 0 0 0 0 0 0 0 0 0 0.0199417 0 0 0 0 0 0 0.280378 0 0 
0 0 0 0 0 0 0 0.0684533 0.0684533 0 0 0 0 0.15903 0 0 0 0 0 0.0524945 0 0 0 0 0 0 0 0 0 0 0 0 0 0 0 0 0.259888 0 0 
0 0 0 0 0 0 0 0.0684533 0.0684533 0 0 0 0 0.120989 0 0 0 0 0 0.0653544 0 0 0 0 0 0 0 0 0 0 0 0 0 0 0 0 0.238874 0 0 
0 0 0 0 0 0 0 0.0684533 0.0684533 0 0 0 0 0.0503409 0 0 0 0 0 0.0786517 0 0 0 0 0 0 0 0 0 0 0 0 0 0 0 0 0.218042 0 0 
0 0 0 0 0 0 0 0.0684533 0.0684533 0 0 0 0 0.0123 0 0 0 0 0 0.0920855 0 0 0 0 0 0 0 0 0 0 0 0 0 0 0 0 0.198091 0 0 
0 0 0 0 0 0 0 0.0684533 0.0684533 0 0 0 0 0.0138303 0 0 0 0 0 0.105355 0 0 0 0 0 0 0 0 0 0 0 0 0 0 0 0 0.179726 0 0 
0.00317166 0.00317166 0 0 0 0 0 0.0684533 0.0684533 0 0 0 0 0.0198775 0 0 0 0 0 0.118159 0 0 0 0 0 0 0 0 0 0 0 0 0 0 0 0 0.163649 0 0 
0.0108282 0.0108282 0 0 0 0 0 0.0684533 0.0684533 0 0 0 0 0.0326258 0 0 0 0 0 0.130196 0 0 0 0 0 0 0 0 0 0 0 0 0 0 0 0 0.150561 0 0 
0.0206406 0.0206406 0 0 0 0 0 0.0684533 0.0684533 0 0 0 0 0.0989412 0 0 0 0 0 0.141167 0 0 0 0 0 0 0 0 0 0 0 0 0 0 0 0 0.141167 0 0 
0.0327749 0.0327749 0 0 0 0 0 0.0684533 0.0684533 0 0 0 0 0.156843 0 0 0 0 0 0.153201 0 0 0 0 0 0 0 0 0 0 0 0 0 0 0 0 0.140944 0 0 
0.0473969 0.0473969 0 0 0 0 0 0.0684533 0.0684533 0 0 0 0 0.138067 0 0 0 0 0 0.167353 0 0 0 0 0 0 0 0 0 0 0 0 0 0 0 0 0.151663 0 0 
0.162987 0.162987 0 0 0 0 0 0.0684533 0.0684533 0 0 0 0 0.0967591 0 0 0 0 0 0.181701 0 0 0 0 0 0 0 0 0 0 0 0 0 0 0 0 0.168463 0 0 
0.36349 0.36349 0 0 0 0 0 0.0684533 0.0684533 0 0 0 0 0.0554512 0 0 0 0 0 0.194326 0 0 0 0 0 0 0 0 0 0 0 0 0 0 0 0 0.186481 0 0 
0.477266 0.477266 0 0 0 0 0 0.0684533 0.0684533 0 0 0 0 0.0366748 0 0 0 0 0 0.203309 0 0 0 0 0 0 0 0 0 0 0 0 0 0 0 0 0.200857 0 0 
0.489158 0.489158 0 0 0 0 0 0.0684533 0.0684533 0 0 0 0 0.0831794 0 0 0 0 0 0.20673 0 0 0 0 0 0 0 0 0 0 0 0 0 0 0 0 0.20673 0 0 
0.498611 0.498611 0 0 0 0 0 0.0684533 0.0684533 0 0 0 0 0.169545 0 0 0 0 0 0.200903 0 0 0 0 0 0 0 0 0 0 0 0 0 0 0 0 0.200903 0 0 
0.505892 0.505892 0 0 0 0 0 0.0684533 0.0684533 0 0 0 0 0.21605 0 0 0 0 0 0.185475 0 0 0 0 0 0 0 0 0 0 0 0 0 0 0 0 0.185475 0 0 
0.511271 0.511271 0 0 0 0 0 0.0684533 0.0684533 0 0 0 0 0.201385 0 0 0 0 0.000662992 0.163524 0 0 0 0 0 0 0 0 0 0.00119951 0 0 0 0 0 0 0.163524 0 0 
0.515014 0.515014 0 0 0 0 0 0.0684533 0.0684533 0 0 0 0 0.169092 0 0 0 0 0.00263408 0.138127 0 0 0 0 0 0 0 0 0 0.00613495 0 0 0 0 0 0 0.138127 0 0 
0.517389 0.517389 0 0 0 0 0 0.0684533 0.0684533 0 0 0 0 0.136726 0 0 0 0 0.00588644 0.112363 0 0 0 0 0 0 0 0 0 0.0168118 0 0 0 0 0 0 0.112363 0 0 
0.518664 0.518664 0 0 0 0 0 0.0684533 0.0684533 0 0 0 0 0.121839 0 0 0 0 0.0103933 0.0893085 0 0 0 0 0 0 0 0 0 0.0352353 0 0 0 0 0 0 0.0893085 0 0 
0.519107 0.519107 0 0 0 0 0 0.0684533 0.0684533 0 0 0.0194145 0.0194145 0.21457 0 0 0 0 0.0225029 0.0637254 0 0 0 0 0 0.0265626 0 0 0.0265626 0.0944578 0 0 0 0 0 0 0.0637254 0 0 
0.518985 0.518985 0 0 0 0 0 0.0684533 0.0684533 0 0 0.0447952 0.0447952 0.261018 0 0 0 0 0.0307507 0.0343177 0 0 0 0.0362963 0.0362963 0.0850001 0 0 0.0850001 0.137793 0 0 0 0 0 0 0.0343177 0 0 
0.518567 0.518567 0 0 0 0 0 0.0684533 0.0684533 0 0 0.0744955 0.0744955 0.105507 0 0 0 0 0.0147258 0.0100783 0 0 0 0.103704 0.103704 0.143438 0 0 0.143438 0.0666942 0 0 0 0 0 0 0.0100783 0 0 
0.518119 0.518119 0 0 0 0 0 0.0684533 0.0684533 0 0 0.106869 0.106869 0.0579761 0 0 0 0 0 0 0 0 0 0.14 0.14 0.17 0 0 0.17 0 0 0 0 0 0 0 0 0 0 
0.51791 0.51791 0 0 0 0 0 0.0684533 0.0684533 0 0 0.140268 0.140268 0.0570898 0 0 0 0 0.0105941 0.04972 0 0 0 0.103704 0.103704 0.143437 0 0 0.161624 0.0445763 0 0 0 0 0 0 0.0623728 0 0 
0.494044 0.494044 0 0 0 0 0 0.0684 0.0684 0 0 0.173047 0.173047 0.0572466 0 0 0 0 0.033901 0.159104 0 0 0 0.0362962 0.0362962 0.0849999 0 0 0.139767 0.142643 0 0 0 0 0 0 0.205577 0 0 
0.457439 0.457439 0 0 0 0 0 0.0682417 0.0682417 0 0 0.203559 0.203559 0.0626702 0 0 0 0 0.0572079 0.268487 0 0 0 0 0 0.0265625 0 0 0.109335 0.240711 0 0 0 0 0 0 0.363745 0 0 
0.423984 0.423984 0 0 0 0 0 0.067981 0.067981 0 0 0.230157 0.230157 0.0775843 0.054577 0 0 0 0.0678019 0.318207 0 0 0 0 0 0 0 0 0.0752362 0.285287 0 0 0 0 0 0 0.471006 0 0 
0.401091 0.401091 0 0 0 0 0 0.0676205 0.0676205 0 0 0.251194 0.251194 0.118965 0.174999 0 0 0 0.0502236 0.310186 0 0 0 0 0 0 0 0 0.042376 0.211323 0 0 0 0 0 0 0.518668 0 0 
0.381281 0.381281 0 0 0 0 0 0.0671629 0.0671629 0 0 0.265024 0.265024 0.174715 0.296302 0 0 0 0.0175782 0.293906 0 0 0 0 0 0 0 0 0.0156618 0.073963 0 0 0 0 0 0 0.544482 0 0 
0.362822 0.362822 0 0 0 0 0 0.0666108 0.0666108 0 0 0.27 0.27 0.205446 0.353523 0 0 0 0 0.281038 0 0 0 0 0 0 0 0 0 0 0 0 0 0 0 0 0.552244 0 0 
0.343984 0.343984 0 0 0 0 0 0.0659666 0.0659666 0 0 0.265453 0.265453 0.164303 0.335817 0 0 0 0.0218751 0.274674 0 0 0 0 0 0 0 0 0 0.018855 0 0 0 0 0 0 0.548367 0 0 
0.322302 0.322302 0 0 0 0 0 0.0652331 0.0652331 0 0 0.252795 0.252795 0.103045 0.285093 0 0 0 0.0700001 0.269746 0 0 0 0 0 0 0 0 0 0.0619465 0 0 0 0 0 0 0.53709 0 0 
0.297667 0.297667 0 0 0 0 0 0.0644129 0.0644129 0 0 0.2335 0.2335 0.0780768 0.215512 0 0 0 0.118125 0.26568 0 0 0 0 0 0 0 0 0 0.109065 0 0 0 0 0 0 0.518947 0 0 
0.271881 0.271881 0 0 0 0 0 0.0635085 0.0635085 0 0 0.209044 0.209044 0.0648932 0.141236 0 0 0 0.14 0.261902 0 0 0 0 0 0 0 0 0 0.14 0 0 0 0 0 0 0.494469 0 0 
0.246745 0.246745 0 0 0 0 0 0.0625226 0.0625226 0 0 0.180901 0.180901 0.0562492 0.0764251 0 0 0 0.10716 0.25784 0 0 0 0 0 0 0 0 0 0.140094 0 0 0 0 0 0 0.464188 0 0 
0.22406 0.22406 0 0 0 0 0 0.0614578 0.0614578 0 0 0.150546 0.150546 0.050942 0.035242 0 0 0 0.0432098 0.25292 0 0 0 0 0 0 0 0 0 0.123394 0 0 0 0 0 0 0.428637 0 0 
0.205626 0.205626 0 0 0 0 0 0.0603165 0.0603165 0 0 0.119454 0.119454 0.0452034 0.0148558 0 0 0 0 0.246569 0 0 0 0 0 0 0 0 0 0.11275 0 0 0 0 0 0 0.388349 0 0 
0.193245 0.193245 0 0 0 0 0 0.0591016 0.0591016 0 0 0.0890988 0.0890988 0.0368478 0.00200532 0 0 0 0 0.238213 0 0 0 0 0 0 0 0 0 0.141435 0 0 0 0 0 0 0.330082 0 0 
0.188718 0.188718 0 0 0 0 0 0.0578155 0.0578155 0 0 0.0609558 0.0609558 0.0270748 0 0.00480516 0 0 0 0.207328 0 0 0 0 0 0 0 0 0 0.213148 0 0 0 0 0 0 0.249905 0 0 
0.188718 0.188718 0 0 0 0 0 0.0564609 0.0564609 0 0 0.0364998 0.0364998 0.0171939 0 0.00704386 0 0 0 0.147487 0 0 0 0 0 0 0 0 0 0.306375 0 0 0 0 0 0 0.162314 0 0 
0.188718 0.188718 0 0 0 0 0 0.0550404 0.0550404 0 0 0.0172053 0.0172053 0.00851481 0 0.00619448 0 0 0 0.0792676 0 0 0 0 0 0 0 0 0 0.399602 0 0 0 0 0 0 0.0818029 0 0 
0.188718 0.188718 0 0 0 0 0 0.0535565 0.0535565 0 0 0.00454713 0.00454713 0.00234697 0 0.00374525 0 0 0 0.0232464 0 0 0 0 0 0 0 0 0 0.471315 0 0 0 0 0 0 0.0228666 0 0 
0.188718 0.188718 0 0 0 0 0 0.0520119 0.0520119 0 0 0 0 0 0 0.00118434 0 0 0 0 0 0 0 0 0 0 0 0 0 0.5 0 0 0 0 0 0 0 0 0 
0.188718 0.188718 0 0 0 0 0 0.0504091 0.0504091 0 0 0.0221574 0.0221574 0.000704636 0 0 0 0 0 0.0254238 0 0 0 0 0 0 0.00766362 0.00766362 0 0.472303 0 0 0 0 0 0 0.0279715 0 0 
0.188718 0.188718 0 0 0 0 0 0.0487509 0.0487509 0 0 0.0793002 0.0793002 0.0292746 0 0.00788048 0 0 0 0.0909904 0 0 0 0 0 0 0.0264989 0.0264989 0 0.400875 0 0 0 0 0 0 0.109807 0 0 
0.188718 0.188718 0 0 0 0 0 0.0470397 0.0470397 0 0 0.157434 0.157434 0.0525859 0 0.0275817 0 0 0 0.180643 0 0 0 0 0 0 0.0502722 0.0502722 0 0.303207 0 0 0 0 0 0 0.23504 0 0 
0.188718 0.188718 0 0 0 0 0 0.0452783 0.0452783 0 0 0.242565 0.242565 0.0741561 0 0.0531933 0 0 0 0.278324 0 0 0 0 0 0 0.0727503 0.0727503 0 0.196793 0 0 0 0 0 0 0.35343 0 0 
0.188718 0.188718 0 0 0 0 0 0.043469 0.043469 0 0 0.3207 0.3207 0.0836442 0 0.078805 0 0 0 0.367977 0 0 0 0 0 0 0.0876997 0.0876997 0 0.0991252 0 0 0 0 0 0 0.414736 0 0 
0.188718 0.188718 0 0 0 0 0 0.0416147 0.0416147 0 0 0.377843 0.377843 0.0789813 0 0.0985062 0 0 0 0.433543 0 0 0 0 0 0 0.0961266 0.0961266 0 0.0276967 0 0 0 0 0 0 0.424965 0 0 
0.188718 0.188718 0 0 0 0 0 0.0397179 0.0397179 0 0 0.4 0.4 0.0678508 0 0.106387 0 0 0 0.458967 0 0 0 0 0 0 0.1 0.1 0 0 0 0 0 0 0 0 0.432198 0 0 
0.188718 0.188718 0 0 0 0 0 0.0377812 0.0377812 0 0 0.4 0.4 0.0606683 0 0.0985062 0 0 0 0.439722 0 0 0 0 0 0 0.1 0.1 0 0 0 0 0 0 0 0 0.444388 0 0 
0.188718 0.188718 0 0 0 0 0 0.0346604 0.0346604 0 0 0.4 0.4 0.0599532 0 0.078805 0 0 0 0.439722 0 0 0 0 0 0 0.1 0.1 0 0 0 0 0 0 0 0 0.45941 0 0 
0.188718 0.188718 0 0 0 0 0 0.0296776 0.0296776 0 0 0.4 0.4 0.0795518 0 0.0531935 0 0 0 0.439722 0 0 0 0 0 0 0.1 0.1 0 0 0 0 0 0 0 0 0.475013 0 0 
0.188718 0.188718 0 0 0 0 0 0.023535 0.023535 0 0 0.4 0.4 0.0990429 0 0.0275819 0 0 0 0.439722 0 0 0 0 0 0 0.1 0.1 0 0 0 0 0 0 0 0 0.488946 0 0 
0.188718 0.188718 0 0 0 0 0 0.0169348 0.0169348 0 0 0.4 0.4 0.113915 0 0.00788059 0 0 0 0.439722 0 0 0 0 0 0 0.1 0.1 0 0 0 0 0 0 0 0 0.498956 0 0 
0.188718 0.188718 0 0 0 0 0 0.010579 0.010579 0 0 0.4 0.4 0.119835 0 0 0 0 0 0.439722 0 0 0 0 0 0 0.1 0.1 0 0 0 0 0 0 0 0 0.502793 0 0 
0.188718 0.188718 0 0 0 0 0 0.00516988 0.00516988 0 0 0.393264 0.393264 0.117817 0 0 0 0 0 0.432317 0 0 0 0 0 0 0.0983159 0.0983159 0 0.00842056 0 0 0 0 0 0 0.494325 0 0 
0.188718 0.188718 0 0 0 0 0 0.00140949 0.00140949 0 0 0.374511 0.374511 0.112198 0 0 0 0 0 0.411702 0 0 0 0 0 0 0.0936277 0.0936277 0 0.0318616 0 0 0 0 0 0 0.470753 0 0 
0.188718 0.188718 0 0 0 0 0 0 0 0 0 0.345926 0.345926 0.103635 0 0 0 0 0 0.380279 0 0 0 0 0 0 0.0864816 0.0864816 0 0.0675921 0 0 0 0 0 0 0.434823 0 0 
0.188718 0.188718 0 0 0 0 0 0 0 0 0 0.309695 0.309695 0.0927806 0 0 0 0 0 0.34045 0 0 0 0 0 0 0.0774238 0.0774238 0 0.112881 0 0 0 0 0 0 0.389281 0 0 
0.188718 0.188718 0 0 0 0 0 0 0 0 0 0.268002 0.268002 0.0802898 0 0 0 0 0 0.294616 0 0 0 0 0 0 0.0670005 0.0670005 0 0.164998 0 0 0 0 0 0 0.336874 0 0 
0.188718 0.188718 0 0 0 0 0 0 0 0 0 0.223032 0.223032 0.0668173 0 0 0 0 0 0.24518 0 0 0 0 0 0 0.0557579 0.0557579 0 0.221211 0 0 0 0 0 0 0.280347 0 0 
0.188718 0.188718 0 0 0 0 0 0 0 0 0 0.176968 0.176968 0.0530174 0 0 0 0 0 0.194542 0 0 0 0 0 0 0.0442421 0.0442421 0 0.278789 0 0 0 0 0 0 0.222446 0 0 
0.188718 0.188718 0 0 0 0 0 0 0 0 0 0.131998 0.131998 0.0395449 0 0 0 0 0 0.145106 0 0 0 0 0 0 0.0329995 0.0329995 0 0.335002 0 0 0 0 0 0 0.165919 0 0 
0.188718 0.188718 0 0 0 0 0 0 0 0 0 0.0903049 0.0903049 0.0270541 0 0 0 0 0 0.0992727 0 0 0 0 0 0 0.0225762 0.0225762 0 0.387119 0 0 0 0 0 0 0.113512 0 0 
0.188718 0.188718 0 0 0 0 0 0 0 0 0 0.0540737 0.0540737 0.0161998 0 0 0 0 0 0.0594435 0 0 0 0 0 0 0.0135184 0.0135184 0 0.432408 0 0 0 0 0 0 0.0679697 0 0 
0.188718 0.188718 0 0 0 0 0 0 0 0 0 0.0254893 0.0254893 0.00763625 0 0 0 0 0 0.0280205 0 0 0 0 0 0 0.00637232 0.00637232 0 0.468138 0 0 0 0 0 0 0.0320396 0 0 
0.188718 0.188718 0 0 0 0 0 0 0 0 0 0.00673645 0.00673645 0.00201815 0 0 0 0 0 0.00740542 0 0 0 0 0 0 0.00168411 0.00168411 0 0.491579 0 0 0 0 0 0 0.0084676 0 0 
0.188718 0.188718 0 0 0 0 0 0 0 0 0 0 0 0 0 0 0 0 0 0 0 0 0 0 0 0 0 0 0 0.5 0 0 0 0 0 0 0 0 0 
0.188718 0.188718 0 0 0 0 0 0 0 0 0 0.0221574 0.0221574 0.0430155 0 0 0 0 0 0.0254238 0 0 0 0 0 0 0 0 0 0.472303 0 0 0 0 0 0 0.0279715 0 0 
0.188718 0.188718 0 0 0 0 0 0 0 0 0 0.0793006 0.0793006 0.0905496 0 0 0 0 0 0.090991 0 0 0 0 0 0 0 0 0 0.400874 0 0 0 0 0 0 0.109808 0 0 
0.188718 0.188718 0 0 0 0 0 0 0 0 0 0.157435 0.157435 0.0897682 0 0 0 0 0 0.180643 0 0 0 0 0 0 0.000698826 0.000698826 0 0.303207 0 0 0 0 0 0 0.235041 0 0 
0.188718 0.188718 0 0 0 0 0 0 0 0 0 0.242566 0.242566 0.0874522 0 0 0 0 0 0.278324 0 0 0 0 0 0 0.00420434 0.00420434 0 0.196793 0 0 0 0 0 0 0.353431 0 0 
0.188718 0.188718 0 0 0 0 0 0 0 0 0 0.3207 0.3207 0.0836442 0 0 0 0 0 0.367977 0 0 0 0 0 0 0.0111974 0.0111974 0 0.0991252 0 0 0 0 0 0 0.414736 0 0 
0.188718 0.188718 0 0 0 0 0 0 0 0 0 0.377843 0.377843 0.0758815 0 0 0 0 0 0.433543 0 0 0 0 0 0 0.0186422 0.0186422 0 0.0276967 0 0 0 0 0 0 0.424965 0 0 
0.188718 0.188718 0 0 0 0 0 0 0 0 0 0.4 0.4 0.0678508 0 0 0 0 0 0.458967 0 0 0 0 0 0 0.0234976 0.0234976 0 0 0 0 0 0 0 0 0.432198 0 0 
0.188718 0.188718 0 0 0 0 0 0 0 0 0 0.4 0.4 0.0619457 0 0 0 0 0 0.439722 0 0 0 0 0 0 0.0267568 0.0267568 0 0 0 0 0 0 0 0 0.444388 0 0 
0.188718 0.188718 0 0 0 0 0 0 0 0 0 0.4 0.4 0.0633422 0 0 0 0 0 0.439722 0 0 0 0 0 0 0.0291145 0.0291145 0 0 0 0 0 0 0 0 0.459411 0 0 
0.188718 0.188718 0 0 0 0 0 0 0 0 0 0.4 0.4 0.0749736 0 0 0 0 0 0.439722 0 0 0 0 0 0 0.0312252 0.0312252 0 0 0 0 0 0 0 0 0.475013 0 0 
0.188718 0.188718 0 0 0 0 0 0 0 0 0 0.4 0.4 0.101574 0 0 0 0 0 0.439722 0 0 0 0 0 0 0.0337438 0.0337438 0 0 0 0 0 0 0 0 0.488946 0 0 
0.188718 0.188718 0 0 0 0 0 0 0 0 0 0.4 0.4 0.116072 0.00101463 0 0 0 0 0.439722 0 0 0 0 0 0 0.0373249 0.0373249 0 0 0 0 0 0 0 0 0.498956 0 0 
0.188718 0.188718 0 0 0 0 0 0 0 0 0 0.4 0.4 0.133483 0.0187448 0 0 0 0 0.439722 0 0 0 0 0 0 0.0426232 0.0426232 0 0 0 0 0 0 0 0 0.502793 0 0 
0.188718 0.188718 0 0 0 0 0 0 0 0 0 0.382588 0.383333 0.180126 0.07522 0 0 0 0 0.440192 0 0 0 0 0 0 0.0513006 0.0513006 0 0 0 0 0 0 0 0 0.503043 0 0.00767582 
0.188718 0.188718 0 0 0 0 0 0 0 0 0 0.337616 0.34 0.23767 0.198999 0 0 0 0 0.441788 0 0 0 0 0 0 0.0631655 0.0631655 0 0 0 0 0 0 0 0 0.504193 0 0.0280642 
0.188718 0.188718 0.0366329 0.0418939 0.0418939 0 0 0 0 0 0 0.275977 0.28 0.331878 0.373436 0 0 0 0 0.44479 0 0 0 0 0 0 0.076093 0.076093 0 0 0 0 0 0 0 0 0.506847 0 0.0572064 
0.15923 0.15923 0.128216 0.146629 0.146629 0 0 0 0 0 0 0.208564 0.213333 0.434344 0.552757 0 0 0 0 0.451073 0 0 0 0 0 0 0.087958 0.087958 0 0 0 0 0 0 0 0 0.513007 0 0.091144 
0.0943586 0.0943586 0.247273 0.282785 0.282785 0 0 0 0 0 0 0.146274 0.15 0.516655 0.691183 0 0 0 0 0.458763 0 0 0 0 0 0 0.0966353 0.0966353 0 0 0 0 0 0 0 0 0.52067 0 0.125918 
0.0294871 0.0294871 0.36633 0.41894 0.41894 0 0 0 0 0 0 0.1 0.1 0.550405 0.742938 0 0 0 0 0.462514 0 0 0 0 0 0 0.1 0.1 0 0 0 0 0 0 0 0 0.524427 0 0.15757 
0 0 0.457913 0.523675 0.523675 0 0 0 0 0 0 0.0701505 0.05875 0.509635 0.683157 0 0 0 0 0.4378 0 0 0 0 0 0 0.0936867 0.0936867 0 0 0 0 0 0 0 0 0.516526 0 0.194088 
0 0 0.494546 0.565568 0.565568 0 0 0 0 0 0 0.0511738 0.0216667 0.407708 0.544246 0 0 0 0 0.375723 0 0 0 0 0 0 0.0775753 0.0775753 0 0 0 0 0 0 0 0 0.493654 0 0.237026 
0 0 0.494546 0.565568 0.565568 0 0 0 0 0 0 0.0450225 0 0.275203 0.366341 0 0 0 0 0.294373 0 0 0 0 0 0 0.0559084 0.0559084 0 0 0 0 0 0 0 0 0.457056 0 0.272772 
0 0 0.494546 0.565568 0.565568 0 0 0 0 0 0 0.0536492 0 0.142698 0.189575 0 0 0 0 0.211846 0 0 0 0 0 0 0.0329284 0.0329284 0 0 0 0 0 0 0 0 0.386389 0 0.287712 
0 0 0.494546 0.565568 0.565568 0 0 0 0 0 0 0.108674 0.0791671 0.0407707 0.0540826 0 0 0 0.130001 0.0866509 0 0 0 0 0 0 0.012878 0.012878 0 0.0500003 0 0 0 0 0 0 0.309205 0 0.143855 
0 0 0.495876 0.568689 0.569733 0 0 0.00247534 0.00247534 0 0 0.2 0.2 0 0 0 0 0 0.3 0 0 0 0 0 0 0 0 0 0 0.2 0 0 0 0 0 0 0.288829 0 0 
0 0 0.499527 0.57728 0.581211 0 0 0.00919412 0.00919412 0 0 0.295231 0.3 0.0312932 0 0 0 0 0.361481 0 0 0 0 0 0 0 0 0 0 0.478958 0 0 0 0 0 0 0.319377 0 0 
0 0 0.504987 0.590189 0.598475 0 0 0.0190955 0.0190955 0 0 0.397616 0.4 0.106525 0 0 0 0 0.391852 0 0 0 0 0 0 0 0 0 0 0.802361 0 0 0 0 0 0 0.376108 0 0 
0 0 0.511745 0.606262 0.619998 0 0 0.0311186 0.0311186 0 0 0.5 0.5 0.197723 0 0.0395995 0 0 0.4 0 0 0 0 0 0 0 0 0 0 1 0 0 0 0 0 0 0.406656 0 0 
0 0 0.519289 0.624345 0.644255 0 0 0.0442025 0.0442025 0 0 0.6 0.6 0.35943 0 0.13367 0 0 0.327907 0 0 0.0286007 0 0 0 0 0 0 0 0.873994 0 0 0 0 0 0 0.406673 0 0.0666435 
0 0 0.527108 0.643284 0.669719 0 0 0.0572865 0.0572865 0 0 0.620264 0.620264 0.340795 0 0.245118 0 0 0.206129 0 0 0.0882134 0 0 0 0 0 0 0 0.590106 0 0 0 0 0 0 0.488185 0 0.157577 
0 0 0.534691 0.661926 0.694864 0 0 0.0693096 0.0693096 0 0 0.632449 0.632449 0.299798 0 0.336852 0 0 0.101889 0 0 0.139554 0 0 0 0 0 0 0 0.286765 0 0 0 0 0 0 0.518196 0 0.184837 
0 0 0.541525 0.679117 0.718163 0 0 0.079211 0.079211 0 0 0.631811 0.631811 0.258801 0 0.37178 0 0 0.0526068 0 0 0.16358 0 0 0 0 0 0 0 0.149963 0 0 0 0 0 0 0.538408 0 0.194321 
0 0 0.547101 0.693704 0.73809 0 0 0.0859298 0.0859298 0 0 0.613605 0.613605 0.240166 0 0.350619 0 0 0.0235632 0 0 0.17055 0 0 0 0 0 0 0 0.071003 0 0 0 0 0 0 0.556318 0 0.196657 
0 0 0.550906 0.704532 0.753119 0 0 0.0884051 0.0884051 0 0 0.578882 0.578882 0.261945 0 0.303576 0 0 0.00839745 0.0331069 0 0.165775 0 0 0 0 0 0 0 0.0271046 0 0 0 0 0 0 0.577109 0 0.203548 
0 0 0.553054 0.712374 0.764404 0 0 0.0884045 0.0884045 0 0 0.534019 0.534019 0.309858 0 0.237788 0 0 0.00158059 0.105942 0 0.152813 0 0 0 0 0 0 0 0.00566309 0 0 0 0 0 0 0.584477 0 0.21169 
0 0 0.554137 0.718855 0.774172 0 0 0.0884027 0.0884027 0 0 0.482267 0.482267 0.357771 0 0.16039 0 0 0 0.178777 0 0.133711 0 0 0 0 0 0 0 0 0 0 0 0 0 0 0.566913 0 0.218481 
0 0 0.554364 0.724102 0.782498 0 0 0.0883997 0.0883997 0 0 0.426874 0.426874 0.37955 0 0.0785204 0 0 0.0521412 0.211884 0 0.110517 0 0 0 0 0 0 0 0.0521412 0 0 0 0 0 0 0.525963 0 0.221322 
0 0 0.553944 0.728241 0.789462 0 0 0.0883955 0.0883955 0 0 0.371089 0.371089 0.299956 0.000684388 0 0 0 0.167807 0.196189 0 0.0852752 0 0 0 0 0.000714449 0.000714449 0 0.167807 0 0 0 0 0 0 0.446944 0 0.167773 
0 0 0.553086 0.731397 0.79514 0 0 0.0883902 0.0883902 0 0 0.318161 0.318161 0.220361 0.0699343 0 0 0 0.285862 0.156952 0 0.0600338 0 0 0 0 0.000914496 0.000914496 0 0.285862 0 0 0 0 0 0 0.367038 0 0.114223 
0 0 0.551999 0.733696 0.799612 0 0 0.0883839 0.0883839 0 0 0.271339 0.271339 0.238512 0.141227 0 0 0 0.39548 0.105943 0 0.036839 0 0 0 0 0.000771608 0.000771608 0 0.39548 0 0 0 0 0 0 0.323288 0 0.128537 
0 0 0.550891 0.735266 0.802954 0 0 0.0883764 0.0883764 0 0 0.233872 0.233872 0.283555 0.210971 0 0 0 0.465585 0.0549334 0 0.0177374 0 0 0 0 0.000457251 0.000457251 0 0.465585 0 0 0 0 0 0 0.30143 0 0.160029 
0 0 0.549972 0.736231 0.805246 0 0 0.088368 0.088368 0 0 0.20901 0.20901 0.341382 0.248931 0 0 0 0.5 0.0156955 0 0.00477552 0 0 0 0 0.000142893 0.000142893 0 0.5 0 0 0 0 0 0 0.306444 0 0.191521 
0 0 0.54945 0.736717 0.806563 0 0 0.0883586 0.0883586 0 0 0.2 0.2 0.397881 0.257513 0 0 0 0.496444 0 0 0 0 0 0 0 0 0 0 0.496444 0 0 0 0 0 0 0.317633 0 0.205835 
0 0 0.549534 0.736851 0.806985 0 0 0.0883482 0.0883482 0 0 0.188272 0.188272 0.458113 0.259607 0 0 0 0.47967 0 0 0 0 0 0 0 0 0 0 0.47967 0 0 0 0 0 0 0.318182 0 0.19829 
0 0 0.55024 0.737329 0.807576 0 0 0.0883369 0.0883369 0 0 0.158025 0.158025 0.529868 0.255699 0 0 0 0.440525 0 0 0 0 0 0 0 0 0 0 0.440525 0 0 0 0 0 0 0.318607 0 0.178473 
0 0 0.551355 0.738658 0.809221 0 0 0.0883246 0.0883246 0 0 0.116667 0.116667 0.603123 0.246279 0 0 0 0.341665 0 0 0 0 0 0 0 0 0 0 0.341665 0 0 0 0 0 0 0.317076 0 0.150614 
0 0 0.552749 0.740677 0.811724 0 0 0.0883116 0.0883116 0 0 0.0716049 0.0716049 0.667856 0.231835 0 0 0 0.193571 0 0 0 0 0 0 0 0 0 0 0.193571 0 0 0 0 0 0 0.311756 0 0.118944 
0 0 0.55429 0.743228 0.814892 0 0 0.0882977 0.0882977 0 0 0.0302469 0.0302469 0.714045 0.212853 0 0 0 0.0588226 0 0 0 0 0 0 0 0 0 0 0.0588226 0 0 0 0 0 0 0.300816 0 0.0876916 
0 0 0.555845 0.746152 0.818532 0 0 0.088283 0.088283 0 0 0 0 0.731669 0.189822 0 0 0 0 0 0 0 0 0 0 0 0 0 0 0 0 0 0 0 0 0 0.282423 0 0.0610871 
0 0 0.557284 0.74929 0.822448 0 0 0.0882675 0.0882675 0 0 0 0 0.507094 0.129545 0 0 0 0 0 0 0 0 0.121874 0.128584 0.0710596 0 0 0.0488292 0 0 0 0 0 0 0 0.199099 0 0.0367819 
0 0 0.558475 0.752483 0.826447 0 0 0.0882513 0.0882513 0 0 0 0 0.179835 0.0436812 0 0 0 0 0 0 0 0 0.354859 0.368278 0.175453 0 0 0.142103 0 0 0 0 0 0 0 0.0681694 0 0.0141488 
0 0 0.559286 0.755572 0.830335 0 0 0.0882344 0.0882344 0 0 0 0 0.115562 0 0 0 0 0 0 0 0 0 0.5 0.5 0.2 0 0 0.2 0 0 0 0 0 0 0 0 0 0 
0 0 0.559586 0.758398 0.833918 0 0 0.0882168 0.0882168 0 0 0.0104 0.0104 0.130105 0 0.00185428 0 0 0.0233302 0.0706311 0 0 0 0.139602 0.454928 0.160485 0 0 0.054407 0.0464 0 0 0 0 0 0 0.0817572 0 0 
0 0 0.562111 0.776379 0.844807 0 0 0.0881986 0.0881986 0 0 0.0202001 0.0202001 0.162098 0 0.0059337 0 0 0.0920546 0.124615 0 0 0 0.0671895 0.340643 0.108546 0 0 0.0282631 0.1632 0 0 0 0 0 0 0.262455 0 0 
0 0 0.567666 0.812505 0.864386 0 0 0.0881798 0.0881798 0 0 0.0348001 0.0348001 0.194091 0 0.0100131 0 0 0.204273 0.153084 0 0 0 0.0294528 0.202659 0.0563638 0 0 0.0102835 0.3168 0 0 0 0 0 0 0.445235 0 0 
0 0 0.573221 0.847971 0.883124 0 0 0.0881604 0.0881604 0 0 0.0596001 0.0596001 0.208634 0 0.0118674 0 0 0.424464 0.0765421 0 0 0 0.0060013 0.0864911 0.0161213 0 0 0 0.4736 0 0 0 0 0 0 0.533235 0 0 
0 0 0.575746 0.863972 0.891488 0 0 0.0881405 0.0881405 0 0 0.1 0.1 0.18432 0 0.00927151 0 0 0.68815 0 0 0 0 0 0.0376541 0 0 0 0.109829 0.6 0 0 0 0 0 0 0.536226 0 0 
0 0 0.559881 0.833311 0.859854 0 0 0.08812 0.08812 0 0 0.3 0.3 0.115655 0 0 0 0 0.8 0 0 0 0 0 0.0376541 0 0 0 0.1 0.6 0 0 0 0 0 0 0.510364 0 0 
0 0 0.52205 0.760197 0.78442 0 0 0.0880991 0.0880991 0 0 0.241875 0.241875 0.225979 0.0212966 0 0 0 0.658585 0 0 0 0 0 0.0317706 0 0 0 0.0720193 0.43875 0 0 0 0 0 0 0.419846 0 0.0032995 
0 0 0.476898 0.672932 0.694386 0 0 0.0880777 0.0880777 0 0 0.14 0.14 0.468692 0.0603542 0 0 0 0.385409 0 0 0 0 0 0.018827 0 0 0 0.0390172 0.24 0 0 0 0 0 0 0.41005 0 0.00666945 
0 0 0.439067 0.599819 0.618952 0 0 0.0880559 0.0880559 0 0 0.043125 0.043125 0.711405 0.119887 0 0 0 0.119528 0 0 0 0 0 0.00588345 0 0 0 0.0115064 0.0712501 0 0 0 0 0 0 0.373766 0 0.0112673 
0 0 0.423203 0.569158 0.587319 0 0 0.0880337 0.0880337 0 0 0 0 0.821729 0.230157 0 0 0 0 0 0 0 0 0 0 0 0 0 0 0 0 0 0 0 0 0 0.545244 0 0.0182505 
0 0 0.424063 0.571677 0.589923 0 0 0.0880112 0.0880112 0 0 0.00756887 0.00904625 0.796218 0.360902 0 0 0 0 0 0 0 0 0.15625 0.0176597 8.11974e-05 0 0 0.0918851 0 0 0 0 0 0 0 0.678975 0 0.0374577 
0 0 0.426358 0.578368 0.596838 0 0 0.0879884 0.0879884 0 0 0.0283429 0.0335137 0.715004 0.424054 0 0 0 0 0 0 0 0 0.5 0.0728195 0.000216526 0 0 0.294435 0 0 0 0 0 0 0 0.75 0 0.0513701 
0 0 0.429658 0.587932 0.606721 0 0 0.0879652 0.0879652 0 0 0.0594232 0.0693955 0.487507 0.358658 0 0 0 0 0 0 0 0 0.84375 0.208801 0.000243592 0 0 0.497992 0 0 0 0 0 0 0 0.744626 0 0.0461552 
0 0 0.433536 0.59907 0.61823 0 0 0.0879418 0.0879418 0 0 0.097911 0.112685 0.20538 0.22567 0 0 0 0 0 0 0 0 1 0.3 0 0 0 0.592899 0 0 0 0 0 0 0 0.729968 0 0.0361851 
0 0 0.437563 0.610483 0.63002 0 0 0.0879182 0.0879182 0 0 0.140907 0.159374 0.175969 0.119887 0 0 0 0 0 0 0 0 0.762963 0.20686 0 0 0 0.45291 0 0 0 0 0 0 0 0.70147 0 0.0238882 
0 0 0.44131 0.620872 0.640747 0 0 0.0878944 0.0878944 0 0 0.185513 0.205458 0.153899 0.0677274 0 0 0 0 0 0 0 0 0.303704 0.0567636 0 0 0 0.184746 0 0 0 0 0 0 0 0.667999 0 0.0116929 
0 0 0.445561 0.63201 0.652238 0 0 0.0878705 0.0878705 0 0 0.22883 0.246928 0.137553 0.0313827 0 0 0 0 0 0 0 0 0 0 0 0 0 0.0281988 0 0 0 0 0 0 0 0.651882 0 0.00202749 
0 0 0.450559 0.644689 0.665313 0 0 0.0878464 0.0878464 0 0 0.267958 0.279777 0.125312 0.00931847 0 0 0 0 0 0 0 0 0.18002 0.21502 0 0 0 0.211631 0 0 0 0 0 0 0 0.691326 0 0 
0 0 0.455069 0.656141 0.67712 0 0 0.0878222 0.0878222 0 0 0.3 0.3 0.11556 0 0 0 0 0 0 0 0 0 0.5 0.5 0 0 0 0.488853 0 0 0 0 0 0 0 0.720918 0 0 
0 0 0.457854 0.663598 0.684809 0 0 0.0877979 0.0877979 0 0 0.328541 0.305391 0.109658 0.011958 0 0 0 0 0 0 0.0133007 0 0.539763 0.539763 0.00724398 0.0145119 0.004157 0.528515 0 0 0 0 0 0 0 0.691735 0 0.0157093 
0 0 0.459377 0.668038 0.689391 0 0 0.0877737 0.0877737 0 0 0.357718 0.298664 0.124855 0.0474851 0 0 0 0 0.120144 0 0.0333818 0 0.290987 0.430293 0.00690632 0.0530949 0.0157202 0.282051 0 0 0 0 0 0 0 0.648769 0 0.0439103 
0 0 0.460916 0.672295 0.69379 0 0 0.0877494 0.0877494 0 0 0.385455 0.283187 0.156238 0.0956872 0 0 0 0 0.299638 0 0.0576501 0 0.0719859 0.289765 0.00516178 0.108317 0.033327 0.065658 0 0 0 0 0 0 0 0.599779 0 0.0777578 
0 0 0.462465 0.676385 0.698019 0 0 0.0877251 0.0877251 0 0 0.409678 0.262331 0.182504 0.175601 0 0 0 0 0.356111 0 0.083513 0 0.0195952 0.149996 0.00286166 0.172749 0.0556157 0.0158527 0 0 0 0 0 0 0 0.552521 0 0.110408 
0 0 0.464019 0.680321 0.702093 0 0 0.0877009 0.0877009 0 0 0.428311 0.239464 0.191744 0.26819 0 0 0 0 0.380621 0 0.108378 0 0.00469182 0.0428018 0.000857302 0.238961 0.0812241 0.00310145 0 0 0 0 0 0 0 0.514753 0 0.135017 
0 0 0.465571 0.684117 0.706026 0 0 0.0876768 0.0876768 0 0 0.43928 0.217955 0.192681 0.305454 0 0 0 0 0.392216 0 0.129651 0 0 0 0 0.299521 0.10879 0 0 0 0 0 0 0 0 0.494231 0 0.144741 
0 0 0.467115 0.687789 0.709831 0 0 0.0876529 0.0876529 0 0 0.440509 0.201174 0.176572 0.241828 0 0 0 0 0.399752 0 0.144741 0 0 0 0 0.347 0.136951 0 0 0 0 0 0 0 0 0.492633 0 0.144741 
0 0 0.468644 0.69135 0.713524 0 0 0.0876291 0.0876291 0 0 0.424914 0.18721 0.138381 0.122875 0 0 0 0 0.407041 0 0.152473 0 0 0 0 0.385043 0.173223 0 0 0 0 0 0 0 0 0.503645 0 0.144741 
0 0 0.470153 0.694814 0.717119 0 0 0.0876055 0.0876055 0 0 0.392006 0.17257 0.0933084 0.0172852 0 0 0 0 0.413621 0 0.154638 0 0 0 0 0.420855 0.220727 0 0 0 0 0 0 0 0 0.523038 0 0.144741 
0 0 0.471635 0.698196 0.720628 0 0 0.0875821 0.0875821 0 0 0.349607 0.15825 0.0565555 0 0.0601656 0 0 0 0.419035 0 0.153092 0 0 0 0 0.452346 0.271514 0 0 0 0 0 0 0 0 0.546584 0 0.144741 
0 0 0.473084 0.70151 0.724068 0 0 0.0875589 0.0875589 0 0 0.30554 0.145248 0.0296593 0 0.124263 0 0 0 0.422821 0 0.14969 0 0 0 0 0.477427 0.317633 0 0 0 0 0 0 0 0 0.570055 0 0.144741 
0 0 0.474494 0.70477 0.727452 0 0 0.0875361 0.0875361 0 0 0.267627 0.134559 0.00854569 0 0.150963 0 0 0 0.42452 0 0.146288 0 0 0 0 0.494009 0.351134 0 0 0 0 0 0 0 0 0.589221 0 0.144741 
0 0 0.475857 0.707991 0.730793 0 0 0.0875136 0.0875136 0 0 0.243692 0.127181 0 0 0.147265 0 0 0 0.423673 0 0.144741 0 0 0 0 0.5 0.364068 0 0 0 0 0 0 0 0 0.599855 0 0.144741 
0 0 0.477169 0.711186 0.734107 0 0 0.0874914 0.0874914 0 0 0.232544 0.122989 0.00183395 0 0.137274 0 0 0 0.418829 0 0.144741 0 0 0 0 0.500131 0.364264 0 0 0 0 0 0 0 0 0.60189 0 0.144741 
0 0 0.478423 0.714371 0.737407 0 0 0.0874696 0.0874696 0 0 0.226945 0.120884 0.00622082 0 0.122644 0 0 0 0.40952 0 0.144741 0 0 0 0 0.500478 0.364778 0 0 0 0 0 0 0 0 0.598166 0 0.144741 
0 0 0.479612 0.71756 0.740708 0 0 0.0874482 0.0874482 0 0 0.225642 0.120395 0.0114881 0 0.105031 0 0 0 0.396758 0 0.144741 0 0 0 0 0.500968 0.365506 0 0 0 0 0 0 0 0 0.588812 0 0.144741 
0 0 0.480731 0.720766 0.744024 0 0 0.0874273 0.0874273 0 0 0.227384 0.12105 0.0158473 0 0.0860874 0 0 0 0.381557 0 0.144741 0 0 0 0 0.50153 0.36634 0 0 0 0 0 0 0 0 0.573956 0 0.144741 
0 0 0.481773 0.724003 0.747369 0 0 0.0874069 0.0874069 0 0 0.230918 0.122378 0.0257502 0 0.0674697 0 0 0 0.364928 0 0.144741 0 0 0 0 0.502092 0.367173 0 0 0 0 0 0 0 0 0.553728 0 0.144741 
0 0 0.482732 0.727288 0.750757 0 0 0.0873869 0.0873869 0 0 0.234993 0.12391 0.0798965 0 0.0508319 0 0 0 0.321645 0 0.144741 0 0 0 0 0.502582 0.367901 0 0 0 0 0 0 0 0 0.462628 0 0.144741 
0 0 0.483601 0.730632 0.754203 0 0 0.0873675 0.0873675 0 0 0.238356 0.125175 0.163443 0 0.0309438 0 0 0 0.258685 0 0.144741 0 0 0 0.0621946 0.502928 0.368416 0 0 0 0 0 0 0 0 0.265844 0 0.144741 
0 0 0.484375 0.734052 0.75772 0 0 0.0873487 0.0873487 0 0 0.239755 0.125701 0.206764 0 0.00982391 0 0 0 0.176238 0 0.144741 0 0 0 0.165959 0.50306 0.368611 0 0 0 0 0 0 0 0 0.0736065 0 0.144741 
0 0 0.485046 0.73756 0.761323 0 0 0.0873305 0.0873305 0 0 0.119878 0.0628503 0.138071 0 0 0 0 0 0.016035 0 0.0723707 0 0.178222 0.178222 0.249419 0.25153 0.184305 0.249419 0 0 0 0 0 0 0 0.00978254 0 0.0723707 
0 0 0.48561 0.741172 0.765025 0 0 0.0873129 0.0873129 0 0 0 0 0.128628 0 0 0 0 0 0 0 0 0 0.2 0.2 0.276336 0 0 0.276336 0 0 0 0 0 0 0 0 0 0 
0 0 0.486059 0.744902 0.768842 0 0 0.087296 0.087296 0 0 0 0 0.0797012 0 0 0 0 0.175 0 0 0 0 0.16875 0.16875 0.233159 0 0 0.233159 0.2275 0 0 0 0 0 0 0.1212 0 0 
0 0 0.486388 0.748763 0.772788 0 0 0.0872798 0.0872798 0 0 0 0 0.0461023 0 0 0 0 0.35 0 0 0 0 0.1 0.1 0.138168 0 0 0.138168 0.455 0 0 0 0 0 0 0.291467 0 0 
0 0 0.48659 0.752771 0.776875 0 0 0.0872643 0.0872643 0 0 0 0 0.201322 0 0 0 0 0.175 0 0 0 0 0.03125 0.03125 0.0431775 0 0 0.0431775 0.35525 0 0 0 0 0 0 0.36653 0 0 
0 0 0.486659 0.756939 0.78112 0 0 0.0872496 0.0872496 0 0 0 0 0.356541 0 0 0 0 0 0 0 0 0 0 0 0 0 0 0 0.21 0 0 0 0 0 0 0.392528 0 0 
0 0 0.486963 0.761726 0.78597 0 0 0.0872357 0.0872357 0 0 0 0 0.320744 0 0 0 0 0 0 0 0 0 0.0518519 0.0518519 0.022761 0 0 0.0662637 0.115111 0 0 0 0 0 0 0.290761 0 0 
0 0 0.487814 0.767442 0.791732 0 0 0.0872227 0.0872227 0 0 0 0 0.246961 0 0 0 0 0 0 0 0 0 0.148148 0.148148 0.0725416 0 0 0.209843 0.0342222 0 0 0 0 0 0 0.101766 0 0 
0 0 0.489122 0.773883 0.7982 0 0 0.0872105 0.0872105 0 0 0 0 0.128628 0 0 0 0 0 0 0 0 0 0.2 0.2 0.121588 0 0 0.347918 0 0 0 0 0 0 0 0 0 0 
0 0 0.490795 0.780842 0.805174 0 0 0.0871991 0.0871991 0 0 0.067002 0.0677427 0.223802 0.113226 0 0 0 0 0 0 0.00941067 0 0.16875 0.169411 0.157712 0.0328123 0.0328123 0.430872 0 0 0 0 0 0 0 0.0127711 0 0 
0 0 0.492742 0.788114 0.812448 0 0 0.0871888 0.0871888 0 0 0.214563 0.216837 0.479333 0.326361 0 0 0 0 0 0 0.0329378 0 0.0999995 0.106252 0.122532 0.105001 0.105001 0.353754 0 0 0 0 0 0 0 0.045527 0 0 
0 0 0.494871 0.795493 0.819819 0 0 0.0871793 0.0871793 0 0 0.362508 0.366072 0.648255 0.449578 0 0 0 0 0 0 0.0635225 0 0.0312498 0.0534402 0.0715809 0.177188 0.177188 0.204825 0 0 0 0 0 0 0 0.0899295 0 0 
0 0 0.497091 0.802775 0.827085 0 0 0.0871709 0.0871709 0 0 0.485655 0.488955 0.510153 0.379643 0 0 0 0 0 0 0.0941072 0 0 0.0247705 0.0390041 0.21 0.21 0 0 0 0 0 0 0 0 0.137642 0 0 
0 0 0.499312 0.809752 0.834042 0 0 0.0871635 0.0871635 0 0 0.26711 0.268925 0.25368 0.219794 0 0 0 0 0.123591 0 0.117634 0 0 0.00644747 0.0115486 0.105 0.105 0 0 0 0 0 0 0 0 0.180327 0 0.0635223 
0 0 0.501441 0.81622 0.840486 0 0 0.0871571 0.0871571 0 0 0 0 0.115578 0.0899156 0 0 0 0 0.247183 0 0.127045 0 0 0 0 0 0 0 0 0 0 0 0 0 0 0.209649 0 0.127045 
0 0 0.503387 0.821973 0.846214 0 0 0.0871518 0.0871518 0 0 0 0 0.115576 0.0333021 0 0 0 0 0.183098 0 0.0941071 0 0.0326604 0.0354772 0.039593 0 0 0.162775 0 0 0 0 0 0 0 0.210463 0 0.0915474 
0 0 0.50506 0.826806 0.851024 0 0 0.0871477 0.0871477 0 0 0 0 0.115574 0.00666041 0 0 0 0 0.0640844 0 0.0329375 0 0.08 0.08 0.0848782 0 0 0.338967 0 0 0 0 0 0 0 0.191168 0 0.0278181 
0 0 0.506368 0.830512 0.854711 0 0 0.0871446 0.0871446 0 0 0 0 0.128296 0 0 0 0 0 0 0 0 0 0.0880757 0.0880757 0.0961634 0 0 0.352735 0 0 0 0 0 0 0 0.178742 0 0 
0 0 0.50722 0.832887 0.857072 0 0 0.0871428 0.0871428 0 0 0 0 0.148768 0.046414 0 0 0 0 0.0243672 0 0.0234966 0 0.0652412 0.0652412 0.0698101 0 0 0.320584 0 0 0 0 0 0 0 0.236073 0 0.0559746 
0 0 0.507524 0.833724 0.857904 0 0 0.0871422 0.0871422 0 0 0 0 0.169978 0.136798 0 0 0 0 0.156381 0 0.0713 0 0.0228344 0.0228344 0.0268914 0 0 0.130897 0 0 0 0 0 0 0 0.438741 0 0.14786 
0 0 0.485716 0.802461 0.825602 0 0 0.0833978 0.0833978 0 0 0 0 0.179753 0.197865 0 0 0 0 0.247195 0 0.109381 0 0 0 0 0 0 0 0 0 0 0 0 0 0 0.600201 0 0.196156 
0.00559751 0.00559751 0.428224 0.720039 0.740441 0 0 0.0735263 0.0735263 0 0 0 0 0.146521 0.166442 0 0 0 0 0.247195 0 0.118756 0 0 0 0 0 0 0 0 0 0 0 0 0 0 0.651948 0 0.196156 
0.0205977 0.0205977 0.346941 0.603511 0.620041 0 0 0.0595699 0.0595699 0 0 0 0 0.11264 0.109897 0 0 0 0 0.247195 0 0.109381 0 0 0 0 0 0 0 0 0 0 0 0 0 0 0.67056 0 0.196156 
0.0488192 0.0488192 0.253763 0.469931 0.482021 0 0 0.0435712 0.0435712 0 0 0 0 0.175856 0.0803771 0 0.0842396 0 0 0.221487 0 0.0880046 0 0.0259999 0.018056 0 0 0 0.0166153 0 0 0 0 0 0 0 0.658815 0 0.178466 
0.0942545 0.0942545 0.160585 0.33635 0.344001 0 0 0.0275725 0.0275725 0 0 0 0 0.193372 0.0508615 0 0.285119 0 0 0.160183 0 0.0596283 0 0.0879996 0.0611119 0 0 0 0.0582457 0 0 0 0 0 0 0 0.619173 0 0.14116 
0.353692 0.353692 0.0793004 0.219821 0.223599 0.0751864 0.0751864 0.0136159 0.0136159 0 0 0 0 0.142307 0.0251157 0 0.524881 0 0 0.0870122 0 0.0310015 0 0.162 0.132306 0 0 0 0.112569 0 0 0.0544453 0.0544453 0.0544453 0.0544453 0 0.544456 0 0.0871263 
0.777484 0.777484 0.0218076 0.137399 0.138438 0.214815 0.214815 0.00374438 0.00374438 0 0 0 0 0.0715635 0.0069066 0 0.72576 0 0 0.0257081 0 0.00887541 0 0.224 0.21214 0 0 0 0.167262 0 0 0.155556 0.155556 0.155556 0.155556 0 0.458472 0 0.0278788 
1 1 0 0.106136 0.106136 0.29 0.29 0 0 0 0 0 0 0.0131039 0 0 0.81 0 0 0 0 0 0 0.25 0.25 0 0 0 0.21 0 0 0.21 0.21 0.21 0.21 0 0.415315 0 0 
1 1 0 0.106136 0.106136 0.29 0.29 0 0 0 0 0 0 0 0 0 0.75 0 0 0 0 0 0 0.239258 0.239258 0 0 0 0.230131 0 0 0.203275 0.203275 0.203275 0.203275 0 0.423096 0 0 
1 1 0 0.106136 0.106136 0.29 0.29 0 0 0 0 0 0 0.0102673 0 0 0.6 0 0 0 0 0 0 0.210938 0.210938 0 0 0 0.228579 0 0 0.18537 0.18537 0.18537 0.18537 0 0.448952 0 0 
1 1 0 0.106136 0.106136 0.29 0.29 0 0 0 0 0 0 0.0413248 0 0 0.405 0 0 0 0 0 0 0.170898 0.170898 0 0 0 0.216259 0 0 0.159688 0.159688 0.159688 0.159688 0 0.485515 0 0 
0.946209 0.946209 0 0.106136 0.106136 0.27481 0.27481 0 0 0 0 0 0 0.152279 0 0 0.21 0 0 0 0 0 0 0.125 0.125 0 0 0 0.20121 0 0 0.12963 0.12963 0.12963 0.12963 0 0.525416 0 0 
0.827869 0.827869 0 0.106136 0.106136 0.241391 0.241391 0 0 0 0 0 0 0.314777 0 0 0.06 0 0 0 0 0 0 0.0791016 0.0791016 0 0 0 0.184158 0.0446267 0 0.0985995 0.0985995 0.0985995 0.0985995 0 0.561289 0 0 
0.709528 0.709528 0 0.106136 0.106136 0.207973 0.207973 0 0 0 0 0 0 0.398012 0 0 0 0 0 0 0 0 0 0.0390625 0.0390625 0 0 0 0.165826 0.172531 0 0.07 0.07 0.07 0.07 0 0.585765 0 0 
0.655737 0.655737 0 0.106136 0.106136 0.192782 0.192782 0 0 0 0 0 0 0.29508 0 0 0 0 0 0 0 0 0 0.0107422 0.0107422 0 0 0 0.146937 0.300809 0 0.0275 0.0275 0.0275 0.0275 0 0.569907 0 0 
0.655697 0.655697 0 0.106136 0.106136 0.192728 0.192728 0 0 0 0 0 0 0.192149 0 0 0 0 0 0 0 0 0 0 0 0 0 0 0.128218 0.36 0 0 0 0 0 0 0.545888 0 0 
0.655592 0.655592 0 0.106136 0.106136 0.192576 0.192576 0 0 0 0 0 0 0.197278 0 0 0 0 0 0 0 0 0 0.0185184 0 0 0 0 0.110391 0.323516 0 0.00843747 0.00843747 0.00843747 0.00843747 0 0.548141 0 0 
0.655442 0.655442 0 0.106136 0.106136 0.192344 0.192344 0 0 0 0 0 0 0.21022 0 0 0 0 0 0 0 0 0 0.0648146 0 0 0 0 0.0941819 0.234356 0 0.0242221 0.0242221 0.0242221 0.0242221 0 0.553539 0 0 
0.655266 0.655266 0 0.106136 0.106136 0.192047 0.192047 0 0 0 0 0 0 0.227312 0 0 0 0 0 0 0 0 0 0.125 0 0 0 0 0.0803138 0.127438 0 0.0443123 0.0443123 0.0443123 0.0443123 0 0.560039 0 0 
0.655086 0.655086 0 0.106136 0.106136 0.191702 0.191702 0 0 0 0 0 0 0.244887 0 0 0 0 0 0 0 0 0 0.185185 0 0 0 0 0.0695112 0.0376798 0 0.0656665 0.0656665 0.0656665 0.0656665 0 0.565599 0 0 
0.654922 0.654922 0 0.106136 0.106136 0.191326 0.191326 0 0 0 0 0 0 0.259282 0 0 0 0 0 0 0 0 0 0.231482 0 0 0 0 0.0624985 0 0 0.0852431 0.0852431 0.0852431 0.0852431 0 0.568177 0 0 
0.654794 0.654794 0 0.106136 0.106136 0.190935 0.190935 0 0 0 0 0 0 0.26683 0 0 0 0 0.0108942 0 0 0 0 0.25 0 0 0 0 0.06 0.0108942 0 0.1 0.1 0.1 0.1 0 0.565729 0 0 
0.654722 0.654722 0 0.106136 0.106136 0.190546 0.190546 0 0 0 0 0 0 0.256643 0 0 0 0 0.0335126 0 0 0 0 0.25 0 0 0 0 0.06 0.0335126 0 0.111355 0.111355 0.110297 0.110297 0 0.547402 0 0 
0.654727 0.654727 0 0.106136 0.106136 0.190174 0.190174 0 0 0 0 0 0 0.233732 0 0 0 0 0.0874322 0 0 0 0 0.25 0 0 0 0 0.06 0.0874322 0 0.122546 0.122546 0.118842 0.118842 0 0.517145 0 0 
0.654828 0.654828 0 0.106136 0.106136 0.189838 0.189838 0 0 0 0 0 0 0.218282 0 0 0 0 0.13 0 0 0 0 0.25 0 0 0 0 0.06 0.13 0 0.133259 0.133259 0.126116 0.126116 0 0.495114 0 0 
0.655047 0.655047 0 0.106136 0.106136 0.189552 0.189552 0 0 0 0 0 0 0.218983 0 0 0 0 0.110408 0.00784546 0 0 0 0.25 0 0 0 0 0.06 0.110408 0 0.143182 0.143182 0.1326 0.1326 0 0.485965 0 0 
0.655404 0.655404 0 0.106136 0.106136 0.189335 0.189335 0 0 0 0 0 0 0.227146 0 0 0 0 0.0697056 0.0274591 0 0 0 0.25 0 0 0 0 0.06 0.0697056 0 0.152003 0.152003 0.138775 0.138775 0 0.480096 0 0 
0.655919 0.655919 0 0.106136 0.106136 0.189201 0.189201 0 0 0 0 0 0 0.236886 0 0 0 0 0.0372362 0.0529569 0 0 0 0.25 0 0 0 0 0.06 0.0372362 0 0.159407 0.159407 0.145122 0.145122 0 0.476284 0 0 
0.656612 0.656612 0 0.106136 0.106136 0.189169 0.189169 0 0 0 0 0 0 0.249195 0 0 0 0 0.0209716 0.0784546 0 0 0 0.25 0 0 0 0 0.06 0.0209716 0 0.165084 0.165084 0.152121 0.152121 0 0.473305 0 0 
0.657504 0.657504 0 0.106136 0.106136 0.189253 0.189253 0 0 0 0 0 0 0.263082 0 0 0 0 0.0093324 0.0980683 0 0 0 0.25 0 0 0 0 0.06 0.0093324 0 0.168719 0.168719 0.160253 0.160253 0 0.469937 0 0 
0.658615 0.658615 0 0.106136 0.106136 0.189472 0.189472 0 0 0 0 0 0 0.26968 0 0 0 0 0.00233602 0.105914 0 0 0 0.25 0 0 0 0 0.06 0.00233602 0 0.17 0.17 0.17 0.17 0 0.464954 0 0 
0.659965 0.659965 0 0.106136 0.106136 0.18984 0.18984 0 0 0 0 0 0 0.225725 0 0 0 0 0 0.0529569 0 0 0 0.36846 0.212917 0 0 0 0.05376 0 0 0.15232 0.15232 0.185177 0.185177 0 0.341656 0 0 
0.661574 0.661574 0 0.106136 0.106136 0.190376 0.190376 0 0 0 0 0 0 0.140706 0 0 0 0 0.00515714 0 0 0 0 0.536339 0.506503 0 0 0 0.0388801 0 0 0.11016 0.11016 0.205874 0.205874 0 0.119166 0 0 
0.663464 0.663464 0 0.106136 0.106136 0.191094 0.191094 0 0 0 0 0 0 0.0233021 0 0 0 0 0.0184028 0 0 0 0 0.615552 0.616259 0 0 0 0.0211201 0 0 0.0598404 0.0598404 0.226983 0.226983 0 0 0 0 
0.665654 0.665654 0 0.106136 0.106136 0.192013 0.192013 0 0 0 0 0 0 0.00268191 0 0 0 0 0.0363985 0 0 0 0 0.645347 0.645347 0 0 0 0.00624013 0 0 0.0176804 0.0176804 0.243394 0.243394 0 0 0 0 
0.668164 0.668164 0 0.106136 0.106136 0.193148 0.193148 0 0 0 0 0 0 0 0 0 0 0 0.0558059 0 0 0 0 0.645347 0.645347 0 0 0 0 0 0 0 0 0.25 0.25 0 0 0 0 
0.671016 0.671016 0 0.106136 0.106136 0.194516 0.194516 0 0 0 0 0 0 0 0 0 0 1.59985e-05 0.0789407 0.000329996 0 0 0 0.645347 0.645347 0.00518519 0 0 0.00518519 0 0 0.000920584 0.000920584 0.249617 0.249617 0 0.00415514 0 0 
0.674228 0.674228 0 0.106136 0.106136 0.196133 0.196133 0 0 0 0 0 0 1.73944e-06 0 0 0 0 0.107486 0.00129683 0 0 0 0.645347 0.645347 0.0148148 0 0 0.0148148 0 0 0.00361367 0.00361367 0.248503 0.248503 0 0.0160942 0 0 
0.677823 0.677823 0 0.106136 0.106136 0.198016 0.198016 0 0 0 0 0 0 6.01863e-05 0 0 0 0 0.137153 0.00286575 0 0 0 0.645347 0.645347 0.02 0 0 0.02 0 0 0.00797628 0.00797628 0.246712 0.246712 0 0.0350274 0 0 
0.821407 0.821407 0 0.106136 0.106136 0.239252 0.239252 0 0 0 0 0 0 0.000207038 0 0 0 0 0.163653 0.00500204 0 0 0 0.645347 0.645347 0.0199408 0 0 0.019942 0 0 0.0139054 0.0139054 0.244299 0.244299 0 0.0601653 0 0 
0.995314 0.995314 0 0.106136 0.106136 0.288677 0.288677 0 0 0 0 0 0 0.00047981 0 0 0 0 0.182699 0.00767096 0 0 0 0.645347 0.645347 0.019768 0 0 0.0197724 0 0 0.0212981 0.0212981 0.241318 0.241318 0 0.0907182 0 0 
1 1 0 0.106136 0.106136 0.297196 0.297196 0 0 0 0 0 0 0.000916016 0 0 0 0 0.19 0.0108378 0 0 0 0.642079 0.642079 0.0194886 0 0 0.0194982 0 0 0.0300512 0.0300512 0.237822 0.237822 0 0.125897 0 0 
1 1 0 0.106136 0.106136 0.293745 0.293745 0 0 0 0 0 0 0.00155317 0 0 0 0 0.189504 0.0144677 0 0 0 0.632649 0.632649 0.0191098 0 0 0.0191261 0 0 0.040062 0.040062 0.233867 0.233867 0 0.164911 0 0 
1 1 0 0.106136 0.106136 0.29 0.29 0 0 0 0 0 0 0.00242881 0 0 0 0 0.188059 0.0185261 0 0 0 0.617617 0.617617 0.0186386 0 0 0.0186629 0 0 0.0512274 0.0512274 0.229505 0.229505 0 0.206972 0 0 
0.961652 0.961652 0 0.106136 0.106136 0.279253 0.279253 0 0 0 0 0 0 0.0035804 0 0 0 0 0.185732 0.0229781 0 0 0 0.597544 0.597544 0.0180823 0 0 0.0181156 0 0 0.0634441 0.0634441 0.224792 0.224792 0 0.251288 0 0 
0.869817 0.869817 0 0.106136 0.106136 0.253256 0.253256 0 0 0 0 0 0 0.00504552 0 0 0 0 0.182588 0.0277892 0 0 0 0.572988 0.572988 0.0174478 0 0 0.0174909 0 0 0.0766097 0.0766097 0.219781 0.219781 0 0.297072 0 0 
0.759318 0.759318 0 0.106136 0.106136 0.221374 0.221374 0 0 0 0 0 0 0.0068616 0 0 0 0 0.178695 0.0329243 0 0 0 0.544512 0.544512 0.0167423 0 0 0.0167956 0 0 0.0906205 0.0906205 0.214527 0.214527 0 0.343533 0 0 
0.664968 0.664968 0 0.106136 0.106136 0.192971 0.192971 0 0 0 0 0 0 0.00906627 0 0 0 0 0.174118 0.0383491 0 0 0 0.512673 0.512673 0.0159729 0 0 0.0160366 0 0 0.105374 0.105374 0.209083 0.209083 0 0.389882 0 0 
0.621592 0.621592 0 0.106136 0.106136 0.177413 0.177413 0 0 0 0 0 0 0.0116969 0 0 0 0 0.168923 0.0440284 0 0 0 0.478035 0.478035 0.0151467 0 0 0.0152208 0 0 0.120767 0.120767 0.203504 0.203504 0 0.435328 0 0 
0.615492 0.615492 0 0.106136 0.106136 0.172393 0.172393 0 0 0 0 0 0 0.0147912 0 0 0 0 0.163177 0.0499279 0 0 0 0.441155 0.441155 0.0142707 0 0 0.0143548 0 0 0.136697 0.136697 0.197844 0.197844 0 0.479084 0 0 
0.609338 0.609338 0 0.106136 0.106136 0.168634 0.168634 0 0 0 0 0 0 0.0183864 0 0 0 0 0.156945 0.0560125 0 0 0 0.402595 0.402595 0.0133522 0 0 0.0134456 0 0 0.15306 0.15306 0.192156 0.192156 0 0.520358 0 0 
0.602485 0.602485 0 0.106136 0.106136 0.165038 0.165038 0 0 0 0 0 0 0.0225204 0 0 0 0 0.150294 0.0622477 0 0 0 0.362914 0.362914 0.0123982 0 0 0.0125 0 0 0.169754 0.169754 0.186496 0.186496 0 0.558362 0 0 
0.594293 0.594293 0 0.106136 0.106136 0.16051 0.16051 0 0 0 0 0 0 0.0272303 0 0 0 0 0.143291 0.0685986 0 0 0 0.322674 0.322674 0.0114159 0 0 0.0115248 0 0 0.186676 0.186676 0.180917 0.180917 0 0.592304 0 0 
0.584117 0.584117 0 0.106136 0.106136 0.153953 0.153953 0 0 0 0 0 0 0.032554 0 0 0 0 0.136 0.0750308 0 0 0 0.282433 0.282433 0.0104122 0 0 0.0105269 0 0 0.203722 0.203722 0.175473 0.175473 0 0.621397 0 0 
0.516087 0.516087 0.00261508 0.108751 0.108751 0.132863 0.132863 0 0 0 0 0 0 0.0385286 0 0 0 0 0.128489 0.081509 0 0 0 0.242753 0.242753 0.00939442 0 0 0.00951299 0 0 0.22079 0.22079 0.170219 0.170219 0 0.64485 0 0 
0.370314 0.370314 0.00915301 0.115289 0.115289 0.094047 0.094047 0 0 0 0 0 0 0.0479165 0 0 0 0 0.120824 0.087999 0 0 0 0.204192 0.204192 0.00836952 0 0 0.00848999 0 0 0.237777 0.237777 0.165208 0.165208 0 0.664413 0 0 
0.20015 0.20015 0.0176521 0.123788 0.123788 0.0503826 0.0503826 0 0 0 0 0 0 0.0627769 0 0 0 0 0.11307 0.0944657 0 0 0 0.167313 0.167313 0.00734469 0 0 0.00746474 0 0 0.254578 0.254578 0.160495 0.160495 0 0.682555 0 0 
0.0589284 0.0589284 0.0261515 0.132287 0.132287 0.0147415 0.0147415 0 0 0 0 0 0 0.0820948 0 0 0 0 0.105295 0.100875 0 0 0 0.132674 0.132674 0.00632698 0.0083888 0.0083888 0.00644402 0 0 0.271093 0.271093 0.156133 0.156133 0 0.699572 0 0 
0 0 0.0326894 0.138825 0.138825 0 0 0 0 0 0 0 0 0.104854 0 0 0 0 0.097563 0.107191 0 0 0 0.100835 0.100835 0.00532352 0.0293094 0.0293094 0.00543468 0 0 0.287218 0.287218 0.152178 0.152178 0 0.715761 0 0 
0 0 0.0353045 0.14144 0.14144 0 0 0 0 0 0 0 0 0.130038 0 0 0 0 0.0899418 0.11338 0 0 0 0.072359 0.072359 0.00434144 0.0563924 0.0563924 0.00444357 0 0 0.302849 0.302849 0.148682 0.148682 0 0.731414 0 0 
0 0 0.0353045 0.14144 0.14144 0 0 0 0 0 0 0 0 0.156634 0 0 0 0 0.0824969 0.119407 0 0 0 0.0478034 0.0478034 0.00338779 0.0832708 0.0832708 0.00347746 0 0 0.317884 0.317884 0.145701 0.145701 0 0.746829 0 0 
0 0 0.0353045 0.14144 0.14144 0 0 0 0 0 0 0 0 0.183622 0 0 0 0 0.0752949 0.125236 0 0 0 0.0277299 0.0277299 0.00246974 0.112247 0.112247 0.00254325 0 0 0.332219 0.332219 0.143288 0.143288 0 0.762299 0 0 
0 0 0.0353045 0.14144 0.14144 0 0 0 0 0 0 0 0 0.20999 0 0 0 0 0.0684014 0.130835 0 0 0 0.0126978 0.0126978 0.00159434 0.145386 0.145386 0.0016477 0 0 0.345753 0.345753 0.141497 0.141497 0 0.77812 0 0 
0 0 0.0353045 0.14144 0.14144 0 0 0 0 0 0 0 0 0.234721 0 0 0 0 0.0618832 0.136167 0 0 0 0.0032679 0.0032679 0.000768741 0.175953 0.175953 0.000797689 0 0 0.35838 0.35838 0.140383 0.140383 0 0.794588 0 0 
0 0 0.0353045 0.14144 0.14144 0 0 0 0 0 0 0 0 0.256799 0 0 0 0 0.0558059 0.141198 0 0 0 0 0 0 0.19722 0.19722 0 0 0 0.37 0.37 0.14 0.14 0 0.811997 0 0 
0 0 0.0353045 0.14144 0.14144 0 0 0 0 0 0 0 0 0.272504 0 0 0 0 0.0558059 0.141198 0 0 0 0 0 0 0.210738 0.210738 0 0 0 0.380203 0.380203 0.14 0.14 0 0.836149 0 0 
0 0 0.0353045 0.14144 0.14144 0 0 0 0 0 0 0 0 0.283485 0 0 0 0 0.0558059 0.141198 0 0 0 0 0 0 0.222533 0.222533 0 0 0 0.388716 0.388716 0.14 0.14 0 0.86059 0 0 
0 0 0.0353045 0.14144 0.14144 0 0 0 0 0 0 0 0 0.294678 0 0 0 0 0.0558059 0.141198 0 0 0 0 0 0 0.232579 0.232579 0 0 0 0.395642 0.395642 0.14 0.14 0 0.878482 0 0 
0 0 0.0389075 0.145324 0.145324 0 0 0 0 0 0 0 0 0.304815 0 0 0 0 0.0558059 0.141198 0 0 0 0 0 0 0.240853 0.240853 0 0 0 0.401081 0.401081 0.14 0.14 0 0.893824 0 0 
0 0 0.0474989 0.154584 0.154584 0 0 0 0 0 0 0 0 0.311622 0 0 0 0 0.0558059 0.141198 0 0 0 0 0 0 0.24733 0.24733 0 0 0 0.405135 0.405135 0.14 0.14 0 0.904784 0 0 
0 0 0.0577534 0.165637 0.165637 0 0 0 0 0 0 0 0 0.31495 0 0 0 0 0.0558059 0.141198 0 0 0 0 0 0 0.251986 0.251986 0 0 0 0.407905 0.407905 0.14 0.14 0 0.909643 0 0 
0 0 0.0663448 0.174897 0.174897 0 0 0 0 0 0 0 0 0.31654 0 0 0 0 0.0558059 0.141198 0 0 0 0 0 0 0.254798 0.254798 0 0 0 0.409493 0.409493 0.14 0.14 0 0.910121 0 0 
0 0 0.0699478 0.178781 0.178781 0 0 0 0 0 0 0 0 0.316947 0 0 0 0 0.0558059 0.141198 0 0 0 0 0 0 0.25574 0.25574 0 0 0 0.41 0.41 0.14 0.14 0 0.909541 0 0 
