0.59375 0.59375 0.00665001 0.00665001 0.00665001 0.124688 0.124688 0 0 0 0 0.795192 0.795192 0.117105 0 0 0 0 0.925926 0.0327954 0 0 0 0 0.00471552 0 0 0 0 1 0 0.415532 0.415532 0.0155319 0.0155319 0 1 0 0 
1 1 0.0448876 0.0448876 0.0448876 0.374063 0.374063 0 0 0 0 0.759429 0.759429 0.0632367 0 0 0 0 0.5 0.221369 0 0 0 0 0.0378516 0 0 0 0 1 0 0.505872 0.505872 0.105872 0.105872 0 1 0 0 
1 1 0.0831251 0.0831251 0.0831251 0.423902 0.423902 0 0 0 0 0.694816 0.694816 0.0093684 0 0 0 0 0.0740741 0.409942 0 0 0 0 0.0923987 0 0 0 0 0.826638 0 0.599882 0.599882 0.199882 0.199882 0 1 0 0 
1 1 0.087062 0.087062 0.087062 0.314001 0.314001 0 0 0 0 0.608565 0.608565 0.0934454 0 0 0 0 0 0.37356 0 0 0 0.0155102 0.156122 0 0 0 0.0322435 0.582104 0 0.624121 0.624121 0.223447 0.223447 0 1 0 0 
0.519129 0.519129 0.069738 0.069738 0.069738 0.1099 0.1099 0 0 0 0 0.507889 0.507889 0.504605 0 0 0 0 0 0.0691778 0 0 0 0.110204 0.216787 0 0 0 0.229098 0.318995 0 0.624484 0.624484 0.219424 0.219424 0 1 0 0 
0 0 0.046287 0.046287 0.046287 0 0 0 0 0 0 0.4 0.4 0.455157 0 0 0 0 0 0 0 0 0 0.22449 0.262157 0 0 0 0.466682 0.0948195 0 0.615259 0.615259 0.204016 0.204016 0 0.771522 0 0 
0 0 0.0283924 0.0283924 0.0283924 0 0 0 0 0 0 0.292111 0.292111 0.20697 0 0 0 0 0 0 0 0 0 0.28 0.28 0 0 0 0.58208 0 0 0.597551 0.597551 0.181025 0.181025 0 0.437032 0 0 
0 0 0.0180207 0.0180207 0.0180207 0 0 0 0 0 0 0.191435 0.191435 0.308331 0 0 0 0 0 0 0 0 0 0.0725925 0.0725925 0 0 0 0.528837 0 0 0.572464 0.572464 0.154251 0.154251 0 0.545215 0 0 
0 0 0.00962537 0.00962537 0.00962537 0 0 0 0 0 0 0.105184 0.105184 0.496572 0 0 0 0 0 0 0 0 0 0.0207408 0.0207408 0 0 0 0.0596871 0 0 0.541103 0.541103 0.127499 0.127499 0 0.686211 0 0 
0 0 0.00362035 0.00362035 0.00362035 0 0 0 0 0 0 0.040571 0.040571 0.597933 0 0 0 0 0 0 0 0 0 0.14 0.14 0 0 0 0.321811 0 0 0.50457 0.50457 0.10457 0.10457 0 0.638752 0 0 
0 0 0.000419506 0.000419506 0.000419506 0 0 0 0 0 0 0.00480841 0.00480841 0.239461 0 0 0 0 0 0 0 0 0 0.259259 0.259259 0 0 0 0.680333 0 0 0.393514 0.393514 0.0785883 0.0785883 0 0.456271 0 0 
0 0 0 0 0 0 0 0.0834314 0.0736433 0.0696305 0.0696305 0 0 0.288711 0 0 0 0 0 0.0327892 0 0 0 0.207407 0.207407 0.00153979 0 0 0.789571 0 0 0.192254 0.192254 0.03818 0.03818 0 0.476988 0 0 
0 0 0 0 0 0 0 0.557644 0.474717 0.462612 0.462612 0 0 0.62082 0 0 0 0 0 0.126472 0 0 0 0 0 0.0126531 0 0 0 0 0 0 0 0 0 0 0.828273 0 0 
0 0 0 0 0 0 0 1 0.796237 0.829303 0.829303 0.180945 0.180945 0.714661 0 0 0 0 0 0.113319 0 0 0 0.0134431 0 0.0318 0 0 0.0156174 0.158427 0 0 0 0 0 0 1 0 0 
0 0 0.116395 0 0 0 0 1 0.878925 0.97318 0.97318 0.697932 0.697932 0.781949 0 0 0 0 0 0.0819542 0 0 0 0.0476269 0 0.0557672 0 0 0.0575361 0.72 0 0 0 0 0 0 1 0 0 
0 0 0.771385 0 0 0 0 1 0.919354 1 1 0.684809 0.684809 0.581463 0 0 0 0 0.20416 0.0445183 0 0 0 0.0933334 0.0253385 0.0813411 0 0 0.118356 0.915905 0 0 0 0 0 0 1 0 0 
0.0142837 0.0142837 1 0 0 0.0242963 0.0242963 1 0.94401 1 1 0.654844 0.654844 0.209134 0 0 0 0 0.51968 0.0131532 0 0 0 0.141344 0.0837271 0.105308 0 0 0.190678 1 0 0 0 0 0 0 0.88249 0 0 
0.0768204 0.0768197 1 0 0.000299027 0.139129 0.139132 1 0.960485 1 1 0.622142 0.622142 0.00864817 0 0 0 0 0.546652 0 0 0 0 0.182442 0.148726 0.124455 0 0 0.267101 0.956399 0 0 0 0 0 0 0.672943 0 0 
0.147553 0.147551 1 0 0.00117825 0.269172 0.269178 1 0.972694 1 1 0.600809 0.600809 0.019329 0 0 0 0 0.347432 0 0 0 0 0.207407 0.193894 0.135568 0 0 0.340225 0.598957 0 0 0 0 0 0 0.499617 0 0 
0.204663 0.204661 1 0 0.00261087 0.370968 0.370974 1 0.98455 1 1 0.618911 0.618911 0.0541904 0 0 0 0 0.12164 0 0 0 0 0.21096 0.20078 0.137108 0 0 0.415881 0.201734 0 0 0 0 0 0 0.463518 0 0 
0.240664 0.240662 1 0 0.00457009 0.428523 0.428531 1 0.999634 1 1 0.702271 0.702271 0.11746 0 0 0 0 0.0240525 0 0 0 0 0.21096 0.20078 0.137108 0 0 0.514119 0.0438855 0 0 0 0 0 0 0.463518 0 0 
0.265849 0.265847 1 0 0.00702914 0.463223 0.463232 1 1 1 1 0.691972 0.691972 0.247883 0 0 0 0 0.00113273 0.0632008 0 0 0 0.301585 0.20078 0.137108 0.0449682 0.0449682 0.533237 0.00315451 0 0 0 0 0 0 0.463518 0 0 
0.285065 0.285064 1 0 0.0099612 0.487676 0.487681 1 1 1 1 0.566347 0.566347 0.489996 0 0 0 0 0 0.395278 0 0 0 0.700335 0.630409 0.0355467 0.286599 0.286599 0.533237 0 0 0 0 0 0 0 0.766668 0 0 
0.301549 0.301551 1 0 0.0133395 0.511032 0.511025 1 1 1 1 0.575049 0.575049 0.463605 0 0 0 0 0 0.680255 0 0 0 0.79096 0.78078 0 0.499659 0.499659 0.533237 0 0 0 0 0 0 0 1 0 0 
0.311076 0.311084 1 0 0.0171372 0.524494 0.524466 1 1 1 1 0.718077 0.718077 0.168709 0 0 0 0 0 0.91813 0 0 0 0.79096 0.78078 0 0.684148 0.684148 0.533237 0 0 0 0 0 0 0 1 0 0 
0.31839 0.318405 1 0 0.0213276 0.535528 0.535473 1 1 1 1 0.77224 0.77224 0.0911581 0 0 0 0 0 0.957339 0 0 0 0.79096 0.78078 0 0.877771 0.877771 0.533237 0 0 0 0 0 0 0 1 0 0 
0.329908 0.329932 1 0 0.0258838 0.554985 0.554899 1 1 1 1 0.768981 0.768981 0.10685 0 0 0 0 0 0.9404 0 0 0 0.79096 0.78078 0 1 1 0.533237 0 0 0 0 0 0 0 1 0 0 
0.346273 0.346305 1 0 0.0307791 0.583388 0.583269 1 1 1 1 0.750679 0.750679 0.142555 0 0 0 0 0 0.916024 0 0 0 0.79096 0.78078 0 1 1 0.533237 0 0 0 0 0 0 0 1 0 0 
0.363686 0.363727 1 0 0.0359867 0.613743 0.613592 1 1 1 1 0.740357 0.740357 0.110972 0 0 0 0 0 0.894128 0 0 0 0.79096 0.78078 0 1 1 0.533237 0 0 0 0 0 0 0 1 0 0 
0.381908 0.381958 1 0 0.0414798 0.645618 0.645436 1 1 1 1 0.761034 0.761034 0.080574 0 0 0 0 0 0.884625 0 0 0 0.79096 0.78078 0 1 1 0.533237 0 0 0 0 0 0 0 1 0 0 
0.400699 0.400758 1 0 0.0472315 0.678583 0.67837 1 1 1 1 1 1 0.119748 0.0773973 0 0 0 0 0.89198 0 0 0 0.802899 0.727382 0 1 1 0.533237 0 0 0 0 0 0 0 1 0 0 
0.419822 0.419888 1 0 0.0532151 0.712208 0.711964 1 1 1 1 1 1 0.370318 0.314168 0 0 0 0 0.907291 0 0 0 0.836197 0.617443 0 1 1 0.533237 0 0 0 0 0 0 0 1 0 0 
0.439035 0.43911 1 0 0.0594038 0.746063 0.745786 1 1 1 1 0.998671 0.998671 0.504012 0.681564 0 0 0 0 0.920432 0 0 0 0.88708 0.526352 0 1 1 0.533237 0 0 0 0 0 0 0 1 0 0 
0.4581 0.458184 1 0 0.0657709 0.779716 0.779407 1 1 1 1 0.971104 0.971104 0.473737 0.877975 0 0 0 0.0227711 0.921102 0 0 0 0.951772 0.55848 0 1 1 0.533237 0.0227711 0 0 0 0 0 0 1 0 0 
0.476777 0.47687 1 0 0.0722894 0.812738 0.812395 1 1 1 1 0.951966 0.951966 0.298909 0.790202 0 0 0 0.139854 0.907316 0 0 0 1 0.845723 0 1 1 0.533237 0.139854 0 0 0 0 0 0 1 0 0 
0.494827 0.49493 1 0 0.0789327 0.844698 0.84432 1 1 1 1 0.974112 0.974112 0.120624 0.615258 0 0 0 0.217372 0.892206 0 0 0 1 1 0 1 1 0.533237 0.217372 0 0 0 0 0 0 1 0 0 
0.512011 0.512125 1 0 0.0856739 0.875165 0.87475 1 1 1 1 1 1 0.0925708 0.461762 0 0 0 0.208521 0.884528 0 0 0 1 1 0 1 1 0.533237 0.208521 0 0 0 0 0 0 1 0 0 
0.52809 0.528214 1 0 0.0924862 0.90371 0.903256 1 1 1 1 1 1 0.157945 0.28762 0 0 0 0.112601 0.884528 0 0 0 1 1 0 1 1 0.538571 0.112601 0 0 0 0 0 0 1 0 0 
0.542824 0.542959 1 0 0.0993429 0.929901 0.929406 1 1 1 1 1 1 0.183572 0.122273 0 0 0 0.0166818 0.884528 0 0 0 1 1 0 1 1 0.518204 0.0166818 0 0 0 0 0 0 1 0 0 
0.555973 0.55612 1 0 0.106217 0.953309 0.952769 1 1 1 1 1 1 0.165887 0.0156669 0 0 0 0 0.884528 0 0 0 1 1 0 1 1 0.476831 0 0 0 0 0 0 0 1 0 0 
0.567244 0.567404 1 0 0.113082 0.973434 0.972845 1 1 1 1 1 1 0.138555 0 0 0 0 0 0.884528 0 0 0 1 1 0 1 1 0.435712 0 0 0 0 0 0 0 1 0 0 
0.576255 0.576433 1 0 0.119911 0.989755 0.989103 1 1 1 1 1 1 0.142471 0 0 0 0 0 0.884528 0 0 0 1 0.942604 0 1 1 0.413237 0 0 0 0 0.00769341 0.00769341 0 1 0 0 
0.583198 0.583397 1 0 0.126677 1 1 1 1 1 1 1 1 0.206507 0 0 0 0 0 0.884528 0 0 0 1 0.883557 0 1 1 0.413811 0 0 0 0 0.061117 0.061117 0 1 0 0 
0.58834 0.588562 1 0 0.133354 1 1 1 1 1 1 1 1 0.311333 0 0 0 0 0 0.884528 0 0 0 1 0.827389 0 1 1 0.425795 0 0 0 0 0.147204 0.147204 0 1 0 0 
0.591948 0.592193 1 0 0.139914 1 1 1 1 1 1 1 1 0.432688 0 0 0 0 0 0.884528 0 0 0 1 0.771985 0 1 1 0.443526 0 0 0 0 0.244291 0.244291 0 1 0 0 
0.594289 0.594556 1 0 0.146331 1 1 1 1 1 1 1 1 0.546315 0 0 0 0 0 0.884528 0 0 0 1 0.71523 0 1 1 0.461335 0 0 0 0 0.330714 0.330714 0 1 0 0 
0.595629 0.595917 1 0 0.152578 1 1 1 1 1 1 1 1 0.626999 0 0 0 0 0 0.884528 0 0 0 1 0.651051 0 1 1 0.473557 0 0 0 0 0.387947 0.387947 0 1 0 0 
0.596237 0.596542 1 0 0.158628 1 1 1 1 1 1 1 1 0.67057 0 0 0 0 0 0.884528 0 0 0 1 0.570292 0 1 1 0.476908 0 0 0 0 0.422204 0.422204 0 1 0 0 
0.596378 0.596697 1 0 0.164455 1 1 1 1 1 1 1 1 0.696091 0 0 0 0 0 0.884528 0 0 0 1 0.509579 0 1 1 0.475233 0 0 0 0 0.438127 0.438127 0 1 0 0 
0.596321 0.596647 1 0 0.170031 1 1 1 1 1 1 0.99864 0.99864 0.717307 0 0 0 0 0 0.881224 0 0 0 1 0.5 0 1 1 0.473557 0 0 0 0 0.438356 0.438356 0 1 0 0 
0.59271 0.593034 1 0 0.17533 1 1 1 1 1 1 0.948953 0.948953 0.743158 0 0 0 0 0 0.856242 0 0 0 1 0.5 0 1 1 0.470832 0 0 0 0 0.425929 0.425929 0 1 0 0 
0.567333 0.567642 1 0 0.180325 0.97997 0.978838 1 1 1 1 0.891579 0.891579 0.793665 0 0 0 0 0 0.809985 0 0 0 1 0.5 0 1 1 0.463225 0 0 0 0 0.402919 0.402919 0 1 0 0 
0.52516 0.525444 1 0 0.184989 0.9072 0.90616 1 1 1 1 0.828437 0.828437 0.848456 0 0 0 0 0 0.74632 0 0 0 1 0.5 0 1 1 0.451583 0 0 0 0 0.37125 0.37125 0 1 0 0 
0.475146 0.475402 1 0 0.189296 0.820897 0.81996 1 1 1 1 0.761445 0.761445 0.87414 0 0 0 0 0 0.669118 0 0 0 1 0.5 0 1 1 0.436757 0 0 0 0 0.332846 0.332846 0 1 0 0 
0.426244 0.426474 1 0 0.193219 0.736509 0.735665 1 1 1 1 0.692523 0.692523 0.873601 0 0.0120246 0 0 0 0.582244 0 0 0 1 0.5 0 1 1 0.419595 0 0 0 0 0.289632 0.289632 0 1 0 0 
0.387408 0.387622 1 0 0.19673 0.669484 0.668701 1 1 1 1 0.623591 0.623591 0.867241 0 0.0942577 0 0 0 0.489569 0 0 0 1 0.5 0 1 1 0.400947 0 0 0 0 0.243531 0.243531 0 1 0 0 
0.367594 0.367806 1 0 0.199804 0.635271 0.634493 1 1 1 1 0.556568 0.556568 0.847947 0 0.223038 0 0 0 0.394959 0 0 0 1 0.5 0 1 1 0.381662 0 0 0 0 0.196469 0.196469 0 1 0 0 
0.374902 0.375135 1 0 0.20243 0.647844 0.646988 1 1 1 1 0.493374 0.493374 0.80135 0 0.361127 0 0 0 0.302284 0 0 0.0168305 1 0.5 0 1 1 0.362589 0 0 0 0 0.150368 0.150368 0 1 0 0 
0.403786 0.404061 1 0 0.204637 0.697632 0.696624 1 1 1 1 0.435926 0.435926 0.706444 0 0.471289 0 0 0 0.21541 0 0 0.134764 1 0.5 0 1 1 0.344578 0 0 0 0 0.107154 0.107154 0 1 0 0 
0.442726 0.443051 1 0 0.206449 0.764763 0.763569 1 1 1 1 0.386145 0.386145 0.628054 0 0.516284 0 0 0 0.138207 0 0 0.327926 1 0.5 0 1 1 0.328478 0 0 0 0 0.0687499 0.0687499 0 1 0 0 
0.4802 0.480575 1 0 0.207893 0.829366 0.827991 1 1 1 1 0.345951 0.345951 0.534318 0 0.413931 0 0 0 0.0745433 0 0 0.551754 1 0.5 0 1 1 0.315138 0 0 0 0 0.0370809 0.0370809 0 1 0 0 
0.504688 0.5051 1 0 0.208995 0.87157 0.870058 1 1 1 1 0.317262 0.317262 0.250194 0 0.203202 0 0 0 0.0282862 0 0 0.761687 1 0.5 0 1 1 0.305407 0 0 0 0 0.0140707 0.0140707 0 1 0 0 
0.505771 0.506199 1 0 0.209782 0.873388 0.871817 1 1 1 1 0.301998 0.301998 0.0685733 0 0.0285988 0 0 0 0.00330408 0 0 0.902925 1 0.5 0 1 1 0.300135 0 0 0 0 0.00164358 0.00164358 0 1 0 0 
0.485939 0.486364 1 0 0.210279 0.839041 0.837481 1 1 1 1 0.3 0.3 0.0651739 0 0 0 0 0 0 0 0 0.912636 1 0.5 0 1 1 0.308556 0 0 0 0 0 0 0 1 0 0 
0.453673 0.454084 1 0 0.210513 0.783232 0.781726 1 1 1 1 0.3 0.3 0.0778533 0 0 0 0 0 0 0 0 0.859551 1 0.5 0 1 1 0.366398 0 0 0 0 0 0 0 1 0 0 
0.417175 0.417567 1 0 0.21051 0.720204 0.718765 1 1 1 1 0.3 0.3 0.0985927 0 0 0 0 0 0 0 0 0.76826 1 0.5 0 1 1 0.443459 0 0 0 0 0 0 0 1 0 0 
0.384645 0.385023 1 0 0.210297 0.664195 0.66281 1 1 1 1 0.3 0.3 0.123007 0 0 0 0 0 0 0 0 0.654293 1 0.5 0 1 1 0.499436 0 0 0 0 0 0 0 1 0 0 
0.363755 0.364129 1 0 0.209898 0.628647 0.627275 1 1 1 1 0.368681 0.368681 0.317627 0 0 0 0 0 0 0 0 0.392838 1 0.218359 0 1 1 0.523686 0 0 0 0 0 0 0 1 0 0 
0.353671 0.354052 1 0 0.209341 0.612505 0.611106 1 1 1 1 0.519781 0.519781 0.372167 0 0 0 0 0 0 0 0 0.330904 0.834707 0.163588 0 1 1 0.535436 0 0 0 0 0 0 0 1 0 0 
0.347117 0.347508 1 0 0.208652 0.602411 0.600976 1 1 1 1 0.67088 0.67088 0.176111 0 0 0 0 0 0 0 0 0.398486 1 0.377245 0 1 1 0.539186 0 0 0 0 0 0 0 1 0 0 
0.337575 0.337971 1 0 0.207857 0.586323 0.584869 1 1 1 1 0.739561 0.739561 0.124577 0 0 0 0 0 0 0 0 0.470097 1 0.520439 0 1 1 0.539436 0 0 0 0 0 0 0 1 0 0 
0.326002 0.3264 1 0 0.206982 0.566339 0.564881 1 1 1 1 0.739149 0.739149 0.441389 0.134316 0 0 0 0.00850496 0 0 0 0.527755 1 0.531486 0 1 1 0.547905 0 0 0 0 0 0 0 1 0 0 
0.313809 0.314207 1 0 0.206054 0.54511 0.543651 1 1 1 1 0.738133 0.738133 0.94719 0.383757 0 0 0 0.0347624 0 0 0 0.589432 1 0.542353 0 1 1 0.568149 0 0 0 0 0 0 0 1 0 0 
0.301873 0.302272 1 0 0.205098 0.524244 0.522785 1 1 1 1 0.736843 0.736843 0.718834 0.518071 0 0 0 0.0798865 0 0 0 0.642755 1 0.552374 0 1 1 0.592421 0 0 0 0 0 0 0 1 0 0 
0.291073 0.291473 1 0 0.20414 0.505352 0.503886 1 1 1 1 0.735607 0.735607 0.36592 0.33571 0 0 0 0.144992 0 0 0 0.675346 1 0.560882 0 1 1 0.612974 0 0 0 0 0 0 0 1 0 0 
0.282288 0.282693 1 0 0.203208 0.490042 0.488557 1 1 1 1 0.734756 0.734756 0.311875 0.0538794 0 0 0 0.268149 0 0 0 0.650781 1 0.567212 0 1 1 0.623039 0 0 0 0 0 0 0 1 0 0 
0.276395 0.276809 1 0 0.202326 0.479924 0.478403 1 1 1 1 0.734618 0.734618 0.406585 0 0.00391818 0 0 0.509543 0 0 0 0.464844 1 0.570696 0 1 1 0.624951 0 0 0 0 0 0 0 1 0 0 
0.277878 0.278314 1 0 0.201522 0.483049 0.481449 1 1 1 1 0.735525 0.735525 0.563596 0 0.065712 0 0 0.549365 0 0 0 0.215157 1 0.571445 0 0.985264 0.985264 0.622745 0 0 0 0 0 0 0 1 0 0 
0.286769 0.287239 1 0 0.200822 0.499364 0.49764 1 1 1 1 0.737804 0.737804 0.873842 0 0.272637 0 0 0.310473 0 0 0 0.0292186 1 0.552988 0 0.928307 0.928307 0.619951 0 0 0 0 0 0 0 1 0 0 
0.297271 0.297777 1 0 0.200251 0.51832 0.516464 1 1 1 1 0.747187 0.747187 0.956014 0 0.413226 0 0 0.194516 0 0 0 0 1 0.451212 0 1 1 0.577634 0.0265889 0 0 0 0 0 0 1 0.00212803 0.00753597 
0.302969 0.303503 1 0 0.199836 0.527897 0.525943 1 1 1 1 0.775085 0.775085 0.495779 0 0.262513 0 0 0.296726 0 0 0 0 1 0.264737 0 1 1 0.366742 0.188921 0 0 0 0 0 0 1 0.0169848 0.0600729 
0.305541 0.306094 1 0 0.199603 0.530699 0.528669 1 1 1 1 0.739424 0.739424 0.171157 0 0.0418073 0 0 0.420084 0 0 0 0 0.378051 0.0951945 0 1 1 0.241517 0.38484 0 0 0 0 0 0 1 0.0411593 0.145339 
0.324704 0.325315 1 0 0.199579 0.565912 0.563672 1 1 1 1 0.62 0.62 0.0498607 0 0 0 0 0.48 0 0 0 0 0 0 0 1 1 0.2 0.48 0 0 0 0 0 0 1 0.0688716 0.242666 
0.357234 0.357932 1 0 0.199789 0.626634 0.624076 1 1 1 1 0.738025 0.661333 0.0878803 0 0 0 0 0.24 0.193762 0 0 0 0 0.00493546 0 1 1 0.08 0.24 0 0 0 0 0 0 1 0.0943419 0.331384 
0.391776 0.392564 1 0 0.200259 0.691491 0.688599 1 1 1 1 0.892024 0.720218 0.158309 0 0 0 0 0 0.479887 0 0 0 0 0.0170188 0 0.722231 0.875952 0 0 0 0 0 0 0 0 0.854404 0.112821 0.39448 
0.417923 0.418785 1 0 0.201017 0.74126 0.738099 1 1 1 1 0.953256 0.756538 0.240555 0 0 0 0 0 0.623867 0 0 0 0 0.0321656 0.0108239 0.794871 0.951217 0.0231399 0 0 0 0 0 0 0 0.873357 0.127405 0.442816 
0.420126 0.42101 1 0 0.202087 0.747672 0.744432 1 1 1 1 0.993466 0.789426 0.332541 0 0 0 0 0 0.632488 0 0 0 0 0.0462913 0.0355728 0.95451 1 0.0764712 0 0 0 0 0 0 0 0.940557 0.140224 0.483904 
0.384056 0.384879 1 0 0.203497 0.685314 0.682299 1 1 1 1 1 0.810084 0.396587 0 0 0 0 0 0.567572 0 0 0 0 0.0553113 0.0626619 1 1 0.13586 0 0 0 0 0 0 0 1 0.152676 0.522668 
0.363022 0.363819 1 0 0.205272 0.648779 0.645857 1 1 1 1 1 0.813078 0.406162 0 0 0 0 0 0.558632 0 0 0 0 0.0566303 0.0813798 1 1 0.175098 0 0 0 0 0 0 0 1 0.167059 0.562425 
0.376148 0.376997 1 0 0.207426 0.672126 0.669012 1 1 1 1 1 0.813078 0.392342 0 0 0 0 0 0.599303 0 0 0 0 0.0566303 0.0916378 1 1 0.211597 0 0 0 0 0 0 0 0.978641 0.166378 0.55477 
0.39844 0.399362 1 0 0.209895 0.711339 0.707956 1 1 1 1 1 0.813078 0.271823 0 0 0 0 0 0.387122 0 0 0 0.171111 0.213059 0.099521 0.978962 1 0.31276 0 0 0 0 0 0 0 0.816464 0.134745 0.450526 
0.425165 0.426172 1 0 0.212649 0.758284 0.754594 1 1 1 1 1 0.813078 0.113843 0 0 0 0 0 0.0750573 0 0 0 0.488889 0.503571 0.105971 0.847805 1 0.426203 0 0 0 0 0 0 0 0.644797 0.096567 0.324714 
0.451593 0.452683 1 0 0.215672 0.804828 0.800832 1 1 1 1 1 0.813078 0.0747733 0 0 0 0 0 0 0 0 0 0.66 0.66 0.108643 0.785842 0.96 0.48 0 0 0 0 0 0 0 0.592253 0.0780236 0.263606 
0.472991 0.474154 1 0 0.218945 0.842836 0.838574 1 1 1 1 1 0.823041 0.284059 0 0 0 0 0 0.171327 0 0 0 0.44469 0.553841 0.102352 0.997496 1 0.305915 0 0 0 0 0 0 0 0.403362 0.136641 0.367945 
0.484525 0.48574 1 0 0.22245 0.865865 0.861408 1 1 1 1 1 0.825129 0.397915 0 0 0 0 0 0.297336 0 0 0 0.296073 0.477588 0.0932969 1 1 0.189115 0 0 0 0 0 0 0 0.560092 0.174332 0.442464 
0.484193 0.485449 1 0 0.22617 0.879792 0.875187 1 1 1 1 1 0.817813 0.4197 0 0 0 0 0 0.344828 0 0 0 0.255128 0.453691 0.0847696 1 1 0.162476 0 0 0 0 0 0 0 0.648518 0.179393 0.467111 
0.475715 0.477003 1 0 0.230087 0.888085 0.883363 1 1 1 1 1 0.813078 0.422999 0 0 0 0 0 0.358678 0 0 0 0.248022 0.439937 0.0734638 1 1 0.160285 0 0 0 0 0 0 0 0.658216 0.181067 0.473197 
0.463284 0.4646 1 0 0.234182 0.892953 0.88813 1 1 1 1 0.881962 0.679318 0.344317 0 0 0 0 0 0.232424 0 0 0.194385 0.393038 0.42727 0.0527696 1 1 0.229675 0 0 0 0 0 0 0 0.666039 0.150815 0.409132 
0.451094 0.452435 1 0 0.238438 0.896606 0.891687 1 1 1 1 0.675242 0.472598 0.222717 0 0 0 0 0 0.0373026 0 0 0.35081 0.617154 0.421057 0.0322912 0.822011 0.998027 0.338017 0 0 0 0 0 0 0 0.671354 0.0943652 0.298352 
0.443338 0.444707 1 0 0.242837 0.901252 0.89623 1 1 1 1 0.635485 0.432841 0.201047 0 0 0 0 0 0 0 0 0.360482 0.66 0.420293 0.028818 0.810216 0.984373 0.362161 0 0 0 0 0 0 0 0.671303 0.0704585 0.244081 
0.444209 0.445612 1 0 0.247362 0.9091 0.903955 1 1 1 1 0.633893 0.43125 0.345646 0 0 0 0 0 0 0 0 0.317776 0.66 0.420293 0.0293401 0.95902 1 0.367799 0 0 0 0 0 0 0 0.66558 0.0579215 0.20899 
0.457902 0.459347 1 0 0.251994 0.92236 0.91706 1 1 1 1 0.631489 0.428846 0.695585 0 0 0 0 0 0 0 0 0.131414 0.66 0.420293 0.0301287 1 1 0.374582 0 0 0 0 0 0 0 0.656934 0.0482862 0.178531 
0.488609 0.490109 1 0 0.256715 0.943241 0.937741 1 1 1 1 0.629085 0.426441 0.897533 0 0 0 0 0 0 0 0 0 0.66 0.420293 0.0309173 1 1 0.381776 0 0 0 0 0 0 0 0.648288 0.0408856 0.151927 
0.540524 0.542094 1 0 0.261508 0.973951 0.968195 1 1 1 1 0.627493 0.42485 0.861111 0 0 0 0 0 0 0 0 0.0602085 0.66 0.420293 0.0314394 1 1 0.388649 0 0 0 0 0 0 0 0.642565 0.0350525 0.128401 
0.894566 0.896393 1 0 0.266354 1 1 1 1 1 1 0.627527 0.424884 0.727897 0 0 0 0 0 0 0 0 0.183519 0.66 0.420293 0.0314283 1 1 0.394466 0 0 0 0 0 0 0 0.642687 0.0301196 0.107179 
1 1 1 0 0.271237 1 1 1 1 1 1 0.629999 0.427356 0.35367 0 0 0 0 0 0 0 0 0.305069 0.66 0.420293 0.0306174 0.859414 1 0.398494 0 0 0 0 0 0 0 0.651576 0.0254199 0.0874829 
1 1 1 0 0.276137 1 1 1 1 1 1 0.635722 0.433078 0.19947 0 0 0 0 0.0989001 0 0 0 0.36 0.66 0.420293 0.0287403 0.785842 0.96 0.4 0.0989001 0 0 0 0 0 0 0.672156 0.0202861 0.0685375 
0.782614 0.784798 1 0 0.281038 1 1 1 1 1 1 0.654859 0.452216 0.351034 0 0 0 0 0.2852 0 0 0 0.266667 0.48889 0.311328 0.0228438 0.858631 1 0.399588 0.2852 0 0 0 0 0 0 0.758918 0.0150032 0.050689 
0.527732 0.529839 1 0 0.285921 1 1 1 1 1 1 0.686696 0.484052 0.254898 0 0 0 0 0.410003 0 0 0 0.093333 0.17111 0.108964 0.0131205 1 1 0.399176 0.410003 0 0 0 0 0 0 0.891347 0.010364 0.0350151 
0.402068 0.403851 1 0 0.290769 1 1 1 1 1 1 0.715722 0.513078 0.149514 0 0 0 0 0.46 0 0 0 0 0 0 0.00402206 1 1 0.4 0.46 0 0 0 0 0 0 0.959843 0.00646348 0.0218371 
0.347182 0.348649 1 0 0.295563 0.863624 0.858247 1 1 1 1 0.725528 0.522885 0.245579 0 0 0 0 0.46863 0.0685477 0 0 0 0.0506515 0 0 1 1 0.402742 0.46863 0 0 0 0 0 0 0.907858 0.00339662 0.0114756 
0.320432 0.321805 1 0 0.300286 0.796165 0.791132 1 1 1 1 0.842838 0.640194 0.190964 0 0 0 0 0.475487 0.0651198 0 0 0 0.168173 0.0693949 0 1 1 0.406565 0.475487 0 0 0 0 0 0 0.958059 0.0012584 0.00425155 
0.303026 0.304335 1 0 0.30492 0.747429 0.742627 1 1 1 1 0.960692 0.758048 0.155991 0 0 0 0 0.479452 0.0468926 0 0 0 0.300913 0.210493 0 1 1 0.410428 0.479452 0 0 0 0 0 0 1 0.000143779 0.000485764 
0.292985 0.294258 1 0 0.309447 0.714748 0.710079 1 1 1 1 0.981215 0.778571 0.210104 0 0 0 0 0.432519 0.0317232 0 0 0 0.412012 0.347654 0 1 1 0.413538 0.432519 0 0 0 0 0 0 1 0 0 
0.288329 0.28959 1 0 0.313849 0.695455 0.690831 1 1 1 1 0.981215 0.778571 0.373831 0 0 0 0 0.187605 0.0147937 0 0 0 0.535348 0.522614 0 1 1 0.416232 0.187605 0 0 0 0 0 0 0.926833 0 0 
0.287079 0.288348 1 0 0.318108 0.68688 0.682228 1 1 1 1 0.981215 0.778571 0.0947576 0 0 0 0 0.0200626 0.0020186 0 0 0 0.625863 0.640354 0 1 1 0.417428 0.0200626 0 0 0 0 0 0 0.815266 0 0 
0.288617 0.289916 1 0 0.322207 0.689491 0.68473 1 1 1 1 0.979177 0.775776 0.0993912 0 0 0 0 0 0 0 0 0 0.54 0.524448 0 1 1 0.340334 0 0 0 0 0 0 0 0.637059 0 0 
0.298326 0.299699 1 0 0.326127 0.716009 0.710973 1 1 1 1 0.964144 0.755821 0.258672 0 0.0644077 0 0 0 0 0 0 0 0.1 0.0948159 0 0.916099 1 0.0630249 0 0 0 0 0 0 0 0.643287 0 0 
0.313519 0.314997 1 0 0.329852 0.758169 0.752752 1 1 1 1 0.937329 0.722064 0.403245 0 0.40131 0 0 0 0 0 0 0 0.0370586 0 0 0.808978 0.968183 0.0249254 0 0 0 0 0 0 0 0.656495 0 0 
0.33006 0.331648 1 0 0.333362 0.804195 0.798373 1 1 1 1 0.902122 0.680924 0.853956 0 0.619305 0 0 0 0 0 0 0 0.293123 0 0 0.671326 0.789579 0.188436 0 0 0 0 0 0 0 0.668385 0 0 
0.343812 0.345495 1 0 0.33664 0.84231 0.836141 1 1 1 1 0.861912 0.638821 1 0 0.458745 0 0 0 0 0 0 0 0.701996 0 0 0.527577 0.599106 0.423732 0 0 0 0 0 0 0 0.679999 0 0 
0.350638 0.352376 1 0 0.339668 0.860735 0.854363 1 1 1 1 0.820091 0.602175 0.864657 0 0.160561 0.203268 0 0 0 0 0 0 1 0.0999974 0 0.404926 0.434708 0.6351 0 0 0 0 0 0 0 0.732483 0 0 
0.338446 0.340135 1 0 0.342428 0.826302 0.82011 1 1 1 1 0.780048 0.577405 0.0938918 0 0 0.928704 0 0 0 0 0 0 1 0.539997 0 0.33057 0.334327 0.726825 0 0 0 0 0 0 0 0.92114 0 0 
0.284752 0.286159 1 0 0.344903 0.676959 0.671798 1 1 1 1 0.721655 0.58103 0.0819585 0 0 1 0 0 0.0855597 0 0 0 1 0.573441 0 0.367839 0.367839 0.605317 0 0 0 0 0 0 0 0.934532 0 0 
0.252562 0.253804 1 0 0.347118 0.579106 0.574555 1 1 1 1 0.653045 0.605248 0.308715 0 0 1 0 0 0.533113 0 0 0 1 0.225281 0 0.618079 0.618079 0.43278 0 0 0.00667062 0.0102367 0.00667062 0.0101906 0 0.783428 0 0 
0.25887 0.260154 1 0 0.349118 0.580016 0.575307 1 1 1 1 0.62 0.62 0.500827 0 0 1 0 0 0.822707 0 0 0 0.723168 0 0 0.78 0.78 0.305052 0 0 0.0225775 0.0346473 0.0225775 0.0344911 0 0.685654 0 0 
0.270493 0.271849 1 0 0.350912 0.594227 0.589256 1 1 1 1 0.588889 0.588889 0.331956 0 0 1 0 0 0.749624 0 0 0 0.805309 0 0 0.78 0.78 0.256073 0 0 0.0415632 0.0637826 0.0415632 0.0634951 0 0.689464 0 0 
0.286398 0.287848 1 0 0.352512 0.619113 0.613796 1 1 1 1 0.531111 0.531111 0.281532 0 0 1 0 0.0335165 0.589014 0 0 0 0.957859 0 0 0.78 0.78 0.247482 0.0335165 0 0.0574703 0.0881937 0.0574703 0.087796 0 0.708514 0 0 
0.305549 0.307111 1 0 0.353927 0.652043 0.646316 1 1 1 1 0.5 0.5 0.306339 0 0 1 0 0.246799 0.428846 0 0 0 1 0 0 0.78 0.78 0.250921 0.246799 0 0.064141 0.0984304 0.064141 0.0979866 0 0.75423 0 0 
0.326913 0.328599 1 0 0.35517 0.690391 0.684208 1 1 1 1 0.624759 0.572222 0.265681 0 0.0483856 0.755556 0 0.533205 0.269701 0 0 0 0.862887 0.00875303 0 0.881097 0.908309 0.292695 0.533205 0 0.0475118 0.0729114 0.0475118 0.0725827 0 0.978608 0 0 
0.349454 0.351272 1 0 0.356249 0.731529 0.724865 1 1 1 1 0.856455 0.706349 0.190173 0 0.160147 0.264444 0 0.746485 0.110994 0 0 0 0.533963 0.0292134 0 1 1 0.370275 0.746485 0 0.0166291 0.025519 0.0166291 0.0254039 0 1 0 0 
0.372139 0.37409 1 0 0.357176 0.772828 0.765676 1 1 1 1 0.981215 0.778571 0.149514 0 0.28519 0 0 0.766864 0.0389347 0 0 0 0.35685 0.0526829 0 1 1 0.412049 0.766864 0 0 0 0 0 0 1 0 0 
0.396076 0.398168 1 0 0.357961 0.816705 0.809036 1 1 1 1 0.981215 0.778571 0.153391 0 0.453513 0 0 0.674555 0.04606 0 0 0 0.3593 0.0875631 0 1 1 0.400872 0.674555 0 0 0 0 0 0 1 0 0 
0.429668 0.431957 1 0 0.358614 0.883038 0.874644 1 1 1 1 0.981215 0.778571 0.241723 0 0.554605 0 0 0.522603 0.0656242 0 0 0 0.366261 0.143475 0 1 1 0.370477 0.522603 0 0 0 0 0 0 1 0 0 
0.465284 0.467783 1 0 0.359146 0.954404 0.945238 1 1 1 1 0.981215 0.778571 0.327445 0 0.627818 0 0 0.345088 0.0949098 0 0 0 0.377152 0.213551 0 1 1 0.325568 0.345088 0 0 0 0 0 0 1 0 0 
0.49277 0.495435 1 0 0.359568 1 0.997699 1 1 1 1 0.981215 0.778571 0.255544 0 0.696274 0 0 0.176094 0.131199 0 0 0 0.391391 0.290921 0 1 1 0.27085 0.176094 0 0 0 0 0 0 1 0 0 
0.511155 0.513933 1 0 0.35989 1 1 1 1 1 1 0.981215 0.778571 0.183643 0 0.75605 0 0 0.049704 0.171775 0 0 0 0.408395 0.368717 0 1 1 0.211027 0.049704 0 0 0 0 0 0 1 0 0 
0.525899 0.52877 1 0 0.360123 1 1 1 1 1 1 0.981215 0.778571 0.289988 0 0.803223 0 0 0 0.21392 0 0 0 0.427582 0.440072 0 1 1 0.150804 0 0 0 0 0 0 0 0.986917 0 0 
0.536495 0.539437 1 0 0.360276 1 1 1 1 1 1 0.981215 0.778571 0.454341 0 0.83387 0 0 0.00192876 0.254915 0 0 0 0.44837 0.498116 0 1 1 0.0948857 0.00671605 0 0 0 0 0 0 0.913281 0 0 
0.542438 0.545427 1 0 0.360362 1 1 1 1 1 1 0.979478 0.776834 0.455987 0 0.846881 0 0 0.00745775 0.300323 0 0 0 0.470176 0.538668 0 0.990119 1 0.0479758 0.0258253 0 0.00133494 0.00247556 0.00133494 0.00246616 0 0.878034 0 0 
0.543612 0.546626 1 0 0.360389 1 1 1 1 1 1 0.973399 0.770755 0.300237 0 0.85638 0 0 0.0162011 0.371996 0 0 0 0.49242 0.573515 0 0.944165 1 0.0147791 0.0557695 0 0.0109341 0.0202772 0.0109341 0.0202017 0 0.867643 0 0 
0.542215 0.545239 1 0 0.360369 1 1 1 1 1 1 0.981215 0.778571 0.199458 0 0.864246 0 0 0.0277728 0.411363 0 0 0 0.514517 0.604949 0 0.927019 1 0 0.0949903 0 0.027371 0.050761 0.027371 0.0505768 0 0.874661 0 0 
0.539037 0.542064 1 0 0.360312 1 1 1 1 1 1 1 0.801973 0.31589 0 0.869676 0 0 0.0417873 0.404435 0 0 0 0.535888 0.632856 0 0.945484 1 0.000559012 0.14193 0 0.0477643 0.0885853 0.0477643 0.0882742 0 0.894281 0 0 
0.534522 0.537545 1 0 0.360229 1 1 1 1 1 1 1 0.828308 0.336509 0 0.871866 0 0 0.0578581 0.38515 0 0 0 0.555948 0.657119 0 0.993674 1 0.00945363 0.195029 0 0.0692318 0.128407 0.0692318 0.127975 0 0.921697 0 0 
0.52911 0.532123 1 0 0.360129 1 1 1 1 1 1 1 0.856908 0.250072 0 0.870013 0 0 0.0755996 0.355753 0 0 0 0.574116 0.677624 0 1 1 0.0255039 0.25273 0 0.0888921 0.164884 0.0888921 0.164362 0 0.952103 0 0 
0.523241 0.526244 1 0 0.360025 1 0.994543 1 1 1 1 1 0.887103 0.255972 0 0.863315 0 0 0.0946259 0.318493 0 0 0 0.58981 0.694257 0 1 1 0.0475301 0.313474 0 0.103864 0.192675 0.103864 0.192117 0 0.980694 0 0 
0.517357 0.52035 1 0 0.359925 0.987206 0.976236 1 1 1 1 1 0.918223 0.275511 0 0.850967 0 0 0.114551 0.275615 0 0 0 0.602447 0.706903 0 1 1 0.0743522 0.375703 0 0.115142 0.213098 0.115142 0.212514 0 1 0 0 
0.5119 0.514884 1 0 0.359842 0.969717 0.958777 1 1 1 1 1 0.949599 0.374585 0 0.832166 0 0 0.134989 0.229367 0 0 0 0.611447 0.715447 0 1 1 0.10479 0.437859 0 0.125166 0.230616 0.125166 0.229993 0 1 0 0 
0.507309 0.51029 1 0 0.359784 0.95398 0.943051 1 1 1 1 1 0.980561 0.575974 0 0.80611 0 0 0.155554 0.181996 0 0 0 0.616225 0.719774 0 1 1 0.137665 0.498383 0 0.133217 0.244602 0.133217 0.243987 0 1 0 0 
0.504026 0.507011 1 0 0.359763 0.940889 0.929945 1 1 1 1 1 1 0.479655 0 0.771994 0 0 0.17586 0.135748 0 0 0 0.602482 0.707045 0 1 1 0.171796 0.555718 0 0.138577 0.254429 0.138577 0.253928 0 1 0 0 
0.50203 0.505029 1 0 0.35979 0.929647 0.918651 1 1 1 1 1 1 0.315409 0 0.729016 0 0 0.195521 0.0928702 0 0 0 0.504231 0.614024 0 1 1 0.206003 0.608304 0 0.140528 0.25947 0.140528 0.259249 0 1 0 0 
0.500881 0.503903 1 0 0.359874 0.919072 0.90799 1 1 1 1 1 1 0.228401 0 0.659487 0 0 0.214152 0.0556098 0 0 0 0.350366 0.461664 0 0.847019 1 0.239107 0.654583 0 0.13853 0.25962 0.13853 0.259934 0 0.947893 0 0 
0.500391 0.503442 1 0 0.360026 0.909478 0.89829 1 1 1 1 1 1 0.314517 0 0.488466 0 0 0.231366 0.0262134 0 0 0 0.185379 0.285109 0 0.677494 0.824523 0.269928 0.692998 0 0.133316 0.257172 0.133316 0.25841 0 0.852165 0 0 
0.500372 0.503454 1 0 0.360257 0.901178 0.889879 1 1 1 1 1 1 0.278208 0 0.267697 0 0 0.246777 0.00692781 0 0 0 0.0537599 0.119507 0 0.49074 0.601534 0.297285 0.72199 0 0.1253 0.251475 0.1253 0.253864 0 0.755484 0 0 
0.500638 0.503748 1 0 0.360577 0.894485 0.883082 1 1 1 1 1 1 0.239971 0 0.0688306 0 0 0.26 0 0 0 0 0 0 0 0.308185 0.379898 0.32 0.74 0 0.114758 0.241334 0.114758 0.244893 0 0.685722 0 0 
0.501 0.504133 1 0 0.360997 0.889714 0.878228 1 1 1 1 1 1 0.370481 0.0345779 0 0 0 0.231259 0 0 0 0 0 0 0 0.151258 0.187304 0.337778 0.62126 0 0.101968 0.225556 0.101968 0.230098 0 0.664829 0 0 
0.501271 0.504417 1 0 0.361116 0.887178 0.875644 1 1 1 1 1 1 0.612856 0.025934 0 0 0 0.190074 0 0 0 0 0 0 0 0.0413865 0.0514416 0.342222 0.38341 0 0.0872046 0.202945 0.0872046 0.208078 0 0.675275 0 0 
0.498872 0.500416 1 0 0.360997 0.883076 0.868287 1 1 1 1 1 1 0.743369 0 0 0 0 0.24 0 0 0 0 0 0 0 0 0 0.32 0.24 0 0.0656652 0.15929 0.0656652 0.163964 0 0.685722 0 0 
0.480833 0.470703 1 0 0.443928 0.855204 0.81673 1 1 1 1 1 1 0.587442 0 0 0 0 0.43344 0 0 0 0 0 0 0 0 0 0.26112 0.2552 0 0.0239146 0.0590825 0.0239146 0.0609185 0 0.692874 0 0 
0.448573 0.418043 1 0 0.548765 0.805323 0.725359 1 0.738602 1 1 1 1 0.367124 0 0 0 0 0.70672 0 0 0 0 0 0 0 0 0 0.17856 0.3276 0 0 0 0 0 0 0.709928 0 0 
0.406076 0.349497 1 0 0.592397 0.739547 0.606422 1 0.746574 1 1 0.858348 0.787017 0.240488 0 0 0 0 0.98928 0 0 0 0 0 0 0 0 0 0.09344 0.4224 0 0 0 0 0 0 0.730283 0 0 
0.357328 0.272125 1 0 0.634423 0.663993 0.472172 1 0.819427 1 1 0.619966 0.598891 0.140225 0 0 0 0 1 0 0 0 0 0 0 0 0 0 0.02688 0.5048 0 0 0 0 0 0 0.747337 0 0 
0.306311 0.192988 1 0 0.672982 0.584776 0.334859 1 0.934828 0.765125 0.765125 0.52 0.52 0.0994461 0 0 0 0 1 0 0 0 0 0 0 0 0 0 0 0.54 0 0 0 0 0 0 0.754489 0 0 
0.257011 0.119147 0.787172 0 0.706213 0.508012 0.206735 1 1 0.472371 0.472371 0.800261 0.709762 0.279882 0 0 0.123653 0 1 0.0858821 0.12066 0 0 0 0 0 0 0 0 0.495103 0 0 0 0 0 0 0.728504 0 0 
0.213412 0.057661 0.396501 0 0.732255 0.439818 0.100049 1 1 0.228604 0.228604 1 1 0.446493 0 0 0.357126 0 0.51955 0.26569 0.372104 0 0 0 0 0 0 0 0 0.399871 0 0 0 0 0 0 0.668626 0 0 
0.179497 0.015592 0.110787 0 0.749244 0.386309 0.0270542 1 1 0.0618165 0.0618165 1 1 0.461619 0 0 0.494187 0 0.107834 0.422667 0.588526 0 0 0 0 0 0 0 0 0.313493 0 0 0 0 0 0 0.60197 0 0 
0.159252 0 0 0 0.755321 0.3536 0 1 1 0 0 1 1 0.41653 0 0 0.513781 0 0.00229801 0.476904 0.64735 0 0 0 0 0 0 0 0 0.266955 0 0 0 0 0 0 0.555649 0 0 
0.147767 0 0 0 0.751761 0.334144 0 1 1 0 0 1 1 0.388756 0 0 0.531893 0 0 0.479999 0.646305 0 0 0 0 0 0 0 0 0.260257 0 0 0 0 0 0 0.548588 0 0 
0.13744 0 0 0.00217394 0.742124 0.31627 0 1 1 0 0 1 1 0.375688 0 0 0.54786 0 0 0.480848 0.645651 0 0 0 0 0 0 0 0 0.262278 0 0 0 0 0 0 0.548588 0 0 
0.12821 0 0 0.00540212 0.727976 0.299911 0 1 1 0 0 1 1 0.366525 0 0 0.561014 0 0 0.482495 0.644454 0 0 0 0 0 0 0 0 0.266221 0 0 0 0 0 0 0.548588 0 0 
0.12002 0 0 0.00886938 0.710882 0.284999 0 1 1 0 0 1 1 0.357327 0 0 0.570037 0 0 0.484887 0.642829 0 0 0 0 0 0 0 0 0.271981 0 0 0 0 0 0 0.548588 0 0 
0.112811 0 0 0.0124661 0.692408 0.271469 0 1 1 0 0 1 1 0.34933 0 0 0.575351 0 0 0.487973 0.640893 0 0 0 0 0 0 0 0 0.279457 0 0 0 0 0 0 0.548588 0 0 
0.106524 0 0 0.0160829 0.674119 0.259252 0 1 1 0 0 1 1 0.344136 0 0 0.578909 0 0 0.491699 0.638761 0 0 0 0 0 0 0 0 0.288545 0 0 0 0 0 0 0.548588 0 0 
0.101101 0 0 0.0196099 0.657581 0.248281 0 1 1 0 0 1 1 0.342706 0 0 0.582511 0 0 0.496012 0.636549 0 0 0 0 0 0 0 0 0.299141 0 0 0 0 0 0 0.548588 0 0 
0.0964837 0 0 0.0229378 0.64436 0.238491 0 1 1 0 0 1 1 0.342178 0 0 0.586439 0 0 0.500861 0.634372 0 0 0 0 0 0 0 0 0.311141 0 0 0 0 0 0 0.548588 0 0 
0.0926131 0 0 0.0259568 0.636021 0.229813 0 1 1 0 0 1 1 0.341945 0 0 0.590568 0 0 0.506192 0.632348 0 0 0 0 0 0 0 0 0.324444 0 0 0 0 0 0 0.548588 0 0 
0.0894308 0 0 0.0289029 0.631088 0.22218 0 1 1 0 0 1 1 0.341967 0 0 0.594844 0 0 0.511953 0.630591 0 0 0 0 0 0 0 0 0.338945 0 0 0 0 0 0 0.548588 0 0 
0.0868782 0 0 0.0320509 0.626996 0.215526 0 1 1 0 0 1 1 0.342208 0 0 0.599214 0 0 0.518091 0.629217 0 0 0 0 0 0 0 0 0.354541 0 0 0 0 0 0 0.548588 0 0 
0.0848968 0 0 0.0353491 0.623673 0.209783 0 1 1 0 0 1 1 0.34263 0 0 0.603624 0 0 0.524554 0.628342 0 0 0 0 0 0 0 0 0.371128 0 0 0 0 0 0 0.548588 0 0 
0.0834278 0 0 0.0387463 0.621048 0.204885 0 1 1 0 0 1 1 0.343197 0 0 0.608019 0 0 0.531289 0.628082 0 0 0 0 0 0 0 0 0.388604 0 0 0 0 0 0 0.548588 0 0 
0.082413 0 0 0.0421907 0.61905 0.200764 0 1 1 0 0 1 1 0.34387 0 0 0.612345 0 0 0.538243 0.628553 0 0 0 0 0 0 0 0 0.406865 0 0 0 0 0 0 0.548588 0 0 
0.0817935 0 0 0.0456311 0.617609 0.197353 0 1 1 0 0 1 1 0.344614 0 0 0.616548 0 0 0.545364 0.629871 0 0 0 0 0 0 0 0 0.425807 0 0 0 0 0 0 0.548588 0 0 
0.081511 0 0 0.0490159 0.616653 0.194585 0 1 1 0 0 1 1 0.34539 0 0 0.620574 0 0 0.552598 0.63215 0 0 0 0 0 0 0 0 0.445328 0 0 0 0 0 0 0.548588 0 0 
0.0815069 0 0 0.0522936 0.616112 0.192393 0 1 1 0 0 1 1 0.346161 0 0 0.624368 0 0 0.559895 0.635508 0 0 0 0 0 0 0 0 0.465324 0 0 0 0 0 0 0.548588 0 0 
0.0817225 0 0 0.0554129 0.615914 0.19071 0 1 1 0 0 1 1 0.34689 0 0 0.627878 0 0 0.567199 0.64006 0 0 0 0 0 0 0 0 0.485691 0 0 0 0 0 0 0.548588 0 0 
0.0820994 0 0 0.0583221 0.61599 0.189469 0 1 1 0 0 1 1 0.34754 0 0 0.631048 0 0 0.574461 0.645921 0 0 0 0 0 0 0 0 0.506327 0 0 0 0 0 0 0.548588 0 0 
0.0825789 0 0 0.0609698 0.616266 0.188603 0 1 1 0 0 1 1 0.348074 0 0 0.633825 0 0 0.581625 0.653208 0 0 0 0 0 0 0 0 0.527127 0 0 0 0 0 0 0.548588 0 0 
0.0831026 0 0 0.0633046 0.616674 0.188045 0 1 1 0 0 1 1 0.348454 0 0 0.636154 0 0 0.588641 0.662036 0 0 0 0 0 0 0 0 0.547989 0 0 0 0 0 0 0.548588 0 0 
0.0836118 0 0 0.0652749 0.617141 0.187728 0 1 1 0 0 1 1 0.348642 0 0 0.637981 0 0 0.595454 0.672522 0 0 0 0 0 0 0 0 0.56881 0 0 0 0 0 0 0.548588 0 0 
0.084048 0 0 0.0668293 0.617597 0.187584 0 1 1 0 0 1 1 0.348603 0 0 0.639253 0 0 0.602014 0.68478 0 0 0 0 0 0 0 0 0.589485 0 0 0 0 0 0 0.548588 0 0 
0.0843527 0 0 0.0679164 0.617971 0.187547 0 1 1 0 0 1 1 0.348298 0 0 0.639915 0 0 0.608266 0.698927 0 0 0 0 0 0 0 0 0.609912 0 0 0 0 0 0 0.548588 0 0 
0.0844673 0 0 0.0684846 0.618192 0.187549 0 1 1 0 0 1 1 0.34769 0.000391599 0 0.649185 0 0 0.614158 0.715079 0 0 0 0 0 0 0 0 0.634983 0 0 0 0 0 0 0.548588 0 0 
1 1 0 0.060335 0.634829 0.399995 0.226387 1 1 0 0 1 1 0.345837 0.191987 0 0.70944 0 0 0.616953 0.753388 0 0 0 0 0 0 0 0 0.686869 0 0 0 0 0 0 0.548588 0 0 
1 1 0 0.0299605 0.697622 0.540597 0.376671 1 1 0 0 1 1 0.338779 0.858262 0 0.796149 0 0 0.616953 0.896425 0 0 0 0 0 0 0 0 0.750795 0 0 0 0 0 0 0.548588 0 0 
0.377101 0.270208 0 0.0188017 0.725425 0.222621 0.118018 1 1 0 0 1 1 0.329437 1 0 0.874039 0 0 0.616953 1 0 0 0 0 0 0 0 0 0.806135 0 0 0 0 0 0 0.548588 0 0 
0.269918 0.177234 0 0.0123662 0.743561 0.187549 0.0980377 1 1 0 0 1 1 0.321799 1 0 0.90784 0 0 0.616953 1 0 0 0 0 0 0 0 0 0.832265 0 0 0 0 0 0 0.548588 0 0 
0.269918 0.177234 0 0.00687882 0.758832 0.187549 0.0980377 1 1 0 0 1 1 0.316606 1 0 0.906629 0 0 0.616953 1 0 0 0 0 0 0 0 0 0.834147 0 0 0 0 0 0 0.548588 0 0 
0.269918 0.177234 0 0.00251218 0.769366 0.187549 0.0980377 1 1 0 0 1 1 0.311856 1 0 0.903425 0 0 0.616953 1 0 0 0 0 0 0 0 0 0.830996 0 0 0 0 0 0 0.548588 0 0 
0.269918 0.177234 0 0.000223754 0.77286 0.187549 0.0980377 1 1 0 0 1 1 0.307428 1 0 0.898871 0 0 0.616953 1 0 0 0 0 0 0 0 0 0.823567 0 0 0 0 0 0 0.548588 0 0 
0.269918 0.177234 0 0.000223754 0.774321 0.187549 0.0980377 1 1 0 0 1 1 0.3032 1 0 0.89361 0 0 0.616953 1 0 0 0 0 0 0 0 0 0.812616 0 0 0 0 0 0 0.548588 0 0 
0.269918 0.177234 0 0.000223754 0.774964 0.187549 0.0980377 1 1 0 0 1 1 0.299053 1 0 0.888287 0 0 0.616953 1 0 0 0 0 0 0 0 0 0.798897 0 0 0 0 0 0 0.548588 0 0 
0.269918 0.177234 0 0.000223754 0.774972 0.187549 0.0980377 1 1 0 0 1 1 0.294865 1 0 0.883543 0 0 0.616953 1 0 0 0 0 0 0 0 0 0.783165 0 0 0 0 0 0 0.548588 0 0 
0.269918 0.177234 0 0.000223754 0.774525 0.187549 0.0980377 1 1 0 0 1 1 0.290561 1 0 0.879746 0 0 0.616953 1 0 0 0 0 0 0 0 0 0.766175 0 0 0 0 0 0 0.548588 0 0 
0.269918 0.177234 0 0.000223754 0.773806 0.187549 0.0980377 1 1 0 0 1 1 0.286329 1 0 0.875842 0 0 0.616953 1 0 0 0 0 0 0 0 0 0.748681 0 0 0 0 0 0 0.548588 0 0 
0.269918 0.177234 0 0.000223754 0.772996 0.187549 0.0980377 1 1 0 0 1 1 0.282171 1 0 0.872103 0 0 0.616953 1 0 0 0 0 0 0 0 0 0.73144 0 0 0 0 0 0 0.548588 0 0 
0.269918 0.177234 0 0.000223754 0.772277 0.187549 0.0980377 1 1 0 0 1 1 0.278046 1 0 0.869074 0 0 0.616953 1 0 0 0 0 0 0 0 0 0.715204 0 0 0 0 0 0 0.548588 0 0 
0.269918 0.177234 0 0.000223754 0.77183 0.187549 0.0980377 1 1 0 0 1 1 0.273915 1 0 0.867298 0 0 0.616953 1 0 0 0 0 0 0 0 0 0.700731 0 0 0 0 0 0 0.548588 0 0 
0.269918 0.177234 0 0.000223754 0.771766 0.187549 0.0980377 1 1 0 0 1 1 0.271834 1 0 0.86705 0 0 0.616953 1 0 0 0 0 0 0 0 0 0.69439 0 0 0 0 0 0 0.548588 0 0 
