0.134959 0.0886172 0 0.000111877 0.146635 0.0937747 0.0490188 0.908223 0.865795 0 0 1 0.77 0.135917 1 0 0.433525 0 0 0.308477 0.583504 0 0 0 0 0 0 0 0 0.347195 0 0 0 0 0 0 0.274294 0 0 
0.134959 0.0886172 0 0.000111877 0.146635 0.0937747 0.0490188 0.908223 0.865795 0 0 0.999734 0.769764 0.134979 1 0 0.433525 0 0 0.308388 0.584021 0 0 0 0 0 0 0 0 0.347195 0 0 0 0 0 0 0.274294 0 0 
0.134959 0.0886172 0 0.000111877 0.146635 0.0937747 0.0490188 0.908223 0.865795 0 0 0.998952 0.769067 0.132562 1 0 0.433525 0 0 0.30812 0.585493 0 0 0 0 0 0 0 0 0.347195 0 0 0 0 0 0 0.274294 0 0 
0.134959 0.0886172 0 0.000111877 0.146635 0.0937747 0.0490188 0.908223 0.865795 0 0 0.997682 0.767928 0.129256 1 0 0.433525 0 0 0.307675 0.587802 0 0 0 0 0 0 0 0 0.347195 0 0 0 0 0 0 0.274294 0 0 
0.134959 0.0886172 0 0.000111877 0.146635 0.0937747 0.0490188 0.908223 0.865795 0 0 0.99595 0.766362 0.125654 0.999904 0 0.433525 0 0 0.307052 0.590833 0 0 0 0 0 0 0 0 0.347195 0 0 0 0 0 0 0.274294 0 0 
0.134959 0.0886172 0 0.000111877 0.146635 0.0937747 0.0490188 0.908223 0.865795 0 0 0.993781 0.764388 0.122348 0.9994 0 0.433525 0 0 0.30625 0.594467 0 0 0 0 0 0 0 0 0.347195 0 0 0 0 0 0 0.274294 0 0 
0.134959 0.0886172 0 0.000111877 0.146635 0.0937747 0.0490188 0.908223 0.865795 0 0 0.991204 0.762022 0.119931 0.998487 0 0.433525 0 0 0.30527 0.598588 0 0 0 0 0 0 0 0 0.347195 0 0 0 0 0 0 0.274294 0 0 
0.134959 0.0886172 0 0.000111877 0.146635 0.0937747 0.0490188 0.908223 0.865795 0 0 0.988243 0.759283 0.118993 0.997057 0 0.433525 0 0 0.304112 0.603079 0 0 0 0 0 0 0 0 0.347195 0 0 0 0 0 0 0.274294 0 0 
0.134959 0.0886172 0 0.000111877 0.146635 0.0937747 0.0490188 0.908223 0.865795 0 0 0.984926 0.756187 0.119036 0.995003 0 0.433525 0 0 0.302776 0.607822 0 0 0 0 0 0 0 0 0.347195 0 0 0 0 0 0 0.274294 0 0 
0.134959 0.0886172 0 0.000111877 0.146635 0.0937747 0.0490188 0.908223 0.865795 0 0 0.981278 0.752752 0.119236 0.992217 0 0.433525 0 0 0.301261 0.612701 0 0 0 0 0 0 0 0 0.347195 0 0 0 0 0 0 0.274294 0 0 
0.134959 0.0886172 0 0.000111877 0.146635 0.0937747 0.0490188 0.908223 0.865795 0 0 0.977327 0.748995 0.119703 0.988589 0 0.433525 0 0 0.299568 0.617598 0 0 0 0 0 0 0 0 0.347195 0 0 0 0 0 0 0.274294 0 0 
0.134959 0.0886172 0 0.000111877 0.146635 0.0937747 0.0490188 0.908223 0.865795 0 0 0.973099 0.744933 0.120542 0.984013 0 0.433525 0 0 0.297697 0.622397 0 0 0 0 0 0 0 0 0.347195 0 0 0 0 0 0 0.274294 0 0 
0.162711 0.116089 0 5.59386e-05 0.138853 0.094099 0.0498821 0.899946 0.868146 0 0 0.96862 0.740584 0.121863 0.978379 0 0.433525 0 0 0.295647 0.62698 0 0 0 0 0 0 0 0 0.347195 0 0 0 0 0 0 0.274294 0 0 
0.196145 0.149803 0 0 0.13107 0.0949957 0.0522695 0.891669 0.874207 0 0 0.963916 0.735966 0.123773 0.97158 0 0.433525 0 0 0.293419 0.631231 0 0 0 0 0 0 0 0 0.347195 0 0 0 0 0 0 0.274294 0 0 
0.206114 0.160898 0 0 0.131089 0.0963509 0.0558775 0.893391 0.882494 0 0 0.959015 0.731094 0.126381 0.963508 0 0.433525 0 0 0.291012 0.635031 0 0 0 0 0 0 0 0 0.347195 0 0 0 0 0 0 0.274294 0 0 
0.213701 0.169646 0 0 0.1311 0.0980504 0.0604022 0.897496 0.891524 0.000420043 0.00040654 0.953942 0.725988 0.129793 0.954055 0 0.433525 0 0 0.288427 0.638265 0 0 0 0 0 0 0 0 0.347195 0 0 0 0 0 0 0.274294 0 0 
0.219514 0.176699 0 0 0.131037 0.0999803 0.0655402 0.902396 0.899812 0.00205604 0.00253728 0.948723 0.720663 0.134118 0.943112 0 0.433525 0 0 0.285663 0.640815 0 0 0 0 0 0 0 0 0.347195 0 0 0 0 0 0 0.274294 0 0 
0.224165 0.182708 0 0 0.130834 0.102026 0.0709878 0.906501 0.905873 0.00563021 0.00739529 0.943386 0.715138 0.139464 0.930572 0 0.433525 0 0 0.282721 0.642563 0 0 0 0 0 0 0 0 0.347195 0 0 0 0 0 0 0.274294 0 0 
0.228261 0.188325 0 0 0.130424 0.104075 0.0764414 0.908223 0.908223 0.0118832 0.0160623 0.937957 0.70943 0.145939 0.916325 0 0.433525 0 0 0.279601 0.643394 0 0 0 0 0 0 0 0 0.347195 0 0 0 0 0 0 0.274294 0 0 
0.232412 0.194202 0 0 0.129739 0.106011 0.0815972 0.908091 0.908135 0.0215556 0.02962 0.932462 0.703556 0.15365 0.900265 0 0.433525 0 0 0.276301 0.643189 0 0 0 0 0 0 0 0 0.347195 0 0 0 0 0 0 0.274294 0 0 
0.237228 0.200991 0 0 0.128715 0.107722 0.0861517 0.908223 0.908223 0.035388 0.04915 0.926927 0.697533 0.162706 0.882284 0 0.433525 0 0 0.272823 0.641832 0 0 0 0 0 0 0 0 0.347195 0 0 0 0 0 0 0.274294 0 0 
0.240643 0.205814 0 0 0.127387 0.109344 0.0904691 0.908735 0.90857 0.0492145 0.0663303 0.921379 0.691379 0.173214 0.862272 0 0.433525 0 0 0.269166 0.639206 0 0 0 0 0 0 0 0 0.347195 0 0 0 0 0 0 0.274294 0 0 
0.241977 0.208042 0 0 0.125859 0.111031 0.0949607 0.909217 0.908909 0.0596531 0.0768952 0.919183 0.688621 0.221574 0.806161 0 0.43129 0 0 0.266574 0.621553 0 0 0.00234548 0.00203145 0 0 0 0 0.311087 0 0 0 0 0 0 0.225455 0 0 
0.243917 0.211693 0 0 0.124163 0.112696 0.099394 0.909673 0.909242 0.0686201 0.088011 0.90858 0.674336 0.299316 0.702818 0 0.424679 0 0 0.255237 0.576122 0 0 0.025491 0.0196653 0 0 0 0.00685215 0.224982 0 0 0 0 0 0 0.142148 0 0 
0.249148 0.220786 0 0 0.122331 0.114252 0.103537 0.910103 0.909571 0.0780321 0.106844 0.866912 0.62087 0.383315 0.58654 0 0.413833 0 0 0.218572 0.504307 0 0 0.0935999 0.0702105 0 0 0 0.03432 0.122213 0 0 0 0 0 0 0.119194 0 0 
0.260358 0.239339 0 0 0.120394 0.115612 0.107156 0.91051 0.909895 0.0898056 0.140561 0.715318 0.429866 0.234232 0.491622 0 0.398893 0 0 0.0955718 0.231017 0 0 0.521462 0.503298 0 0.25 0.25 0.192606 0.0361082 0 0 0 0 0 0 0.303518 0 0 
0.280199 0.271673 0 0 0.118385 0.116899 0.110583 0.910895 0.910217 0.112212 0.196439 0.55 0.28 0.0851489 0.452362 0 0.38 0 0 0 0 0 0 0.9 0.9 0 0.5 0.5 0.33 0 0 0 0 0 0 0 0.468429 0 0 
0.307083 0.315442 0 0 0.116335 0.118236 0.114143 0.91126 0.910538 0.148125 0.270475 0.479985 0.285596 0.206353 0.469517 0 0.303069 0 0.0417191 0 0.0157078 0 0 0.746782 0.810495 0 0.410938 0.410938 0.310696 0.0417191 0 0 0 0 0 0 0.468495 0 0.0100795 
0.33733 0.364664 0 0 0.114276 0.119533 0.117595 0.911606 0.910858 0.191365 0.352919 0.439416 0.299645 0.450026 0.504728 0 0.171672 0 0.124912 0 0.0489352 0 0 0.428493 0.611906 0 0.231932 0.231932 0.26314 0.124912 0 0 0 0 0 0 0.468645 0 0.0417654 
0.36726 0.413358 0 0 0.112239 0.120698 0.120699 0.911935 0.91118 0.235753 0.434017 0.4059 0.318035 0.636261 0.533613 0 0.0724319 0 0.186631 0 0.078838 0 0 0.157182 0.409124 0 0.0952514 0.0952514 0.20287 0.186631 0 0 0 0 0 0 0.46881 0 0.0972288 
0.393194 0.455545 0 0 0.110258 0.121643 0.123214 0.91225 0.911505 0.275109 0.504018 0.376376 0.336655 0.711708 0.550057 0 0.0305787 0 0.207157 0 0.0959735 0 0 0.0464297 0.212866 0 0.0401899 0.0401899 0.102329 0.207157 0 0 0 0 0 0 0.468992 0 0.217358 
0.411453 0.485243 0 0 0.108363 0.122276 0.1249 0.912551 0.911833 0.303255 0.553171 0.362729 0.351395 0.750884 0.563362 0 0.00907307 0 0.213315 0 0.106462 0 0 0.0143055 0.0504241 0 0.0119114 0.0119114 0.0227573 0.213315 0 0 0 0 0 0 0.469172 0 0.340379 
0.418356 0.496472 0 0 0.106586 0.122507 0.125515 0.912841 0.912166 0.31401 0.571722 0.359939 0.355905 0.765673 0.572269 0 0.00113891 0 0.211974 0 0.110649 0 0 0.00218237 0 0 0.00149018 0.00149018 0.00650146 0.211974 0 0 0 0 0 0 0.469321 0 0.384982 
0.418191 0.496472 0 0 0.10479 0.122224 0.125515 0.913121 0.912505 0.313722 0.571212 0.36 0.36 0.767962 0.575518 0 0 0 0.21 0 0.110835 0 0 0 0 0 0 0 0 0.21 0 0 0 0 0 0 0.469396 0 0.392657 
0.417731 0.496472 0 0 0.102845 0.121441 0.125515 0.913394 0.912852 0.312927 0.569801 0.365294 0.379878 0.753757 0.554669 0 0.00746725 0 0.208418 0 0.108138 0.00512424 0 0 0 0 0 0 0.015217 0.218204 0 0 0 0 0 0 0.461057 0 0.379275 
0.41703 0.496472 0 0 0.100798 0.120259 0.125515 0.91366 0.913208 0.311726 0.567671 0.379614 0.415375 0.715256 0.498855 0 0.0276141 0 0.20393 0 0.10086 0.0189173 0 0 0 0 0 0 0.0558401 0.239943 0 0 0 0 0 0 0.438831 0 0.343719 
0.416142 0.496472 0 0 0.0986914 0.118777 0.125515 0.913921 0.913574 0.310221 0.565 0.400619 0.462075 0.658629 0.418181 0 0.0570579 0 0.196921 0 0.090219 0.0390096 0 0 0 0 0 0 0.114327 0.270909 0 0 0 0 0 0 0.406906 0 0.29287 
0.41512 0.496472 0 0 0.096572 0.117095 0.125515 0.91418 0.91395 0.308512 0.561969 0.425966 0.515563 0.590046 0.322748 0 0.0924162 0 0.187777 0 0.0774356 0.0630315 0 0 0 0 0 0 0.183136 0.306791 0 0 0 0 0 0 0.369469 0 0.233612 
0.414018 0.496472 0 0 0.0944845 0.115312 0.125515 0.914437 0.91434 0.306702 0.558758 0.453312 0.571421 0.515675 0.222658 0 0.130306 0 0.176882 0 0.0637285 0.0886135 0 0 0 0 0 0 0.254725 0.343281 0 0 0 0 0 0 0.330707 0 0.172827 
0.41289 0.496472 0 0 0.0924738 0.11353 0.125515 0.914696 0.914743 0.304892 0.555547 0.480317 0.625236 0.441687 0.128014 0 0.167346 0 0.164623 0 0.050317 0.113386 0 0 0 0 0 0 0.321552 0.376069 0 0 0 0 0 0 0.294806 0 0.117398 
0.411788 0.496472 0 0 0.090585 0.111848 0.125515 0.914957 0.915161 0.303184 0.552517 0.504637 0.672589 0.374252 0.0489194 0 0.200153 0 0.151385 0 0.0384205 0.13498 0 0 0 0 0 0 0.376075 0.400846 0 0 0 0 0 0 0.265956 0 0.0742074 
0.410767 0.496472 0 0 0.0888632 0.110366 0.125515 0.915222 0.915596 0.301678 0.549846 0.523931 0.709066 0.319539 0 0.00453485 0.225344 0 0.137554 0 0.029258 0.151024 0 0 0 0 0 0 0.410752 0.413303 0 0 0 0 0 0 0.248342 0 0.0501385 
0.409881 0.496472 0 0 0.0873534 0.109184 0.125515 0.915493 0.916048 0.300477 0.547715 0.5399 0.73602 0.275159 0 0.0284367 0.243608 0 0.119648 0 0.0222086 0.162198 0 0 0 0 0 0 0.382992 0.417918 0 0 0 0 0 0 0.238107 0 0.0383877 
0.409182 0.496472 0 0 0.0861007 0.108401 0.125515 0.915771 0.916519 0.299682 0.546305 0.555339 0.757959 0.234396 0 0.0409599 0.258356 0 0.0959978 0 0.0159178 0.170934 0 0 0 0 0 0 0.303492 0.422168 0 0 0 0 0 0 0.228767 0 0.0277353 
0.408726 0.496472 0 0 0.0851501 0.108118 0.125515 0.916059 0.917009 0.299395 0.545795 0.569544 0.775199 0.196927 0 0.0653363 0.270286 0 0.0697002 0 0.0105042 0.177493 0 0 0 0 0 0 0.244643 0.426238 0 0 0 0 0 0 0.220568 0 0.01844 
0.408417 0.496472 0 0 0.0845468 0.108116 0.125515 0.916359 0.917521 0.299395 0.545795 0.581815 0.788057 0.162429 0 0.148231 0.280099 0 0.0438535 0 0.00608688 0.182137 0 0 0 0 0 0 0.230196 0.430314 0 0 0 0 0 0 0.21376 0 0.0107603 
0.408127 0.496472 0 0 0.0843356 0.108112 0.125515 0.916671 0.918056 0.299395 0.545795 0.59145 0.79685 0.130579 0 0.285718 0.288496 0 0.0215558 0 0.00278449 0.185131 0 0 0 0 0 0 0.230125 0.434583 0 0 0 0 0 0 0.20859 0 0.00495471 
0.407856 0.496472 0 0 0.0843528 0.108106 0.125515 0.916998 0.918565 0.299395 0.545795 0.597745 0.801893 0.101054 0 0.425137 0.296176 0 0.00590529 0 0.000715927 0.186734 0 0 0 0 0 0 0.236152 0.439231 0 0 0 0 0 0 0.205306 0 0.00128177 
0.407603 0.496472 0 0 0.084399 0.108099 0.125515 0.917341 0.919006 0.299395 0.545795 0.6 0.803504 0.0735325 0 0.51383 0.303839 0 0 0 0 0.18721 0 0 0 0 0 0 0.24 0.444444 0 0 0 0 0 0 0.204156 0 0 
0.407366 0.496472 0 0 0.0844659 0.108093 0.125515 0.917702 0.919388 0.299395 0.545795 0.6 0.803504 0.0488431 0 0.549801 0.310568 0 0 0 0 0.18721 0 0 0 0 0 0 0.24 0.451699 0 0 0 0 0 0 0.204156 0 0 
0.407146 0.496472 0 0 0.0845454 0.108089 0.125515 0.918084 0.919722 0.299395 0.545795 0.6 0.803504 0.0284767 0 0.569374 0.315207 0 0 0 0 0.18721 0 0 0 0 0 0 0.24 0.460962 0 0 0 0 0 0 0.204156 0 0 
0.406943 0.496472 0 0 0.0846294 0.108087 0.125515 0.918486 0.920015 0.299395 0.545795 0.6 0.803504 0.0131019 0 0.577377 0.318098 0 0 0 0 0.18721 0 0 0 0 0 0 0.24 0.470152 0 0 0 0 0 0 0.204156 0 0 
0.406754 0.496472 0 0 0.0847096 0.108089 0.125515 0.918913 0.920279 0.299395 0.545795 0.6 0.803504 0.00338686 0 0.578639 0.319581 0 0 0 0 0.18721 0 0 0 0 0 0 0.24 0.477192 0 0 0 0 0 0 0.204156 0 0 
0.406581 0.496472 0 0 0.0847779 0.108095 0.125515 0.919364 0.920522 0.299395 0.545795 0.6 0.803504 0 0 0.577987 0.32 0 0 0 0 0.18721 0 0 0 0 0 0 0.24 0.48 0 0 0 0 0 0 0.204156 0 0 
0.406421 0.496472 0 0 0.0848262 0.108107 0.125515 0.919842 0.920754 0.299395 0.545795 0.6 0.803504 0.00276227 0 0.577987 0.32 0 0 0 0 0.18721 0 0 0 0 0 0 0.234061 0.47844 0 0 0 0 0 0 0.204156 0 0 
0.406275 0.496472 0 0 0.0848463 0.108126 0.125515 0.920349 0.920985 0.299395 0.545795 0.6 0.803504 0.00952981 0 0.577987 0.32 0 0 0 0 0.18721 0 0 0 0 0 0 0.219383 0.474121 0 0 0 0 0 0 0.204156 0 0 
0.406143 0.496472 0 0 0.08483 0.108153 0.125515 0.920886 0.921223 0.299395 0.545795 0.6 0.803504 0.0180238 0 0.577987 0.32 0 0 0 0 0.18721 0 0 0 0 0 0 0.200674 0.467588 0 0 0 0 0 0 0.204156 0 0 
0.406023 0.496472 0 0 0.0847691 0.108188 0.125515 0.921455 0.921479 0.299395 0.545795 0.6 0.803504 0.0259654 0 0.577987 0.32 0 0 0 0 0.18721 0 0 0 0 0 0 0.182644 0.459383 0 0 0 0 0 0 0.204156 0 0 
0.405914 0.496472 0 0 0.0846554 0.108233 0.125515 0.922058 0.921762 0.299395 0.545795 0.6 0.803504 0.0310759 0 0.577987 0.32 0 0 0 0 0.18721 0 0 0 0 0 0 0.17 0.45005 0 0 0 0 0 0 0.204156 0 0 
0.405817 0.496472 0 0 0.0844809 0.108289 0.125515 0.922696 0.922082 0.299395 0.545795 0.6 0.803504 0.0336275 0 0.577987 0.32 0 0 0 0 0.18721 0 0 0 0 0 0 0.16191 0.440133 0 0 0 0 0 0 0.204156 0 0 
0.40573 0.496472 0 0 0.0842373 0.108357 0.125515 0.923372 0.922447 0.299395 0.545795 0.6 0.803504 0.0354846 0 0.577987 0.32 0 0 0 0 0.18721 0 0 0 0 0 0 0.154486 0.430175 0 0 0 0 0 0 0.204156 0 0 
0.405654 0.496472 0 0 0.0839165 0.108438 0.125515 0.924087 0.922868 0.299395 0.545795 0.6 0.803504 0.0367564 0 0.577987 0.32 0 0 0 0 0.18721 0 0 0 0 0 0 0.147855 0.420719 0 0 0 0 0 0 0.204156 0 0 
0.405587 0.496472 0 0 0.0835103 0.108533 0.125515 0.924843 0.923355 0.299395 0.545795 0.6 0.803504 0.0375521 0 0.577987 0.32 0 0 0 0 0.18721 0 0 0 0 0 0 0.142144 0.41231 0 0 0 0 0 0 0.204156 0 0 
0.405529 0.496472 0 0 0.0830105 0.108643 0.125515 0.925641 0.923915 0.299395 0.545795 0.6 0.803504 0.0379809 0 0.577987 0.32 0 0 0 0 0.18721 0 0 0 0 0 0 0.137481 0.405489 0 0 0 0 0 0 0.204156 0 0 
0.40548 0.496472 0 0 0.082409 0.108769 0.125515 0.926483 0.92456 0.299395 0.545795 0.6 0.803504 0.038152 0 0.577987 0.32 0 0 0 0 0.18721 0 0 0 0 0 0 0.133993 0.400802 0 0 0 0 0 0 0.204156 0 0 
0.405438 0.496472 0 0 0.0816976 0.108912 0.125515 0.927371 0.925298 0.299395 0.545795 0.6 0.803504 0.0381745 0 0.577987 0.32 0 0 0 0 0.18721 0 0 0 0 0 0 0.131806 0.398791 0 0 0 0 0 0 0.204156 0 0 
0.405403 0.496472 0 0 0.0808681 0.109074 0.125515 0.928307 0.92614 0.299395 0.545795 0.6 0.803504 0.0381578 0 0.577987 0.32 0 0 0 0 0.18721 0 0 0 0 0 0 0.131049 0.4 0 0 0 0 0 0 0.204156 0 0 
0.405375 0.496472 0 0 0.0799124 0.109254 0.125515 0.929293 0.927094 0.299395 0.545795 0.6 0.803504 0.0381578 0 0.577987 0.32 0 0.00775509 0.00205877 0 0.18721 0 0 0 0 0 0 0.131049 0.409959 0 0 0 0 0 0 0.206488 0 0 
0.405352 0.496472 0 0 0.0788223 0.109455 0.125515 0.930329 0.92817 0.299395 0.545795 0.6 0.803504 0.0381578 0 0.577987 0.32 0 0.0277551 0.00802432 0 0.18721 0 0 0 0 0 0 0.131049 0.430816 0 0 0 0 0 0 0.21309 0 0 
0.405335 0.496472 0 0 0.0775896 0.109677 0.125515 0.931419 0.929377 0.299395 0.545795 0.6 0.803504 0.0381578 0 0.577987 0.32 0 0.0551019 0.0175805 0 0.18721 0 0 0 0 0 0 0.131049 0.458041 0 0 0 0 0 0 0.223371 0 0 
0.405323 0.496472 0 0 0.0762062 0.109921 0.125515 0.932563 0.930726 0.299395 0.545795 0.6 0.803504 0.0381578 0 0.577987 0.32 0 0.0848978 0.0304111 0 0.18721 0 0 0 0 0 0 0.131049 0.487102 0 0 0 0 0 0 0.23674 0 0 
0.405315 0.496472 0 0 0.0746639 0.110189 0.125515 0.933764 0.932225 0.299395 0.545795 0.6 0.803504 0.0381578 0 0.577987 0.32 0 0.112245 0.0462001 0 0.18721 0 0 0 0 0 0 0.131049 0.513469 0 0 0 0 0 0 0.252606 0 0 
0.405311 0.496472 0 0 0.0729545 0.110481 0.125515 0.935023 0.933885 0.299395 0.545795 0.6 0.803504 0.0381578 0 0.577987 0.32 0 0.132245 0.0646312 0 0.18721 0 0 0 0 0 0 0.131049 0.532612 0 0 0 0 0 0 0.270379 0 0 
0.40531 0.496472 0 0 0.0710699 0.110799 0.125515 0.936342 0.935714 0.299395 0.545795 0.6 0.803504 0.0381578 0 0.577987 0.32 0 0.14 0.0853883 0 0.18721 0 0 0 0 0 0 0.131049 0.54 0 0 0 0 0 0 0.289467 0 0 
0.40531 0.496472 0 0 0.0690019 0.110881 0.125515 0.937723 0.937723 0.300728 0.547531 0.6 0.799031 0.0380997 0 0.553152 0.30625 0 0.133984 0.119271 0 0.199731 0 0 0 0 0 0 0.125418 0.516797 0 0 0 0 0 0 0.309638 0 0.00118795 
0.40531 0.496472 0 0 0.0656076 0.110799 0.125515 0.940275 0.940844 0.306953 0.557678 0.6 0.78635 0.0385874 0 0.487677 0.27 0 0.118125 0.166808 0 0.227277 0 0 0 0 0 0 0.110573 0.455625 0 0 0 0 0 0 0.334517 0 0.00848917 
0.399683 0.496472 0 0 0.060093 0.111743 0.125491 0.944806 0.945729 0.315213 0.573159 0.6 0.766571 0.0406143 0 0.395109 0.21875 0 0.0957032 0.212279 0 0.254823 0 0 0 0 0 0 0.0895846 0.369141 0 0 0 0 0 0 0.369304 0 0.0275097 
0.386265 0.496472 0 0 0.0529729 0.1141 0.125444 0.950864 0.951957 0.322429 0.588168 0.6 0.740802 0.0451735 0 0.288994 0.16 0 0.0700001 0.239961 0 0.267344 0 0 0 0 0 0 0.0655248 0.27 0 0 0 0 0 0 0.419197 0 0.0638557 
0.37025 0.496472 0 0 0.0447622 0.117156 0.125408 0.957996 0.959112 0.331609 0.606025 0.6 0.710151 0.129073 0 0.182878 0.10125 0 0.0442968 0.249766 0 0.252624 0 0 0 0 0 0 0.0414648 0.170859 0 0 0 0 0 0 0.527528 0 0.167743 
0.356832 0.496472 0 0 0.0359757 0.120197 0.12542 0.96575 0.966775 0.345758 0.63005 0.6 0.675728 0.305535 0 0.0903103 0.0499999 0 0.021875 0.253901 0 0.217306 0 0 0 0 0 0 0.0204764 0.0843749 0 0 0 0 0 0 0.64454 0 0.281265 
0.351205 0.496472 0 0 0.0271285 0.122507 0.125515 0.973673 0.974528 0.367882 0.663562 0.6 0.638642 0.480178 0 0.0248353 0.01375 0 0.00601561 0.255092 0 0.17465 0 0 0 0 0 0 0.00563102 0.0232031 0 0 0 0 0 0 0.704087 0 0.321395 
0.376268 0.497063 0 0 0.0187352 0.123677 0.125788 0.981314 0.981952 0.407691 0.725245 0.6 0.6 0.558623 0 0 0 0 0 0.256066 0 0.137914 0 0 0 0 0 0 0 0 0 0 0 0 0 0 0.725363 0 0.328452 
0.427474 0.498472 0 0 0.0113109 0.124142 0.126226 0.988219 0.988629 0.464087 0.807136 0.523346 0.515907 0.321716 0 0 0 0 0.00565804 0.271345 0 0.111978 0 0 0 0 0 0 0 0.0244921 0 0 0 0 0 0 0.72624 0 0.310818 
0.468853 0.500155 0 0 0.00537031 0.124462 0.126698 0.993937 0.994142 0.523862 0.872578 0.408359 0.413005 0.038479 0 0 0 0 0.021274 0.293249 0 0.091214 0 0 0 0 0 0 0 0.0890624 0 0 0 0 0 0 0.727117 0 0.273919 
0.4873 0.502474 0 0 0.00142839 0.124825 0.127281 0.998015 0.998072 0.592948 0.90738 0.37 0.37 0 0 0 0 0 0.0448106 0.301139 0 0.0808786 0 0 0 0 0 0 0 0.180351 0 0 0 0 0 0 0.725363 0 0.241757 
0.49592 0.505067 0 0 0 0.125044 0.127898 1 1 0.665413 0.925734 0.38976 0.38976 0.00430372 0 0 0 0 0.0742307 0.325449 0.00997328 0.0627378 0 0 0 0 0 0 0 0.285 0 0 0 0 0 0 0.722333 0 0.231245 
0.498051 0.506294 0 0 0 0.125117 0.128185 1 1 0.710259 0.933562 0.43688 0.43688 0.0330054 0 0 0 0 0.107497 0.347486 0.0337559 0.0414636 0 0 0 0 0 0 0 0.389649 0 0 0 0 0 0 0.705628 0 0.219493 
0.498051 0.506294 0 0 0 0.125155 0.128224 1 1 0.731043 0.93814 0.49312 0.49312 0.258647 0 0 0 0 0.142572 0.284395 0.0621415 0.0211721 0 0 0 0 0 0 0 0.480938 0 0 0 0 0 0 0.675868 0 0.189115 
0.498051 0.506294 0 0 0 0.12526 0.128331 1 1 0.751908 0.942775 0.54024 0.54024 0.503193 0 0 0 0 0.177419 0.158954 0.0859239 0.00597899 0 0 0 0 0 0 0 0.545508 0 0 0 0 0 0 0.636584 0 0.152897 
0.498051 0.506294 0 0 0 0.125422 0.128496 1 1 0.772731 0.947436 0.56 0.56 0.559011 0 0 0 0 0.21 0.0669064 0.0958972 0 0 0 0 0 0 0 0 0.57 0 0 0 0 0 0 0.568885 0 0.120408 
0.498051 0.506294 0 0 0 0.125627 0.128706 1 1 0.793388 0.952091 0.539866 0.539866 0.517893 0 0 0 0 0.249452 0.0321493 0.0859239 0 0.0207999 0.0291199 0.0291199 0.00831998 0 0 0.0152672 0.51072 0 0 0 0 0 0 0.453271 0 0.0903258 
0.498051 0.506294 0 0 0 0.125863 0.128948 1 1 0.813754 0.956708 0.491598 0.491598 0.418162 0 0 0 0 0.299034 0.0120816 0.0621415 0 0.0703998 0.0985598 0.0985598 0.0281599 0 0 0.0566014 0.36936 0 0 0 0 0 0 0.305131 0 0.0582698 
0.498051 0.506294 0 0 0 0.12612 0.129211 1 1 0.833705 0.961256 0.433398 0.433398 0.295256 0 0 0 0 0.347889 0.00270192 0.0337559 0 0.1296 0.18144 0.18144 0.0518399 0 0 0.117302 0.200641 0 0 0 0 0 0 0.15791 0 0.029214 
0.498051 0.506294 0 0 0 0.126385 0.129481 1 1 0.853118 0.965704 0.383464 0.383464 0.184613 0 0 0 0 0.385163 8.54555e-06 0.00997328 0 0.1792 0.25088 0.25088 0.07168 0 0 0.190669 0.0592798 0 0 0 0 0 0 0.0450513 0 0.00813251 
0.498051 0.506294 0 0 0 0.126646 0.129748 1 1 0.871868 0.97002 0.36 0.36 0.121672 0 0 0 0 0.4 0 0 0 0.2 0.28 0.28 0.08 0 0 0.27 0 0 0 0 0 0 0 0 0 0 
0.498051 0.506294 0 0 0 0.12689 0.129998 1 1 0.889831 0.974172 0.356196 0.356196 0.216782 0.0809257 0 0 0 0.377843 0.00937142 0.0100203 0 0.193141 0.27216 0.27942 0.0798343 0 0 0.4353 0 0 0 0 0 0 0 0.00309884 0 0.00728559 
0.498051 0.506294 0 0 0 0.127107 0.13022 1 1 0.906883 0.978128 0.353068 0.353068 0.368065 0.220906 0 0 0 0.3207 0.0348081 0.0372182 0 0.17476 0.25088 0.26708 0.0763087 0 0 0.56056 0 0 0 0 0 0 0 0.0146972 0 0.0329908 
0.498051 0.506294 0 0 0 0.127284 0.130401 1 1 0.9229 0.981857 0.350551 0.350551 0.452267 0.363553 0 0 0 0.242566 0.0722938 0.0772994 0 0.148148 0.21952 0.240079 0.068594 0 0 0.536474 0 0 0 0 0 0 0 0.0435699 0 0.0960198 
0.498051 0.506294 0 0 0 0.12741 0.130529 1 1 0.937758 0.985328 0.34858 0.34858 0.519524 0.523835 0 0 0 0.157435 0.117812 0.125969 0 0.116598 0.18144 0.207913 0.0594037 0 0 0.472973 0 0 0 0 0 0 0 0.0890323 0 0.19198 
0.498051 0.506294 0 0 0 0.127471 0.130593 1 1 0.951333 0.988509 0.347089 0.347089 0.547014 0.65459 0 0 0 0.0793006 0.167347 0.178934 0 0.0834021 0.14 0.173281 0.0495087 0 0 0.383196 0 0 0 0 0 0 0 0.140348 0 0.291701 
0.498051 0.506294 0 0 0 0.127457 0.130578 1 1 0.9635 0.991368 0.346015 0.346015 0.477108 0.708655 0 0 0 0.0221577 0.216882 0.231898 0 0.051852 0.0985602 0.13888 0.03968 0 0 0.28028 0 0 0 0 0 0 0 0.186781 0 0.36601 
0.498051 0.506294 0 0 0 0.127356 0.130474 1 1 0.974136 0.993874 0.345293 0.345293 0.321231 0.695195 0 0 0 0 0.2624 0.280569 0 0.02524 0.0604799 0.0984008 0.0281145 0 0 0.177364 0 0 0 0 0 0 0 0.223779 0 0.408007 
0.498051 0.506294 0 0 0 0.127155 0.130269 1 1 0.983116 0.995995 0.344857 0.344857 0.160156 0.653362 0 0 0 0.0296875 0.299886 0.32065 0 0.0068587 0.02912 0.0527474 0.0150707 0 0 0.0875874 0 0 0 0 0 0 0 0.257632 0 0.432958 
0.498051 0.506294 0 0 0 0.126843 0.129949 1 1 0.990317 0.9977 0.344643 0.344643 0 0.585405 0 0 0 0.095 0.325323 0.347848 0 0 0.00783999 0.0154403 0.00441151 0 0 0.0240865 0 0 0 0 0 0 0 0.293862 0 0.444939 
0.498051 0.506294 0 0 0 0.126407 0.129504 1 1 0.995614 0.998957 0.344586 0.344586 0 0.504514 0 0 0 0.160313 0.334694 0.357868 0 0 0 0 0 0 0 0 0.095 0 0 0 0 0 0 0.337995 0 0.448026 
0.498051 0.506294 0 0 0 0.125836 0.12892 1 1 0.998883 0.999734 0.340331 0.340331 0.0932615 0.424923 0 0 0 0.19 0.317401 0.312851 0.00781993 0 0 0 0 0 0 0 0.19 0 0 0 0 0 0 0.396718 0 0.437065 
0.498051 0.506294 0 0 0 0.125117 0.128185 1 1 1 1 0.330332 0.330332 0.30438 0.299503 0 0 0 0.175926 0.276965 0.211681 0.0261525 0 0 0 0 0 0 0 0.175926 0 0 0 0 0 0 0.467834 0 0.408668 
0.496844 0.505067 0 0 0 0.124102 0.127146 1 1 0.997007 0.997007 0.318741 0.318741 0.530359 0.123984 0 0 0 0.140741 0.230553 0.105175 0.0473067 0 0 0 0 0 0 0 0.140741 0 0 0 0 0 0 0.543531 0 0.369566 
0.493439 0.501605 0 0 0 0.12269 0.125703 1 1 0.988574 0.988574 0.309708 0.309708 0.668198 0 0.0231699 0 0 0.0949998 0.195332 0.0441531 0.0635918 0 0 0 0 0 0 0 0.0949998 0 0 0 0 0 0 0.616002 0 0.32649 
0.488162 0.49624 0 0 0 0.120946 0.123919 1 1 0.975515 0.975515 0.30436 0.30436 0.711326 0 0.0972302 0 0 0.0492592 0.17904 0.0232214 0.0726046 0 0 0 0 0 0 0 0.0492592 0 0 0 0 0 0 0.677435 0 0.28617 
0.48134 0.489304 0 0 0 0.118934 0.12186 1 1 0.958647 0.958647 0.301101 0.301101 0.729155 0 0.142808 0 0 0.014074 0.172469 0.00670482 0.0775185 0 0 0 0 0 0 0 0.014074 0 0 0 0 0 0 0.720022 0 0.255338 
0.473298 0.481127 0 0 0 0.116716 0.119592 1 1 0.938786 0.938786 0.3 0.3 0.732659 0 0.215877 0 0 0 0.167372 0 0.0790069 0 0 0 0 0 0 0 0 0 0 0 0 0 0 0.735953 0 0.240724 
0.464363 0.472041 0 0 0 0.114357 0.11718 1 1 0.916748 0.916748 0.313533 0.313533 0.666974 0 0.376862 0.00711313 0 0.0048873 0.149121 0 0.0756121 0.0243454 0 0 0 0.0239939 0.0239939 0.0188664 0.0473735 0 0 0 0 0 0 0.717528 0 0.235939 
0.454859 0.462378 0 0 0 0.111921 0.114688 1 1 0.893349 0.893349 0.350231 0.350231 0.510275 0 0.565339 0.0256329 0 0.0163894 0.115034 0 0.0666621 0.0810304 0 0 0 0.0797804 0.0797804 0.0663757 0.157345 0 0 0 0 0 0 0.677063 0 0.230104 
0.445113 0.452469 0 0 0 0.109471 0.112182 1 1 0.869406 0.869406 0.404246 0.404246 0.323094 0 0.656008 0.0513299 0 0.0297664 0.0747848 0 0.0540087 0.145528 0 0 0 0.143067 0.143067 0.128893 0.281692 0 0 0 0 0 0 0.63677 0 0.223213 
0.435451 0.442645 0 0 0 0.107071 0.109727 1 1 0.845733 0.845733 0.469727 0.469727 0.165963 0 0.625338 0.0799746 0 0.0402787 0.0380441 0 0.0395035 0.193311 0 0 0 0.189561 0.189561 0.192783 0.37219 0 0 0 0 0 0 0.618861 0 0.215258 
0.426198 0.433237 0 0 0 0.104785 0.107389 1 1 0.823148 0.823148 0.540826 0.540826 0.0546576 0 0.561908 0.12496 0 0.0475789 0.00856124 0 0.0249982 0.21919 0 0 0 0.214317 0.214317 0.300161 0.418255 0 0 0 0 0 0 0.638405 0 0.203851 
0.417681 0.424577 0 0 0 0.102676 0.105233 1 1 0.802466 0.802466 0.611692 0.611692 0.00108646 0 0.508595 0.172253 0 0.0538894 0.00211455 0 0.0123448 0.235796 0 0 0 0.22978 0.22978 0.335656 0.444845 0 0 0 0 0 0 0.680507 0 0.189792 
0.410225 0.416996 0 0 0 0.100809 0.103324 1 1 0.784503 0.784503 0.676476 0.676476 0 0 0.488903 0.205168 0.0107414 0.0583248 0.000106025 0 0.00339482 0.245332 0 0 0 0.237744 0.237744 0.3574 0.457061 0 0 0 0 0 0 0.722435 0 0.177855 
0.404157 0.410825 0 0 0 0.0992462 0.101727 1 1 0.770076 0.770076 0.729327 0.729327 0 0 0.486192 0.236647 0.0181971 0.06 0 0 0 0.25 0 0 0 0.24 0.24 0.374769 0.46 0 0 0 0 0 0 0.741463 0 0.172815 
0.399801 0.406396 0 0 0 0.0980526 0.100507 1 1 0.76 0.76 0.765649 0.765649 0 0 0.489234 0.265768 0.0220838 0.06 0 0 0 0.252929 0.00541 0.0202864 0 0.24 0.24 0.390733 0.46 0 0 0 0 0 0 0.735847 0 0.172815 
0.396423 0.40296 0 0 0 0.0970757 0.0995088 1 1 0.752503 0.752503 0.78645 0.78645 0 0 0.496825 0.291613 0.0251059 0.06 0 0 0 0.255767 0.0200448 0.0474999 0 0.24 0.24 0.402322 0.46 0 0 0 0 0 0 0.725419 0 0.172815 
0.393068 0.399548 0 0 0 0.0961209 0.0985335 1 1 0.745262 0.745262 0.794299 0.794299 0 0 0.506663 0.313259 0.0299678 0.06 0 0 0 0.258491 0.0415114 0.0786717 0 0.24 0.24 0.41 0.46 0 0 0 0 0 0 0.719804 0 0.172815 
0.38974 0.396164 0 0 0 0.0951876 0.0975803 1 1 0.73827 0.73827 0.79609 0.79609 0 0 0.519539 0.33092 0.0377426 0.06 0 0 0 0.261081 0.0674169 0.110833 0 0.24 0.24 0.414989 0.46 0 0 0 0 0 0 0.722056 0 0.172815 
0.386443 0.392811 0 0 0 0.0942756 0.0966488 1 1 0.73152 0.73152 0.797142 0.797142 0 0 0.535503 0.345207 0.046617 0.06 0 0 0 0.263517 0.0953686 0.141015 0 0.24 0.24 0.418384 0.46 0 0 0 0 0 0 0.727427 0 0.172815 
0.38318 0.389493 0 0 0 0.0933842 0.0957385 1 1 0.725005 0.725005 0.797649 0.797649 0 0 0.551136 0.355805 0.054967 0.06 0 0 0 0.265777 0.122973 0.16625 0 0.24 0.24 0.420464 0.46 0 0 0 0 0 0 0.733839 0 0.172815 
0.379954 0.386211 0 0 0 0.0925131 0.0948489 1 1 0.718717 0.718717 0.79781 0.79781 0 0 0.563022 0.362396 0.0611682 0.06 0 0 0 0.267841 0.147839 0.183568 0 0.24 0.24 0.421508 0.46 0 0 0 0 0 0 0.73921 0 0.172815 
0.376767 0.382971 0 0 0 0.0916618 0.0939797 1 1 0.712649 0.712649 0.79782 0.79782 0 0 0.567744 0.364663 0.0635962 0.06 0 0 0 0.269688 0.167571 0.19 0 0.24 0.24 0.421794 0.46 0 0 0 0 0 0 0.741463 0 0.172815 
0.373624 0.379774 0 0 0 0.0908299 0.0931303 1 1 0.706794 0.706794 0.79782 0.79782 0 0 0.566779 0.364622 0.0635741 0.0600019 0 0 0 0.273147 0.183766 0.193079 0 0.240008 0.240008 0.421794 0.460015 0 0 0 0 0 0 0.741463 0 0.172815 
0.370528 0.376625 0 0 0 0.0900169 0.0923003 1 1 0.701145 0.701145 0.79782 0.79782 0 0 0.564158 0.364526 0.0635106 0.0600075 0 0 0 0.279294 0.19923 0.201018 0 0.24003 0.24003 0.421794 0.460058 0 0 0 0 0 0 0.741463 0 0.172815 
0.367481 0.373526 0 0 0 0.0892224 0.0914893 1 1 0.695693 0.695693 0.79782 0.79782 0 0 0.560289 0.364413 0.0634095 0.0600164 0 0 0 0.286976 0.213391 0.211873 0 0.240066 0.240066 0.421794 0.460126 0 0 0 0 0 0 0.741463 0 0.172815 
0.364487 0.370481 0 0 0 0.088446 0.0906967 1 1 0.690432 0.690432 0.79782 0.79782 0 0 0.555578 0.364321 0.0632751 0.0600283 0 0 0 0.295041 0.225674 0.223696 0 0.240113 0.240113 0.421794 0.460217 0 0 0 0 0 0 0.741463 0 0.172815 
0.361549 0.367493 0 0 0 0.0876871 0.0899221 1 1 0.685355 0.685355 0.79782 0.79782 0 0 0.550434 0.36429 0.0631111 0.0600429 0 0 0 0.302335 0.235507 0.234544 0 0.240172 0.240172 0.421794 0.460329 0 0 0 0 0 0 0.741463 0 0.172815 
0.358671 0.364565 0 0 0 0.0869453 0.0891651 1 1 0.680454 0.680454 0.79782 0.79782 0 0 0.545266 0.364357 0.0629218 0.0600599 0 0 0 0.307705 0.242316 0.242469 0 0.24024 0.24024 0.421794 0.460459 0 0 0 0 0 0 0.741463 0 0.172815 
0.355854 0.361701 0 0 0 0.0862202 0.0884251 1 1 0.675722 0.675722 0.79782 0.79782 0 0 0.54048 0.364561 0.062711 0.0600789 0 0 0 0.31 0.245527 0.245527 0 0.240316 0.240316 0.421794 0.460605 0 0 0 0 0 0 0.741463 0 0.172815 
0.353104 0.358903 0 0 0 0.0855114 0.0877018 1 1 0.671152 0.671152 0.79782 0.79782 0 0 0.536485 0.364942 0.0624829 0.0600996 0 0 0 0.310308 0.245199 0.24417 0 0.240398 0.240398 0.421794 0.460764 0 0 0 0 0 0 0.741463 0 0.172815 
0.350422 0.356175 0 0 0 0.0848184 0.0869946 1 1 0.666736 0.666736 0.79782 0.79782 0 0 0.532916 0.365536 0.0622414 0.0601217 0 0 0 0.310489 0.242164 0.240496 0 0.240487 0.240487 0.421794 0.460933 0 0 0 0 0 0 0.741463 0 0.172815 
0.347812 0.353521 0 0 0 0.0841407 0.0863032 1 1 0.662467 0.662467 0.79782 0.79782 0 0 0.529201 0.366384 0.0619905 0.0601449 0 0 0 0.310549 0.237007 0.235029 0 0.24058 0.24058 0.421794 0.461111 0 0 0 0 0 0 0.741463 0 0.172815 
0.345277 0.350943 0 0 0 0.0834779 0.085627 1 1 0.658338 0.658338 0.79782 0.79782 0 0 0.525432 0.367523 0.0617343 0.0601688 0 0 0 0.310492 0.230312 0.228293 0 0.240675 0.240675 0.421794 0.461294 0 0 0 0 0 0 0.741463 0 0.172815 
0.342821 0.348444 0 0 0 0.0828296 0.0849655 1 1 0.654341 0.654341 0.79782 0.79782 0 0 0.521703 0.368993 0.0614768 0.0601932 0 0 0 0.310323 0.222665 0.220811 0 0.240773 0.240773 0.421794 0.461481 0 0 0 0 0 0 0.741463 0 0.172815 
0.340446 0.346029 0 0 0 0.0821952 0.0843184 1 1 0.650469 0.650469 0.79782 0.79782 0 0 0.518108 0.370831 0.0612219 0.0602177 0 0 0 0.310047 0.21465 0.213106 0 0.240871 0.240871 0.421794 0.461669 0 0 0 0 0 0 0.741463 0 0.172815 
0.338156 0.343699 0 0 0 0.0815745 0.0836852 1 1 0.646716 0.646716 0.79782 0.79782 0 0 0.514738 0.373076 0.0609738 0.0602419 0 0 0 0.309668 0.206855 0.205701 0 0.240968 0.240968 0.421794 0.461855 0 0 0 0 0 0 0.741463 0 0.172815 
0.335954 0.341459 0 0 0 0.0809668 0.0830654 1 1 0.643073 0.643073 0.79782 0.79782 0 0 0.511689 0.375768 0.0607364 0.0602656 0 0 0 0.309191 0.199862 0.199121 0 0.241063 0.241063 0.421794 0.462037 0 0 0 0 0 0 0.741463 0 0.172815 
0.333843 0.339312 0 0 0 0.0803718 0.0824585 1 1 0.639533 0.639533 0.79782 0.79782 0 0 0.509053 0.378943 0.0605137 0.0602885 0 0 0 0.308621 0.194258 0.193887 0 0.241154 0.241154 0.421794 0.462212 0 0 0 0 0 0 0.741463 0 0.172815 
0.331827 0.337261 0 0 0 0.0797891 0.0818641 1 1 0.636089 0.636089 0.79782 0.79782 0 0 0.506924 0.382642 0.0603098 0.0603102 0 0 0 0.307962 0.190628 0.190525 0 0.241241 0.241241 0.421794 0.462378 0 0 0 0 0 0 0.741463 0 0.172815 
0.329908 0.335309 0 0 0 0.0792181 0.0812817 1 1 0.632733 0.632733 0.79782 0.79782 0 0 0.505394 0.386902 0.0601287 0.0603304 0 0 0 0.30722 0.189556 0.189556 0 0.241321 0.241321 0.421794 0.462533 0 0 0 0 0 0 0.741463 0 0.172815 
0.328089 0.333459 0 0 0 0.0786584 0.0807109 1 1 0.62946 0.62946 0.79782 0.79782 0 0 0.504346 0.395512 0.0599639 0.0603487 0 0 0 0.306398 0.193637 0.193637 0 0.241395 0.241395 0.421794 0.462674 0 0 0 0 0 0 0.741463 0 0.172815 
0.326375 0.331715 0 0 0 0.0781097 0.0801513 1 1 0.62626 0.62626 0.79782 0.79782 0 0 0.503576 0.410314 0.0598061 0.0603649 0 0 0 0.305502 0.203471 0.203471 0 0.24146 0.24146 0.421794 0.462798 0 0 0 0 0 0 0.741463 0 0.172815 
0.324767 0.33008 0 0 0 0.0775713 0.0796022 1 1 0.623127 0.623127 0.79782 0.79782 0 0 0.503052 0.428435 0.0596543 0.0603787 0 0 0 0.304536 0.216662 0.216662 0 0.241515 0.241515 0.421794 0.462903 0 0 0 0 0 0 0.741463 0 0.172815 
0.32327 0.328557 0 0 0 0.077043 0.0790634 1 1 0.620053 0.620053 0.79782 0.79782 0 0 0.502742 0.447 0.0595077 0.0603896 0 0 0 0.303506 0.23081 0.23081 0 0.241558 0.241558 0.421794 0.462987 0 0 0 0 0 0 0.741463 0 0.172815 
0.321886 0.327149 0 0 0 0.0765242 0.0785342 1 1 0.617032 0.617032 0.79782 0.79782 0 0 0.502613 0.463132 0.0593654 0.0603975 0 0 0 0.302415 0.243516 0.243516 0 0.24159 0.24159 0.421794 0.463047 0 0 0 0 0 0 0.741463 0 0.172815 
0.320619 0.32586 0 0 0 0.0760144 0.0780144 1 1 0.614055 0.614055 0.79782 0.79782 0 0 0.502633 0.473957 0.0592267 0.0604019 0 0 0 0.301269 0.25238 0.25238 0 0.241607 0.241607 0.421794 0.463081 0 0 0 0 0 0 0.741463 0 0.172815 
0.319472 0.324693 0 0 0 0.0755134 0.0775033 1 1 0.611116 0.611116 0.79782 0.79782 0 0 0.50277 0.480811 0.0590906 0.0604025 0 0 0 0.300072 0.258524 0.258524 0 0.24161 0.24161 0.421794 0.463086 0 0 0 0 0 0 0.741463 0 0.172815 
0.318448 0.323651 0 0 0 0.0750205 0.0770006 1 1 0.608207 0.608207 0.79782 0.79782 0 0 0.502991 0.48698 0.0589564 0.0603991 0 0 0 0.298829 0.264614 0.264614 0 0.241596 0.241596 0.421794 0.463059 0 0 0 0 0 0 0.741463 0 0.172815 
0.31755 0.322738 0 0 0 0.0745354 0.0765058 0.999266 0.999266 0.605322 0.605322 0.79782 0.79782 0 0 0.503264 0.492514 0.0588233 0.0603912 0 0 0 0.297545 0.270576 0.270576 0 0.241565 0.241565 0.421794 0.462999 0 0 0 0 0 0 0.741463 0 0.172815 
0.316781 0.321956 0 0 0 0.0740576 0.0760184 0.99716 0.99716 0.602452 0.602452 0.79782 0.79782 0 0 0.503557 0.497462 0.0586903 0.0603787 0 0 0 0.296224 0.276333 0.276333 0 0.241515 0.241515 0.421794 0.462903 0 0 0 0 0 0 0.741463 0 0.172815 
0.316145 0.321309 0 0 0 0.0735866 0.075538 0.993829 0.993829 0.59959 0.59959 0.79782 0.79782 0 0 0.503837 0.501876 0.0585567 0.0603611 0 0 0 0.294872 0.281808 0.281808 0 0.241444 0.241444 0.421794 0.462768 0 0 0 0 0 0 0.741463 0 0.172815 
0.315645 0.3208 0 0 0 0.0731221 0.075064 0.989419 0.989419 0.596729 0.596729 0.79782 0.79782 0 0 0.504071 0.505806 0.0584216 0.0603381 0 0 0 0.293492 0.286924 0.286924 0 0.241352 0.241352 0.421794 0.462592 0 0 0 0 0 0 0.741463 0 0.172815 
0.315284 0.320433 0 0 0 0.0726635 0.0745962 0.984077 0.984077 0.593863 0.593863 0.79782 0.79782 0 0 0.504229 0.509301 0.0582843 0.0603094 0 0 0 0.29209 0.291607 0.291607 0 0.241238 0.241238 0.421794 0.462372 0 0 0 0 0 0 0.741463 0 0.172815 
0.315065 0.32021 0 0 0 0.0722104 0.0741339 0.97795 0.97795 0.590982 0.590982 0.79782 0.79782 0 0 0.504276 0.512411 0.0581437 0.0602748 0 0 0 0.29067 0.295778 0.295778 0 0.241099 0.241099 0.421794 0.462107 0 0 0 0 0 0 0.741463 0 0.172815 
0.314991 0.320135 0 0 0 0.0717625 0.0736767 0.971182 0.971182 0.588081 0.588081 0.79782 0.79782 0 0 0.504181 0.515188 0.0579992 0.0602338 0 0 0 0.289237 0.299362 0.299362 0 0.240935 0.240935 0.421794 0.461792 0 0 0 0 0 0 0.741463 0 0.172815 
0.314991 0.320135 0 0 0 0.0713625 0.0732686 0.963922 0.963922 0.585466 0.585466 0.79782 0.79782 0 0 0.503911 0.51768 0.0578499 0.0601861 0 0 0 0.287796 0.302283 0.302283 0 0.240744 0.240744 0.421794 0.461427 0 0 0 0 0 0 0.741463 0 0.172815 
0.314991 0.320135 0 0 0 0.071049 0.0729486 0.956315 0.956315 0.583416 0.583416 0.79782 0.79782 0 0 0.503435 0.519939 0.0576949 0.0601315 0 0 0 0.286351 0.304463 0.304463 0 0.240526 0.240526 0.421794 0.461008 0 0 0 0 0 0 0.741463 0 0.172815 
0.314991 0.320135 0 0 0 0.0708145 0.0727093 0.948507 0.948507 0.581882 0.581882 0.79782 0.79782 0 0 0.502719 0.522014 0.0575335 0.0600696 0 0 0 0.284907 0.305828 0.305828 0 0.240278 0.240278 0.421794 0.460533 0 0 0 0 0 0 0.741463 0 0.172815 
0.314991 0.320135 0 0 0 0.0706516 0.072543 0.940645 0.940645 0.580817 0.580817 0.79782 0.79782 0 0 0.501731 0.523956 0.0573647 0.06 0 0 0 0.283469 0.3063 0.3063 0 0.24 0.24 0.421794 0.46 0 0 0 0 0 0 0.741463 0 0.172815 
0.314991 0.320135 0 0 0 0.0705528 0.0724422 0.932875 0.932875 0.580171 0.580171 0.79782 0.79782 0 0 0.500314 0.525538 0.0572033 0.0598857 0 0 0 0.281754 0.306074 0.306074 0 0.239543 0.239543 0.421794 0.459123 0 0 0 0 0 0 0.741463 0 0.172815 
0.314991 0.320135 0 0 0 0.0705108 0.0723994 0.925344 0.925344 0.579897 0.579897 0.79782 0.79782 0 0 0.498387 0.526551 0.057059 0.0596976 0 0 0 0.279535 0.305362 0.305362 0 0.23879 0.23879 0.421794 0.457681 0 0 0 0 0 0 0.741463 0 0.172815 
0.314991 0.320135 0 0 0 0.0705182 0.072407 0.918198 0.918198 0.579945 0.579945 0.79782 0.79782 0 0 0.496039 0.527065 0.0569237 0.0594477 0 0 0 0.276904 0.30411 0.30411 0 0.237791 0.237791 0.421794 0.455766 0 0 0 0 0 0 0.741463 0 0.172815 
0.314991 0.320135 0 0 0 0.0705676 0.0724574 0.911583 0.911583 0.580268 0.580268 0.79782 0.79782 0 0 0.493355 0.527154 0.0567893 0.0591481 0 0 0 0.273952 0.302266 0.302266 0 0.236593 0.236593 0.421794 0.453469 0 0 0 0 0 0 0.741463 0 0.172815 
0.314991 0.320135 0 0 0 0.0706516 0.072543 0.905646 0.905646 0.580817 0.580817 0.79782 0.79782 0 0 0.490423 0.52689 0.0566478 0.0588108 0 0 0 0.270772 0.299776 0.299776 0 0.235243 0.235243 0.421794 0.450883 0 0 0 0 0 0 0.741463 0 0.172815 
0.314991 0.320135 0 0 0 0.0707626 0.0726564 0.900533 0.900533 0.581543 0.581543 0.79782 0.79782 0 0 0.48733 0.526346 0.0564909 0.0584477 0 0 0 0.267455 0.296589 0.296589 0 0.233791 0.233791 0.421794 0.448099 0 0 0 0 0 0 0.741463 0 0.172815 
0.314991 0.320135 0 0 0 0.0708935 0.0727899 0.89639 0.89639 0.582399 0.582399 0.79782 0.79782 0 0 0.484161 0.525594 0.0563107 0.0580708 0 0 0 0.264093 0.292651 0.292651 0 0.232283 0.232283 0.421794 0.44521 0 0 0 0 0 0 0.741463 0 0.172815 
0.314991 0.320135 0 0 0 0.0710367 0.072936 0.892829 0.892829 0.583335 0.583335 0.79782 0.79782 0 0 0.481004 0.524707 0.056099 0.0576922 0 0 0 0.260776 0.28791 0.28791 0 0.230769 0.230769 0.421794 0.442307 0 0 0 0 0 0 0.741463 0 0.172815 
0.314991 0.320135 0 0 0 0.0711848 0.0730872 0.889363 0.889363 0.584304 0.584304 0.79782 0.79782 0 0 0.477947 0.523756 0.0558477 0.0573238 0 0 0 0.257598 0.282312 0.282312 0 0.229295 0.229295 0.421794 0.439482 0 0 0 0 0 0 0.741463 0 0.172815 
0.314991 0.320135 0 0 0 0.0713304 0.0732358 0.885997 0.885997 0.585256 0.585256 0.79782 0.79782 0 0 0.475074 0.522815 0.0555487 0.0569776 0 0 0 0.254649 0.275805 0.275805 0 0.227911 0.227911 0.421794 0.436828 0 0 0 0 0 0 0.741463 0 0.172815 
0.314991 0.320135 0 0 0 0.0714662 0.0733744 0.882731 0.882731 0.586144 0.586144 0.79782 0.79782 0 0 0.472474 0.521957 0.055194 0.0566657 0 0 0 0.252021 0.268336 0.268336 0 0.226663 0.226663 0.421794 0.434437 0 0 0 0 0 0 0.741463 0 0.172815 
0.314991 0.320135 0 0 0 0.0715847 0.0734953 0.879568 0.879568 0.586919 0.586919 0.79782 0.79782 0 0 0.470233 0.521252 0.0547754 0.0564 0 0 0 0.249805 0.259852 0.259852 0 0.2256 0.2256 0.421794 0.4324 0 0 0 0 0 0 0.741463 0 0.172815 
0.314991 0.320135 0 0 0 0.0716785 0.0735911 0.876512 0.876512 0.587533 0.587533 0.79782 0.79782 0 0 0.468559 0.520596 0.0543468 0.0561358 0 0 0 0.247801 0.250564 0.250371 0 0.224622 0.224622 0.421794 0.430709 0 0 0 0 0 0 0.741463 0 0.172815 
0.314991 0.320135 0 0 0 0.0717402 0.0736541 0.873563 0.873563 0.587936 0.587936 0.79782 0.79782 0 0 0.467536 0.519842 0.0539616 0.0558256 0 0 0 0.245752 0.240747 0.240009 0 0.223602 0.223602 0.421794 0.42927 0 0 0 0 0 0 0.741463 0 0.172815 
0.314991 0.320135 0 0 0 0.0717625 0.0736767 0.870724 0.870724 0.588081 0.588081 0.79782 0.79782 0 0 0.467067 0.519001 0.0536111 0.0554771 0 0 0 0.243674 0.230443 0.228867 0 0.222549 0.222549 0.421794 0.428047 0 0 0 0 0 0 0.741463 0 0.172815 
0.492586 0.496396 0 0 0 0.122578 0.125912 0.867999 0.867999 0.588081 0.588081 0.79782 0.79782 0 0 0.467052 0.518087 0.0532866 0.0550981 0 0 0 0.241579 0.219697 0.217043 0 0.221472 0.221472 0.421794 0.427003 0 0 0 0 0 0 0.741463 0 0.172815 
0.822405 0.823739 0 0 0 0.216951 0.222921 0.865388 0.865388 0.588081 0.588081 0.79782 0.79782 0 0 0.467393 0.517113 0.0529793 0.0546964 0 0 0 0.23948 0.208551 0.204635 0 0.220378 0.220378 0.421794 0.426104 0 0 0 0 0 0 0.741463 0 0.172815 
1 1 0 0 0 0.267767 0.275156 0.862895 0.862895 0.588081 0.588081 0.79782 0.79782 0 0 0.467993 0.516091 0.0526806 0.0542796 0 0 0 0.237391 0.19705 0.191741 0 0.219276 0.219276 0.421794 0.425311 0 0 0 0 0 0 0.741463 0 0.172815 
1 1 0 0 0 0.267767 0.275156 0.860522 0.860522 0.588081 0.588081 0.79782 0.79782 0 0 0.468754 0.515033 0.0523818 0.0538555 0 0 0 0.235325 0.185236 0.178462 0 0.218176 0.218176 0.421794 0.424591 0 0 0 0 0 0 0.741463 0 0.172815 
0.922242 0.922242 0 0 0 0.246709 0.253457 0.858272 0.858272 0.588081 0.588081 0.79782 0.79782 0 0 0.469576 0.513952 0.052074 0.0534318 0 0 0 0.233296 0.173153 0.164895 0 0.217084 0.217084 0.421794 0.423906 0 0 0 0 0 0 0.741463 0 0.172815 
0.736377 0.736377 0 0 0 0.196377 0.201618 0.856145 0.856145 0.588081 0.588081 0.79782 0.79782 0 0 0.470363 0.512861 0.0517487 0.0530164 0 0 0 0.231317 0.160843 0.151138 0 0.216011 0.216011 0.421794 0.42322 0 0 0 0 0 0 0.741463 0 0.172815 
0.513514 0.513514 0 0 0 0.136038 0.139532 0.854146 0.854146 0.588081 0.588081 0.79782 0.79782 0 0 0.471015 0.511772 0.0513971 0.052617 0 0 0 0.229401 0.148352 0.137292 0 0.214964 0.214964 0.421794 0.422497 0 0 0 0 0 0 0.741463 0 0.172815 
0.324764 0.324764 0 0 0 0.084957 0.0870862 0.852276 0.852276 0.588081 0.588081 0.79782 0.79782 0 0 0.471434 0.510698 0.0510105 0.0522412 0 0 0 0.227562 0.13572 0.123453 0 0.213952 0.213952 0.421794 0.421701 0 0 0 0 0 0 0.741463 0 0.172815 
0.241242 0.241242 0 0 0 0.0624003 0.0641737 0.850538 0.850538 0.588081 0.588081 0.79782 0.79782 0 0 0.471524 0.509651 0.0505802 0.0518969 0 0 0 0.225812 0.122994 0.109722 0 0.212983 0.212983 0.421794 0.420797 0 0 0 0 0 0 0.741463 0 0.172815 
0.234043 0.234043 0 0 0 0.0605227 0.0626192 0.848934 0.848934 0.58642 0.58642 0.79782 0.79782 0 0 0.471184 0.508645 0.0500974 0.0515918 0 0 0 0.224166 0.110215 0.0961966 0 0.212066 0.212066 0.421794 0.419747 0 0 0 0 0 0 0.741463 0 0.172815 
0.226871 0.226871 0 0 0 0.0586405 0.0609963 0.847467 0.847467 0.581626 0.581626 0.79782 0.79782 0 0 0.470317 0.507691 0.0495535 0.0513336 0 0 0 0.222637 0.0974266 0.0829753 0 0.211209 0.211209 0.421794 0.418515 0 0 0 0 0 0 0.741463 0 0.172815 
0.219752 0.219752 0 0 0 0.0567611 0.0593168 0.846138 0.846138 0.573984 0.573984 0.79782 0.79782 0 0 0.468825 0.506802 0.0489397 0.0511302 0 0 0 0.221237 0.0846728 0.070157 0 0.210421 0.210421 0.421794 0.417067 0 0 0 0 0 0 0.741463 0 0.172815 
0.21271 0.21271 0 0 0 0.0548922 0.0575929 0.844951 0.844951 0.563779 0.563779 0.79782 0.79782 0 0 0.46661 0.505991 0.0482473 0.0509891 0 0 0 0.219981 0.0719967 0.0578404 0 0.209711 0.209711 0.421794 0.415365 0 0 0 0 0 0 0.741463 0 0.172815 
0.205769 0.205769 0 0 0 0.0530412 0.0558364 0.843907 0.843907 0.551296 0.551296 0.79782 0.79782 0 0 0.463573 0.50527 0.0474676 0.0509183 0 0 0 0.218881 0.0594416 0.046124 0 0.209087 0.209087 0.421794 0.413373 0 0 0 0 0 0 0.741463 0 0.172815 
0.198956 0.198956 0 0 0 0.0512157 0.0540593 0.84301 0.84301 0.536819 0.536819 0.79782 0.79782 0 0 0.459616 0.504651 0.046592 0.0509254 0 0 0 0.217951 0.047051 0.0351066 0 0.208557 0.208557 0.421794 0.411056 0 0 0 0 0 0 0.741463 0 0.172815 
0.192293 0.192293 0 0 0 0.0494231 0.0522736 0.84226 0.84226 0.520633 0.520633 0.79782 0.79782 0 0 0.454642 0.504149 0.0456116 0.0510181 0 0 0 0.217205 0.0348682 0.0248868 0 0.20813 0.20813 0.421794 0.408377 0 0 0 0 0 0 0.741463 0 0.172815 
0.185808 0.185808 0 0 0 0.0476709 0.0504913 0.841662 0.841662 0.503023 0.503023 0.79782 0.79782 0 0 0.448551 0.503774 0.0445178 0.0512043 0 0 0 0.216656 0.0229365 0.0155634 0 0.207815 0.207815 0.421794 0.4053 0 0 0 0 0 0 0.741463 0 0.172815 
0.179523 0.179523 0 0 0 0.0459668 0.0487243 0.841216 0.841216 0.484275 0.484275 0.79782 0.79782 0 0 0.441246 0.50354 0.0433018 0.0514917 0 0 0 0.216316 0.0112993 0.00723488 0 0.207619 0.207619 0.421794 0.401789 0 0 0 0 0 0 0.741463 0 0.172815 
0.173464 0.173464 0 0 0 0.0443181 0.0469845 0.840845 0.840845 0.464671 0.464671 0.79782 0.79782 0 0 0.432629 0.50346 0.041955 0.051888 0 0 0 0.2162 0 0 0 0.207552 0.207552 0.421794 0.397808 0 0 0 0 0 0 0.741463 0 0.172815 
0.167655 0.167655 0 0 0 0.0427325 0.045284 0.840471 0.840471 0.444498 0.444498 0.782554 0.782554 0.0101242 0 0.410859 0.499394 0 0.0530133 0 0 0.0051722 0.20691 0 0 0 0.217575 0.217575 0.427785 0.382217 0 0 0 0 0 0 0.744339 0 0.175585 
0.162122 0.162122 0 0 0 0.0412174 0.0436347 0.840099 0.840099 0.424041 0.424041 0.74175 0.74175 0.0570875 0 0.374841 0.484487 0 0.055228 0 0 0.018808 0.182419 0 0 0 0.243993 0.243993 0.467193 0.34777 0 0 0 0 0 0 0.752167 0 0.183038 
0.156889 0.156889 0 0 0 0.0397803 0.0420486 0.839733 0.839733 0.403583 0.403583 0.682897 0.682897 0.119196 0 0.330466 0.461187 0 0.05815 0 0 0.0380862 0.147793 0 0 0 0.281328 0.281328 0.418721 0.300267 0 0 0 0 0 0 0.763748 0 0.193889 
0.151981 0.151981 0 0 0 0.0384287 0.0405376 0.83938 0.83938 0.38341 0.38341 0.613482 0.613482 0.159465 0 0.277809 0.435403 0 0.0613974 0 0 0.060186 0.1081 0 0 0 0.3241 0.3241 0.335187 0.24551 0 0 0 0 0 0 0.777881 0 0.206854 
0.147423 0.147423 0 0 0 0.0371703 0.0391138 0.839043 0.839043 0.363807 0.363807 0.540996 0.540996 0.153246 0 0.224164 0.408263 0 0.064588 0.0607788 0 0.0822854 0.0684068 0 0 0 0.366832 0.366832 0.164235 0.189304 0 0 0 0 0 0 0.793368 0 0.220647 
0.14324 0.14324 0 0 0 0.0360124 0.037789 0.838728 0.838728 0.345058 0.345058 0.472928 0.472928 0.103744 0 0.176819 0.380897 0 0.06734 0.145548 0 0.101564 0.0337811 0.000513288 0 0 0.404045 0.404045 0.0844125 0.137449 0 0 0 0 0 0 0.809008 0 0.233983 
0.139456 0.139456 0 0 0 0.0349625 0.0365753 0.838439 0.838439 0.327448 0.327448 0.416766 0.416766 0.0348448 0 0.143065 0.354433 0 0.0692713 0.180732 0 0.115199 0.00928981 0.000268173 0 0 0.43026 0.43026 0.02852 0.0957467 0 0 0 0 0 0 0.823602 0 0.245578 
0.136096 0.136096 0 0 0 0.0340283 0.0354846 0.838181 0.838181 0.311263 0.311263 0.38 0.38 0 0 0.130194 0.33 0 0.07 0.191925 0 0.120372 0 0 0 0 0.44 0.44 0 0.07 0 0 0 0 0 0 0.835951 0 0.254146 
0.133185 0.133185 0 0 0 0.0332172 0.0345288 0.837959 0.837959 0.296786 0.296786 0.359411 0.359411 0.0166671 0 0.130858 0.312909 0 0.06804 0.161937 0 0.101564 0 0 0 0 0.435541 0.435541 0 0.0552136 0 0 0 0 0 0 0.84753 0 0.260576 
0.130747 0.130747 0 0 0 0.0325367 0.03372 0.837778 0.837778 0.284302 0.284302 0.346001 0.346001 0.0598055 0 0.135818 0.301138 0 0.06272 0.0959627 0 0.0601858 0 0 0 0 0.423604 0.423604 0 0.0424511 0 0 0 0 0 0 0.860246 0 0.266575 
0.128808 0.128808 0 0 0 0.0319944 0.0330701 0.837643 0.837643 0.274097 0.274097 0.338591 0.338591 0.119121 0 0.149526 0.284814 0 0.05488 0.0299883 0 0.0188081 0 0 0 0 0.40538 0.40538 0 0.0316025 0 0 0 0 0 0 0.873544 0 0.272084 
0.127393 0.127393 0 0 0 0.0315977 0.0325911 0.837558 0.837558 0.266455 0.266455 0.335998 0.335998 0.184318 0 0.176437 0.254067 0 0.04536 0 0 0 0 0 0 0 0.382058 0.382058 0 0.0225575 0 0 0 0 0 0 0.886869 0 0.277046 
0.126525 0.126525 0 0 0 0.0313542 0.0322949 0.837529 0.837529 0.261661 0.261661 0.337044 0.337044 0.269707 0 0.238869 0.191166 0 0.035 0.016695 0 0 0 0 0 0 0.354829 0.354829 0 0.0152062 0 0 0 0 0 0 0.899667 0 0.281403 
0.126231 0.126231 0 0 0 0.0312713 0.0321935 0.83728 0.83728 0.26 0.26 0.340546 0.340546 0.375092 0 0.318107 0.106409 0 0.02464 0.0584325 0 0 0 0 0 0 0.324883 0.324883 0 0.00943834 0 0 0 0 0 0 0.911383 0 0.285097 
0.126231 0.126231 0 0 0 0.0312713 0.0321935 0.836568 0.836568 0.26 0.26 0.345326 0.345326 0.468425 0 0.357049 0.0319636 0 0.01512 0.112691 0 0 0 0 0 0 0.293408 0.293408 0 0.00514391 0 0 0 0 0 0 0.921461 0 0.288071 
0.126231 0.126231 0 0 0 0.0312713 0.0321935 0.835449 0.835449 0.26 0.26 0.350201 0.350201 0.517658 0 0.322969 0 0 0.00728 0.16695 0 0 0 0 0 0 0.261596 0.261596 0 0.00221278 0 0 0 0 0 0 0.929346 0 0.290267 
0.126231 0.126231 0 0 0 0.0312713 0.0321935 0.833976 0.833976 0.26 0.26 0.353992 0.353992 0.530976 0 0.248593 0 0 0.00196 0.208688 0 0 0 0 0 0 0.230636 0.230636 0 0.000534844 0 0 0 0 0 0 0.934484 0 0.291627 
0.126231 0.126231 0 0 0 0.0312713 0.0321935 0.832204 0.832204 0.26 0.26 0.355518 0.355518 0.536044 0 0.175 0 0 0 0.225383 0 0 0 0 0 0 0.201719 0.201719 0 0 0 0 0 0 0 0 0.93632 0 0.292093 
0.126231 0.126231 0 0 0 0.0312713 0.0321935 0.830187 0.830187 0.26 0.26 0.262439 0.262439 0.438095 0 0.103181 0 0 0 0.166949 0 0 0 0.012932 0.00907855 0.00841283 0.167679 0.167679 0.158151 0 0 0 0 0 0 0 0.886994 0 0.250411 
0.126231 0.126231 0 0 0 0.0312713 0.0321935 0.82798 0.82798 0.26 0.26 0.0903572 0.0903572 0.256192 0 0.0321461 0 0 0 0.058432 0 0 0 0.0370238 0.0354479 0.0225397 0.124976 0.124976 0.451853 0 0 0 0 0 0 0 0.793759 0 0.163731 
0.126231 0.126231 0 0 0 0.0312713 0.0321935 0.825637 0.825637 0.26 0.26 0 0 0.158245 0 0 0 0 0 0 0 0 0 0.05 0.05 0.03 0.080234 0.080234 0.61 0 0 0 0 0 0 0 0.738723 0 0.0895963 
0.126231 0.126231 0 0 0 0.0312713 0.0321935 0.823212 0.823212 0.26 0.26 0.100332 0.100332 0.205594 0 0 0 0 0 0.0393127 0 0 0 0.03704 0.0375078 0.0222222 0.040075 0.040075 0.451852 0 0 0 0 0 0 0 0.77715 0 0.0447312 
0.126231 0.126231 0 0 0 0.0312713 0.0321935 0.82076 0.82076 0.26 0.26 0.282388 0.282388 0.293527 0 0 0 0 0 0.12871 0 0 0 0.0129644 0.0131983 0.00777778 0.0111226 0.0111226 0.158148 0 0 0 0 0 0 0 0.853777 0 0.0124104 
0.126231 0.126231 0 0 0 0.0312713 0.0321935 0.818335 0.818335 0.26 0.26 0.38 0.38 0.340875 0 0 0 0 0 0.225383 0 0 0 0 0 0 0 0 0 0 0 0 0 0 0 0 0.88492 0 0 
0.126231 0.126231 0 0 0 0.0312713 0.0321935 0.815992 0.815992 0.26 0.26 0.320625 0.320625 0.170438 0.00274192 0 0 0 0.017375 0.332669 0 0.0304736 0 0 0 0 0 0 0 0 0 0 0 0 0 0 0.832782 0 0.0304736 
0.126231 0.126231 0 0 0 0.0312713 0.0321935 0.813785 0.813785 0.26 0.26 0.19 0.19 0 0.00959673 0 0 0 0.058 0.456847 0 0.0975156 0 0 0 0 0 0 0 0 0 0 0 0 0 0 0.741823 0 0.0975156 
0.126231 0.126231 0 0 0 0.0312713 0.0321935 0.811768 0.811768 0.26 0.26 0.059375 0.059375 0 0.018508 0 0 0 0.104625 0.559516 0 0.164558 0 0 0 0 0 0 0 0 0 0 0 0 0 0 0.651751 0 0.164558 
0.126231 0.126231 0 0 0 0.0312713 0.0321935 0.809996 0.809996 0.26 0.26 0 0 0 0.0274192 0 0 0 0.14 0.602273 0 0.195031 0 0 0 0 0 0 0 0 0 0 0 0 0 0 0.602273 0 0.195031 
0.126231 0.126231 0 0 0 0.0312713 0.0321935 0.808523 0.808523 0.26 0.26 0.0803704 0.0803704 0.00948306 0.034274 0 0 0 0.165502 0.446128 0 0.144468 0 0 0 0.012963 0.0933333 0.0933333 0.210741 0 0 0 0 0 0 0 0.639528 0 0.144468 
0.126231 0.126231 0 0 0 0.0312713 0.0321935 0.807404 0.807404 0.26 0.26 0.22963 0.22963 0.0270944 0.0370159 0 0 0 0.19183 0.156145 0 0.0505636 0 0 0 0.037037 0.266667 0.266667 0.421481 0 0 0 0 0 0 0 0.725421 0 0.0505636 
0.126231 0.126231 0 0 0 0.0312713 0.0321935 0.806692 0.806692 0.26 0.26 0.31 0.31 0.0365775 0.0363059 0 0 0 0.215712 0 0 0 0 0 0 0.05 0.36 0.36 0.38 0 0 0 0 0 0 0 0.773306 0 0 
0.126231 0.126231 0 0 0 0.0312713 0.0321935 0.806443 0.806443 0.26 0.26 0.22963 0.22963 0.0182888 0.0342525 0 0 0 0.233881 0.0362891 0 0.0505632 0 0 0 0.0370371 0.266667 0.266667 0.361482 0 0 0 0 0 0 0 0.722592 0 0.0387258 
0.12951 0.12951 0 0 0 0.0321589 0.0331054 0.80919 0.80919 0.266908 0.266908 0.0803717 0.0803717 0 0.0309709 0 0 0 0.243067 0.118512 0 0.144467 0 0 0 0.0129632 0.0933349 0.0933349 0.149076 0 0 0 0 0 0 0 0.618997 0 0.120792 
0.138411 0.138411 0 0 0 0.0345681 0.0355805 0.816717 0.816717 0.285657 0.285657 0 0 0.00521567 0.0265762 0 0 0 0.24 0.206703 0 0.195031 0 0 0 0 0 0 0 0 0 0 0 0 0 0 0.535342 0 0.195031 
0.151529 0.151529 0 0 0 0.0381185 0.0392279 0.827949 0.827949 0.313288 0.313288 0.0334111 0.0334111 0.0187912 0.0211838 0 0 0 0.208951 0.303347 0.0160639 0.174668 0 0 0 0 0 0 0 0 0 0 0 0 0 0 0.494134 0 0.24711 
0.167457 0.167457 0 0 0 0.0424296 0.0436569 0.841811 0.841811 0.34684 0.34684 0.111487 0.111487 0.0656312 0.0149087 0 0 0 0.150584 0.414758 0.0536025 0.127083 0 0 0 0 0 0 0 0 0 0 0 0 0 0 0.465871 0 0.295461 
0.184791 0.184791 0 0 0 0.0471212 0.0484768 0.857231 0.857231 0.383352 0.383352 0.200991 0.200991 0.122183 0.00786617 0 0 0 0.0862158 0.506705 0.0966358 0.0725326 0 0 0 0 0 0 0 0 0 0 0 0 0 0 0.445371 0 0.33806 
0.202125 0.202125 0 0 0 0.0518127 0.0532966 0.873133 0.873133 0.419864 0.419864 0.268688 0.268688 0.151231 0.000171316 0 0 0 0.0371653 0.54496 0.129184 0.0312732 0 0 0 0 0 0 0 0 0 0 0 0 0 0 0.427451 0 0.372882 
0.218053 0.218053 0 0 0 0.0561239 0.0577256 0.888444 0.888444 0.453416 0.453416 0.302309 0.302309 0.163364 0 0.0119602 0 0 0.0136092 0.536244 0.144482 0.0118813 0 0 0 0 0 0 0 0 0 0 0 0 0 0 0.415206 0 0.393943 
0.23117 0.23117 0 0 0 0.0596742 0.0613731 0.90209 0.90209 0.481047 0.481047 0.316856 0.316856 0.163008 0 0.0301093 0 0 0.00465132 0.517994 0.150609 0.00411407 0 0 0 0 0 0 0 0 0 0 0 0 0 0 0.41062 0 0.402379 
0.240072 0.240072 0 0 0 0.0620834 0.0638482 0.912997 0.912997 0.499797 0.499797 0.32 0.32 0.157829 0 0.0509076 0 0 0 0.50206 0.153855 0 0 0 0 0 0 0 0 0 0 0 0 0 0 0 0.406847 0 0.406847 
0.243351 0.243351 0 0 0 0.062971 0.06476 0.920902 0.920902 0.506705 0.506705 0.314627 0.314627 0.14859 0 0.0777284 0 0 0.00227914 0.496546 0.152247 0.00203864 0 0 0 0 0 0 0 0 0 0 0 0 0 0 0.402531 0 0.405697 
0.243128 0.243128 0 0 0 0.0629223 0.0647096 0.926576 0.926576 0.506258 0.506258 0.309254 0.309254 0.136056 0 0.104829 0 0 0.00752236 0.490823 0.148688 0.00654948 0 0 0 0 0 0 0 0 0 0 0 0 0 0 0.399203 0 0.399734 
0.24248 0.24248 0 0 0 0.0627806 0.0645634 0.930493 0.930493 0.504962 0.504962 0.395284 0.395284 0.0991222 0 0.125806 0.0642128 0 0.016763 0.397709 0.122506 0.00539619 0.044022 0.0351756 0.0334567 0 0.0407814 0.0407814 0.0742728 0.0810004 0 0 0 0 0 0 0.457286 0 0.357244 
0.24144 0.24144 0 0 0 0.0625534 0.0643286 0.933127 0.933127 0.502881 0.502881 0.564356 0.564356 0.042626 0 0.144382 0.190407 0 0.0349233 0.227223 0.0710514 0.0031297 0.130536 0.102645 0.0992074 0 0.124456 0.124456 0.220237 0.240186 0 0 0 0 0 0 0.57552 0 0.278478 
0.24004 0.24004 0 0 0 0.0622476 0.0640128 0.934951 0.934951 0.500082 0.500082 0.682958 0.682958 0.00624083 0 0.158711 0.278931 0 0.0476625 0.108886 0.0349566 0.00153978 0.191225 0.145331 0.145331 0 0.183154 0.183154 0.32263 0.351854 0 0 0 0 0 0 0.658871 0 0.223699 
0.238314 0.238314 0 0 0 0.0618704 0.0636232 0.936463 0.936463 0.496629 0.496629 0.725215 0.725215 0 0 0.170662 0.310471 0.0137836 0.0522014 0.066794 0.0220964 0.000973311 0.212848 0.155521 0.161764 0 0.204067 0.204067 0.359112 0.39164 0 0 0 0 0 0 0.688591 0 0.204209 
0.236293 0.236293 0 0 0 0.0614289 0.0631672 0.937846 0.937846 0.492588 0.492588 0.755583 0.755583 0 0 0.182833 0.333138 0.0356159 0.0554633 0.0372149 0.0128542 0.000566207 0.228387 0.163813 0.173574 0 0.219097 0.219097 0.38533 0.420233 0 0 0 0 0 0 0.710169 0 0.190456 
0.234012 0.234012 0 0 0 0.0609303 0.0626523 0.939106 0.939106 0.488024 0.488024 0.776025 0.776025 0 0 0.194475 0.348396 0.04992 0.057659 0.0179493 0.00663289 0.000292169 0.238848 0.170583 0.181524 0 0.229214 0.229214 0.402978 0.43948 0 0 0 0 0 0 0.724905 0 0.181443 
0.231501 0.231501 0 0 0 0.0603818 0.0620857 0.940246 0.940246 0.483002 0.483002 0.788506 0.788506 0 0 0.204836 0.357712 0.0582836 0.0589996 0.00679536 0.00283442 0.000124852 0.245234 0.17621 0.186378 0 0.235391 0.235391 0.413754 0.451231 0 0 0 0 0 0 0.734101 0 0.176171 
0.228795 0.228795 0 0 0 0.0597904 0.0614748 0.94127 0.94127 0.477589 0.477589 0.79499 0.79499 0 0 0.213165 0.362551 0.0622928 0.059696 0.00155309 0.000861292 3.79386e-05 0.248552 0.181071 0.188899 0 0.238599 0.238599 0.419351 0.457335 0 0 0 0 0 0 0.739059 0 0.173641 
0.225925 0.225925 0 0 0 0.0591633 0.0608271 0.942183 0.942183 0.471848 0.471848 0.79744 0.79744 0 0 0.218714 0.364379 0.0635348 0.0599592 2.14878e-05 0.000115702 5.09649e-06 0.249805 0.185541 0.189852 0 0.239812 0.239812 0.421466 0.459642 0 0 0 0 0 0 0.741079 0 0.172855 
0.222924 0.222924 0 0 0 0.0585077 0.0601499 0.942989 0.942989 0.465847 0.465847 0.79782 0.79782 0 0 0.22073 0.364663 0.0635962 0.06 0 0 0 0.25 0.19 0.19 0 0.24 0.24 0.421794 0.46 0 0 0 0 0 0 0.741463 0 0.172815 
0.219825 0.219825 0 0 0 0.0578306 0.0594506 0.943693 0.943693 0.459649 0.459649 0.798319 0.798319 0 0 0.22073 0.364663 0.0635962 0.06 0 0 0 0.25 0.194654 0.190598 0 0.24 0.24 0.421794 0.46 0 0 0 0 0 0 0.741463 0 0.172815 
0.216661 0.216661 0 0 0 0.0571393 0.0587366 0.944297 0.944297 0.45332 0.45332 0.799733 0.799733 0 0 0.22073 0.364663 0.0635962 0.06 0 0 0 0.25 0.199425 0.192296 0 0.24 0.24 0.421794 0.46 0 0 0 0 0 0 0.741463 0 0.172815 
0.213465 0.213465 0 0 0 0.0564408 0.0580151 0.944807 0.944807 0.446926 0.446926 0.801942 0.801942 0 0 0.22073 0.364663 0.0635962 0.06 0 0 0 0.25 0.204261 0.194946 0 0.24 0.24 0.421794 0.46 0 0 0 0 0 0 0.741463 0 0.172815 
0.210268 0.210268 0 0 0 0.0557423 0.0572937 0.945227 0.945227 0.440532 0.440532 0.804822 0.804822 0 0 0.22073 0.364663 0.0635962 0.06 0 0 0 0.25 0.209111 0.198402 0 0.24 0.24 0.421794 0.46 0 0 0 0 0 0 0.741463 0 0.172815 
0.207104 0.207104 0 0 0 0.055051 0.0565796 0.945561 0.945561 0.434204 0.434204 0.808251 0.808251 0 0 0.22073 0.364663 0.0635962 0.06 0 0 0 0.25 0.213924 0.202518 0 0.24 0.24 0.421794 0.46 0 0 0 0 0 0 0.741463 0 0.172815 
0.204005 0.204005 0 0 0 0.0543739 0.0558803 0.945814 0.945814 0.428006 0.428006 0.812109 0.812109 0 0 0.22073 0.364663 0.0635962 0.06 0 0 0 0.25 0.218647 0.207146 0 0.24 0.24 0.421794 0.46 0 0 0 0 0 0 0.741463 0 0.172815 
0.201005 0.201005 0 0 0 0.0537183 0.0552031 0.945989 0.945989 0.422004 0.422004 0.816271 0.816271 0 0 0.22073 0.364663 0.0635962 0.06 0 0 0 0.25 0.22323 0.212141 0 0.24 0.24 0.421794 0.46 0 0 0 0 0 0 0.741463 0 0.172815 
0.198135 0.198135 0 0 0 0.0530912 0.0545554 0.946091 0.946091 0.416264 0.416264 0.820617 0.820617 0 0 0.22073 0.364663 0.0635962 0.06 0 0 0 0.25 0.227621 0.217356 0 0.24 0.24 0.421794 0.46 0 0 0 0 0 0 0.741463 0 0.172815 
0.195428 0.195428 0 0 0 0.0524998 0.0539446 0.946124 0.946124 0.41085 0.41085 0.825023 0.825023 0 0 0.22073 0.364663 0.0635962 0.06 0 0 0 0.25 0.231769 0.222644 0 0.24 0.24 0.421794 0.46 0 0 0 0 0 0 0.741463 0 0.172815 
0.192918 0.192918 0 0 0 0.0519512 0.053378 0.946124 0.946124 0.405829 0.405829 0.829369 0.829369 0 0 0.22073 0.364663 0.0635962 0.06 0 0 0 0.25 0.235621 0.227859 0 0.24 0.24 0.421794 0.46 0 0 0 0 0 0 0.741463 0 0.172815 
0.190636 0.190636 0 0 0 0.0514527 0.052863 0.946124 0.946124 0.401265 0.401265 0.833531 0.833531 0 0 0.22073 0.364663 0.0635962 0.06 0 0 0 0.25 0.239127 0.232854 0 0.24 0.24 0.421794 0.46 0 0 0 0 0 0 0.741463 0 0.172815 
0.188616 0.188616 0 0 0 0.0510112 0.052407 0.946124 0.946124 0.397224 0.397224 0.837388 0.837388 0 0 0.22073 0.364663 0.0635962 0.06 0 0 0 0.25 0.242235 0.237482 0 0.24 0.24 0.421794 0.46 0 0 0 0 0 0 0.741463 0 0.172815 
0.186889 0.186889 0 0 0 0.050634 0.0520174 0.946124 0.946124 0.393771 0.393771 0.840818 0.840818 0 0 0.22073 0.364663 0.0635962 0.06 0 0 0 0.25 0.244893 0.241598 0 0.24 0.24 0.421794 0.46 0 0 0 0 0 0 0.741463 0 0.172815 
0.18549 0.18549 0 0 0 0.0503282 0.0517016 0.946124 0.946124 0.390971 0.390971 0.843698 0.843698 0 0 0.22073 0.364663 0.0635962 0.06 0 0 0 0.25 0.24705 0.245054 0 0.24 0.24 0.421794 0.46 0 0 0 0 0 0 0.741463 0 0.172815 
0.18445 0.18445 0 0 0 0.0501009 0.0514668 0.946124 0.946124 0.388891 0.388891 0.845907 0.845907 0 0 0.22073 0.364663 0.0635962 0.06 0 0 0 0.25 0.248655 0.247704 0 0.24 0.24 0.421794 0.46 0 0 0 0 0 0 0.741463 0 0.172815 
0.183802 0.183802 0 0 0 0.0499593 0.0513206 0.946124 0.946124 0.387595 0.387595 0.847321 0.847321 0 0 0.22073 0.364663 0.0635962 0.06 0 0 0 0.25 0.249655 0.249402 0 0.24 0.24 0.421794 0.46 0 0 0 0 0 0 0.741463 0 0.172815 
0.183578 0.183578 0 0 0 0.0499106 0.0512702 0.946124 0.946124 0.387148 0.387148 0.84782 0.84782 0 0 0.22073 0.364663 0.0635962 0.06 0 0 0 0.25 0.25 0.25 0 0.24 0.24 0.421794 0.46 0 0 0 0 0 0 0.741463 0 0.172815 
0.183761 0.183761 0 0 0 0.0501466 0.0515161 0.946124 0.946124 0.388982 0.388982 0.83715 0.83715 0.000664211 0 0.227905 0.352157 0 0.0833194 0.0366032 0 0.00668848 0.241426 0.241426 0.241426 0 0.231769 0.231769 0.355888 0.440777 0 0 0 0 0 0 0.736689 0 0.173576 
0.184228 0.184228 0 0 0 0.0507697 0.0521658 0.946124 0.946124 0.394012 0.394012 0.808424 0.808424 0.0533327 0 0.246511 0.318641 0 0.143459 0.11713 0 0.0246136 0.218449 0.218449 0.218449 0 0.209711 0.209711 0.210895 0.389665 0 0 0 0 0 0 0.723897 0 0.175618 
0.184855 0.184855 0 0 0 0.0516524 0.0530872 0.946922 0.946922 0.401534 0.401534 0.766569 0.766569 0.106825 0 0.27217 0.27012 0 0.225688 0.197654 0 0.0505639 0.185185 0.185185 0.185185 0 0.177777 0.177777 0.0659062 0.316501 0 0 0 0 0 0 0.705376 0 0.178574 
0.185518 0.185518 0 0 0 0.0526673 0.0541483 0.949109 0.949109 0.410844 0.410844 0.716511 0.716511 0.133093 0 0.300508 0.212594 0 0.315282 0.234258 0 0.0813306 0.145747 0.145747 0.145747 0 0.139917 0.139917 0 0.231116 0 0 0 0 0 0 0.683419 0 0.182079 
0.186094 0.186094 0 0 0 0.053687 0.0552169 0.952377 0.952377 0.421236 0.421236 0.663178 0.663178 0.100057 0 0.327145 0.152068 0 0.397511 0.156294 0 0.113702 0.104252 0.104252 0.104252 0 0.100082 0.100082 0 0.143349 0 0 0 0 0 0 0.660316 0 0.185767 
0.186459 0.186459 0 0 0 0.054584 0.056161 0.956417 0.956417 0.432006 0.432006 0.611494 0.611494 0.0352392 0 0.347706 0.0945413 0 0.457649 0.167942 0 0.144468 0.0648141 0.0648141 0.0648141 0 0.0622215 0.0622215 0 0.0630309 0 0 0 0 0 0 0.638359 0 0.189271 
0.186491 0.186491 0 0 0 0.0552309 0.0568486 0.960921 0.960921 0.442448 0.442448 0.566388 0.566388 0 0 0.357814 0.0460205 0 0.480968 0.196629 0 0.170418 0.03155 0.03155 0.03155 0 0.030288 0.030288 0 0 0 0 0 0 0 0 0.619839 0 0.192227 
0.186064 0.186064 0 0 0 0.0555002 0.0571475 0.965578 0.965578 0.451858 0.451858 0.528149 0.528149 0 0 0.305527 0.0125052 0 0.400482 0.245964 0 0.188343 0.00857313 0.00857313 0.00857313 0 0.0082302 0.0082302 0 0 0 0 0 0 0 0 0.607046 0 0.194269 
0.185057 0.185057 0 0 0 0.0552646 0.0569257 0.970082 0.970082 0.45953 0.45953 0.51 0.51 0 0 0.251531 0 0 0.32 0.292606 0 0.195031 0 0 0 0 0 0 0 0 0 0 0 0 0 0 0.602273 0 0.195031 
0.183344 0.183344 0 0 0 0.0543966 0.056051 0.974122 0.974122 0.464761 0.464761 0.537408 0.537408 0.0135277 0 0.251531 0 0 0.32 0.322428 0 0.195031 0 0 0 0 0 0 0 0 0 0 0 0 0 0 0.605846 0 0.199985 
0.180795 0.180795 0 0 0 0.0528443 0.0544723 0.97739 0.97739 0.468206 0.468206 0.605926 0.605926 0.0473457 0 0.251531 0 0 0.32 0.352744 0 0.195031 0 0 0 0 0 0 0 0 0 0 0 0 0 0 0.615193 0 0.212369 
0.177463 0.177463 0 0 0 0.0507147 0.0523016 0.979577 0.979577 0.471028 0.471028 0.695001 0.695001 0.0913103 0 0.251531 0 0 0.32 0.380918 0 0.195031 0 0 0 0 0 0 0 0 0 0 0 0 0 0 0.628255 0 0.228469 
0.173504 0.173504 0 0 0 0.0481188 0.0496525 0.980375 0.980375 0.473286 0.473286 0.784074 0.784074 0.135274 0 0.251531 0 0 0.32 0.404308 0 0.195031 0 0 0 0 0 0 0 0 0 0 0 0 0 0 0.642973 0 0.244569 
0.169073 0.169073 0 0 0 0.045167 0.0466384 0.980351 0.980351 0.47504 0.47504 0.852593 0.852593 0.169092 0 0.251531 0 0 0.32 0.420277 0 0.195031 0 0 0 0 0 0 0 0 0 0 0 0 0 0 0.657291 0 0.256953 
0.164326 0.164326 0 0 0 0.0419706 0.043373 0.980281 0.980281 0.476348 0.476348 0.88 0.88 0.182619 0 0.251531 0 0 0.32 0.426186 0 0.195031 0 0 0 0 0 0 0 0 0 0 0 0 0 0 0.669149 0 0.261907 
0.159418 0.159418 0 0 0 0.03864 0.0399694 0.980168 0.980168 0.477269 0.477269 0.868975 0.866215 0.174537 0 0.25058 0.0130308 0 0.308828 0.331135 0 0.159889 0.0107424 0.0248877 0.00816423 0 0.0103127 0.0103127 0.0751591 0.019766 0 0 0 0 0 0 0.679868 0 0.258079 
0.154505 0.154505 0 0 0 0.0352863 0.0365413 0.980017 0.980017 0.477862 0.477862 0.846934 0.839049 0.153122 0 0.248035 0.0477332 0 0.279374 0.154613 0 0.0946266 0.0390633 0.0747266 0.0296881 0 0.0375007 0.0375007 0.222774 0.0718764 0 0 0 0 0 0 0.691633 0 0.247986 
0.149743 0.149743 0 0 0 0.0320203 0.0332022 0.979829 0.979829 0.478184 0.478184 0.830431 0.819786 0.122621 0 0.244359 0.0975208 0 0.237734 0.0595658 0 0.0594865 0.0791017 0.11228 0.0601173 0 0.0759377 0.0759377 0.326048 0.145547 0 0 0 0 0 0 0.70368 0 0.233718 
0.145286 0.145286 0 0 0 0.0289526 0.0300655 0.979608 0.979608 0.478296 0.478296 0.822587 0.812532 0.0872773 0 0.240011 0.155812 0 0.189999 0.0562662 0 0.0561912 0.125001 0.130544 0.0950005 0 0.120001 0.120001 0.362341 0.230001 0 0 0 0 0 0 0.715248 0 0.217361 
0.141291 0.141291 0 0 0 0.0261942 0.0272446 0.979358 0.979358 0.478256 0.478256 0.81558 0.807046 0.0513402 0 0.235454 0.216018 0 0.142266 0.0477569 0 0.0476933 0.170898 0.147075 0.129883 0 0.164062 0.164062 0.38807 0.314453 0 0 0 0 0 0 0.725573 0 0.201004 
0.137913 0.137913 0 0 0 0.0238559 0.0248531 0.979082 0.979082 0.478123 0.478123 0.809545 0.80309 0.0190532 0 0.23115 0.271558 0 0.100625 0.0361215 0 0.0360733 0.210938 0.161482 0.160313 0 0.2025 0.2025 0.405051 0.388125 0 0 0 0 0 0 0.733892 0 0.186735 
0.135308 0.135308 0 0 0 0.0220485 0.0230044 0.978782 0.978782 0.477954 0.477954 0.804617 0.800428 0 0 0.227559 0.315844 0.0146738 0.0711721 0.0234444 0 0.0234132 0.239258 0.173369 0.181836 0 0.229687 0.229687 0.415099 0.440234 0 0 0 0 0 0 0.739443 0 0.176643 
0.133631 0.133631 0 0 0 0.0208828 0.021812 0.978463 0.978463 0.47781 0.47781 0.800931 0.79882 0 0 0.224515 0.34403 0.0490043 0.06 0.0118089 0 0.0117932 0.25 0.182347 0.19 0 0.24 0.24 0.420029 0.46 0 0 0 0 0 0 0.741463 0 0.172815 
0.133037 0.133037 0 0 0 0.0204696 0.0213893 0.978128 0.978128 0.477749 0.477749 0.79862 0.79803 0 0 0.222006 0.358754 0.0593255 0.06 0.00329964 0 0.00329525 0.25 0.188021 0.19 0 0.24 0.24 0.421655 0.46 0 0 0 0 0 0 0.741617 0 0.172815 
0.133037 0.133037 0 0 0 0.0204696 0.0213893 0.977779 0.977779 0.477749 0.477749 0.79782 0.79782 0 0 0.22073 0.364663 0.0635962 0.06 0 0 0 0.25 0.19 0.19 0 0.24 0.24 0.421794 0.46 0 0 0 0 0 0 0.742036 0 0.172815 
0.133037 0.133037 0 0 0 0.0204696 0.0213893 0.977421 0.977421 0.477749 0.477749 0.79782 0.79782 0 0 0.220366 0.367263 0.0708824 0.06 0 0 0 0.25 0.190674 0.19 0 0.24 0.24 0.422131 0.46 0 0 0 0 0 0 0.742653 0 0.172815 
0.133037 0.133037 0 0 0 0.0204696 0.0213893 0.977056 0.977056 0.477749 0.477749 0.79782 0.79782 0 0 0.220119 0.369032 0.0782067 0.06 0 0 0 0.25 0.192549 0.19 0 0.24 0.24 0.423069 0.46 0 0 0 0 0 0 0.743402 0 0.172815 
0.133037 0.133037 0 0 0 0.0204696 0.0213893 0.976688 0.976688 0.477749 0.477749 0.79782 0.79782 0 0 0.219972 0.370079 0.0854606 0.06 0 0 0 0.25 0.195407 0.19 0 0.24 0.24 0.424498 0.46 0 0 0 0 0 0 0.744218 0 0.172815 
0.133037 0.133037 0 0 0 0.0204696 0.0213893 0.97632 0.97632 0.477749 0.477749 0.79782 0.79782 0 0 0.219912 0.370513 0.0925365 0.06 0 0 0 0.25 0.19903 0.19 0 0.24 0.24 0.426309 0.46 0 0 0 0 0 0 0.745033 0 0.172815 
0.133037 0.133037 0 0 0 0.0204696 0.0213893 0.975955 0.975955 0.477749 0.477749 0.79782 0.79782 0 0 0.219922 0.370441 0.0993259 0.06 0 0 0 0.25 0.2032 0.19 0 0.24 0.24 0.428394 0.46 0 0 0 0 0 0 0.745782 0 0.172815 
0.133037 0.133037 0 0 0 0.0204696 0.0213893 0.975597 0.975597 0.477749 0.477749 0.79782 0.79782 0 0 0.219988 0.369971 0.105721 0.06 0 0 0 0.25 0.207697 0.19 0 0.24 0.24 0.430643 0.46 0 0 0 0 0 0 0.746399 0 0.172815 
0.133037 0.133037 0 0 0 0.0204696 0.0213893 0.975249 0.975249 0.477749 0.477749 0.79782 0.79782 0 0 0.220094 0.369213 0.111614 0.06 0 0 0 0.25 0.212303 0.19 0 0.24 0.24 0.432946 0.46 0 0 0 0 0 0 0.746818 0 0.172815 
0.133037 0.133037 0 0 0 0.0204696 0.0213893 0.974913 0.974913 0.477749 0.477749 0.79782 0.79782 0 0 0.220225 0.368274 0.116897 0.06 0 0 0 0.25 0.2168 0.19 0 0.24 0.24 0.435194 0.46 0 0 0 0 0 0 0.746972 0 0.172815 
0.133037 0.133037 0 0 0 0.0204696 0.0213893 0.974594 0.974594 0.477749 0.477749 0.79782 0.79782 0 0 0.220366 0.367263 0.121462 0.06 0 0 0 0.25 0.22097 0.19 0 0.24 0.24 0.437279 0.46 0 0 0 0 0 0 0.746796 0 0.172815 
0.133037 0.133037 0 0 0 0.0204696 0.0213893 0.974295 0.974295 0.477749 0.477749 0.79782 0.79782 0 0 0.220503 0.366288 0.1252 0.06 0 0 0 0.25 0.224593 0.19 0 0.24 0.24 0.43909 0.46 0 0 0 0 0 0 0.746223 0 0.172815 
0.133037 0.133037 0 0 0 0.0204696 0.0213893 0.974019 0.974019 0.477749 0.477749 0.79782 0.79782 0 0 0.220619 0.365458 0.128004 0.06 0 0 0 0.25 0.227451 0.19 0 0.24 0.24 0.44052 0.46 0 0 0 0 0 0 0.745187 0 0.172815 
0.133037 0.133037 0 0 0 0.0204696 0.0213893 0.973768 0.973768 0.477749 0.477749 0.79782 0.79782 0 0 0.2207 0.36488 0.129765 0.06 0 0 0 0.25 0.229326 0.19 0 0.24 0.24 0.441457 0.46 0 0 0 0 0 0 0.743622 0 0.172815 
0.133037 0.133037 0 0 0 0.0204696 0.0213893 0.973548 0.973548 0.477749 0.477749 0.79782 0.79782 0 0 0.22073 0.364663 0.130377 0.06 0 0 0 0.25 0.23 0.19 0 0.24 0.24 0.441794 0.46 0 0 0 0 0 0 0.741463 0 0.172815 
0.133037 0.133037 0 0 0 0.0204696 0.0213893 0.97336 0.97336 0.477749 0.477749 0.744403 0.744403 0 0 0.22073 0.364663 0.08817 0.0581745 0 0 0 0.242394 0.211922 0.19 0 0.237566 0.237566 0.401423 0.388127 0 0 0 0 0 0 0.738924 0 0.170616 
0.133037 0.133037 0 0 0 0.0204696 0.0213893 0.973208 0.973208 0.477749 0.477749 0.632506 0.632506 0.0401986 0 0.22073 0.364663 0 0.0488489 0 0 0 0.203537 0.165094 0.19 0 0.225132 0.225132 0.305826 0.23 0 0 0 0 0 0 0.699314 0 0.159387 
0.133037 0.133037 0 0 0 0.0204696 0.0213893 0.973096 0.973096 0.477749 0.477749 0.467463 0.467463 0.387468 0 0.22073 0.364663 0 0.0206749 0 0 0 0.0861456 0.0681734 0.19 0 0.195607 0.195607 0.125304 0.0718769 0 0 0 0 0 0 0.574984 0 0.125462 
0.13348 0.13348 0 0 0 0.0210852 0.0220631 0.973026 0.973026 0.477923 0.477923 0.33 0.33 0.513298 0 0.22073 0.364663 0 0 0 0 0 0 0 0.19 0 0.16 0.16 0 0 0 0 0 0 0 0 0.434982 0 0.100566 
0.134687 0.134687 0 0 0 0.0226922 0.0238205 0.973002 0.973002 0.478804 0.478804 0.28448 0.28448 0.311477 0 0.172817 0.295596 0 0 0 0 0 0 0.119997 0.211913 0 0.122777 0.122777 0.174996 0 0 0 0 0 0 0 0.324251 0 0.100566 
0.136474 0.136474 0 0 0 0.0249305 0.0262656 0.971809 0.971809 0.480937 0.480937 0.262382 0.262382 0.109647 0 0.124902 0.226527 0 0 0 0 0 0 0.24 0.24 0 0.0805238 0.0805238 0.35 0 0 0 0 0 0 0 0.267495 0 0.100566 
0.138656 0.138656 0 0 0 0.0274404 0.0290025 0.968495 0.968495 0.484862 0.484862 0.250046 0.250046 0.124966 0 0.140492 0.265693 0 0 0.0109409 0 0 0 0.228119 0.227037 0 0.0408832 0.0408832 0.309601 0 0 0 0 0 0 0 0.281396 0 0.100566 
0.141049 0.141049 0 0 0 0.0298619 0.0316353 0.963454 0.963454 0.491125 0.491125 0.233806 0.233806 0.274782 0 0.188597 0.326689 0 0 0.0640685 0 0 0 0.103925 0.208992 0 0.0114944 0.0114944 0.125634 0 0 0 0 0 0 0 0.353101 0 0.100566 
0.143469 0.143469 0 0 0 0.031835 0.0337681 0.957079 0.957079 0.500266 0.500266 0.2 0.2 0.403935 0 0.22073 0.364663 0 0 0.100454 0 0 0 0 0.19 0 0 0 0 0 0 0 0 0 0 0 0.434982 0 0.100566 
0.145732 0.145732 0 0 0 0.033 0.0350049 0.949767 0.949767 0.512828 0.512828 0.0922162 0.0922162 0.35539 0 0.219186 0.364987 0 0.0693245 0.0502294 0 0 0 0 0.158362 0 0 0 0.0599987 0.0693245 0 0 0 0 0 0 0.500991 0 0.0901075 
0.147961 0.147961 0 0 0 0.0329603 0.0348968 0.94191 0.94191 0.53309 0.53309 0 0 0.306842 0 0.22073 0.364663 0 0.15 2.86475e-06 0 0 0 0 0.109756 0 0 0 0.12 0.15 0 0 0 0 0 0 0.535268 0 0.0651667 
0.150384 0.150384 0 0 0 0.0319183 0.0336631 0.929774 0.929774 0.561804 0.561804 0.0160043 0.0160043 0.375774 0 0.231485 0.269546 0 0.166023 2.12205e-06 0 0 0 0 0.0579714 0 0 0 0.0888894 0.166023 0 0 0 0 0 0 0.535189 0 0.0353995 
0.15297 0.15297 0 0 0 0.0304121 0.0319102 0.91347 0.91347 0.594224 0.594224 0.0693434 0.0693434 0.524701 0 0.244985 0.0942525 0 0.173583 7.427e-07 0 0 0 0 0.01679 0 0 0 0.0311106 0.173583 0 0 0 0 0 0 0.535042 0 0.0104587 
0.155688 0.155688 0 0 0 0.0289801 0.0302443 0.899166 0.899166 0.625603 0.625603 0.12 0.12 0.621225 0 0.251621 0 0 0.18 0 0 0 0 0 0 0 0 0 0 0.18 0 0 0 0 0 0 0.534962 0 0 
0.158507 0.158507 0 0 0 0.0281603 0.0292719 0.893028 0.893028 0.651195 0.651195 0.158761 0.158761 0.571486 0 0.226701 0 0 0.207457 0 0 0 0 0 0 0 0 0 0.036112 0.207457 0 0 0 0 0 0 0.531132 0 0.000535884 
0.160556 0.160556 0 0 0 0.0279434 0.0290073 0.895339 0.895339 0.664523 0.664523 0.198369 0.198369 0.451712 0 0.167684 0 0 0.259283 0 0 0 0 0 0 0 0 0 0.115556 0.259283 0 0 0 0 0 0 0.522707 0 0.00229583 
0.162191 0.162191 0 0 0 0.0280686 0.0291499 0.901613 0.901613 0.669928 0.669928 0.231757 0.231757 0.30605 0 0.0981822 0 0 0.314524 0 0 0 0 0 0 0 0 0 0.195001 0.314524 0 0 0 0 0 0 0.514281 0 0.00550847 
0.165224 0.165224 0 0 0 0.0286978 0.0298338 0.910859 0.910859 0.678884 0.678884 0.251852 0.251852 0.178661 0 0.0418109 0 0 0.352222 0 0 0 0 0 0 0 0 0 0.231111 0.352222 0 0 0 0 0 0 0.510452 0 0.0104021 
0.171468 0.171468 0 0 0 0.0299925 0.031193 0.922087 0.922087 0.70287 0.70287 0.226484 0.226484 0.0634447 0 0.0104209 0 0 0.345581 0.0297927 0 0 0 0 0 0 0 0 0.213843 0.345581 0 0 0 0 0 0 0.53442 0 0.0172057 
0.182638 0.182638 0 0 0 0.0322699 0.0335499 0.934304 0.934304 0.74974 0.74974 0.186551 0.186551 0 0 0 0 0 0.311659 0.0954359 0 0 0 0 0 0 0 0 0.187614 0.311659 0 0 0 0 0 0 0.575109 0 0.0261472 
0.197534 0.197534 0 0 0 0.0353713 0.0367577 0.946522 0.946522 0.812457 0.812457 0.16866 0.16866 0.0303995 0 0 0 0 0.271253 0.183603 0 0 0 0 0 0 0 0 0.170121 0.271253 0 0 0 0 0 0 0.611097 0 0.0405727 
0.213587 0.213587 0 0 0 0.0387445 0.0402456 0.957749 0.957749 0.880152 0.880152 0.15209 0.15209 0.102888 0 0 0 0 0.222076 0.290148 0 0 0 0 0 0 0 0 0.153363 0.222076 0 0 0 0 0 0 0.648543 0 0.060711 
0.228232 0.228232 0 0 0 0.0418376 0.0434434 0.966995 0.966995 0.941961 0.941961 0.138365 0.138365 0.189409 0 0 0 0 0.174323 0.393263 0 0 0 0 0 0 0 0 0.137155 0.174323 0 0 0 0 0 0 0.682017 0 0.0821181 
0.238902 0.238902 0 0 0 0.0440983 0.0457805 0.973269 0.973269 0.987016 0.987016 0.129012 0.129012 0.261899 0 0 0 0 0.138193 0.471129 0 0 0 0 0 0 0 0 0.121313 0.138193 0 0 0 0 0 0 0.706086 0 0.100348 
0.243029 0.243029 0 0 0 0.0449745 0.0466862 0.975581 0.975581 1 1 0.125555 0.125555 0.292296 0 0 0 0 0.123884 0.50193 0 0 0 0 0 0 0 0 0.105651 0.123884 0 0 0 0 0 0 0.715315 0 0.110956 
0.242219 0.242219 0 0 0 0.0447813 0.0464872 0.97539 0.97539 1 1 0.135095 0.135095 0.285443 0 0 0 0 0.126262 0.498445 0 0 0 0 0 0 0 0 0.0881161 0.126262 0 0 0 0 0 0 0.71463 0 0.115713 
0.240084 0.240084 0 0 0 0.0442722 0.0459625 0.974927 0.974927 0.991752 0.991752 0.160915 0.160915 0.266904 0 0 0 0 0.132716 0.489459 0 0 0 0 0 0 0 0 0.068101 0.132716 0 0 0 0 0 0 0.712862 0 0.119273 
0.237066 0.237066 0 0 0 0.0435522 0.0452207 0.974354 0.974354 0.978739 0.978739 0.198818 0.198818 0.239712 0 0 0 0 0.142227 0.47717 0 0 0 0 0 0 0 0 0.047581 0.142227 0 0 0 0 0 0 0.710445 0 0.121514 
0.233606 0.233606 0 0 0 0.042727 0.0443703 0.973837 0.973837 0.963822 0.963822 0.244603 0.244603 0.206899 0 0 0 0 0.153772 0.463781 0 0 0 0 0 0 0 0 0.0285343 0.153772 0 0 0 0 0 0 0.707811 0 0.122318 
0.230147 0.230147 0 0 0 0.0419018 0.0435199 0.973537 0.973537 0.948904 0.948904 0.294076 0.294076 0.171497 0 0 0 0 0.166334 0.451493 0 0 0 0 0 0 0 0 0.0129369 0.166334 0 0 0 0 0 0 0.705394 0 0.121564 
0.227129 0.227129 0 0 0 0.0411819 0.0427781 0.973619 0.973619 0.935891 0.935891 0.343035 0.343035 0.136539 0 0 0 0 0.178891 0.442506 0 0 0 0 0 0 0 0 0.00276663 0.178891 0 0 0 0 0 0 0.703627 0 0.119132 
0.224994 0.224994 0 0 0 0.0406727 0.0422534 0.974245 0.974245 0.926686 0.926686 0.387284 0.387284 0.105057 0 0 0 0 0.190423 0.439021 0 0 0 0 0 0 0 0 0 0.190423 0 0 0 0 0 0 0.702941 0 0.114902 
0.224184 0.224184 0 0 0 0.0404795 0.0420544 0.975581 0.975581 0.923195 0.923195 0.448765 0.448765 0.0624272 0 0 0 0 0.207881 0.570896 0 0 0 0 0 0 0 0 0.0603973 0.207881 0 0 0 0 0 0 0.755628 0 0.108753 
0.238802 0.238802 0 0 0 0.0530593 0.0545582 0.978601 0.978601 0.926897 0.926897 0.49 0.49 0 0 0 0 0 0.22 0.702777 0 0 0 0 0 0 0 0 0.12 0.22 0 0 0 0 0 0 0.808317 0 0.100566 
0.277203 0.277203 0 0 0 0.0861447 0.0874451 0.983462 0.983462 0.936578 0.936578 0.362965 0.362965 0.0730375 0 0 0 0 0.162964 0.520579 0 0 0 0 0 0 0 0 0.0888894 0.162964 0 0 0 0 0 0 0.598757 0 0.0703844 
0.331218 0.331218 0 0 0 0.132759 0.133782 0.989099 0.989099 0.950105 0.950105 0.127035 0.127035 0.146078 0 0 0 0 0.0570361 0.182199 0 0 0 0 0 0 0 0 0.0311106 0.0570361 0 0 0 0 0 0 0.20956 0 0.0240176 
0.39267 0.39267 0 0 0 0.18592 0.186631 0.994444 0.994444 0.965345 0.965345 0 0 0 0 0 0 0 0 0 0 0 0 0 0 0 0 0 0 0 0 0 0 0 0 0 0 0 0 
0.45339 0.45339 0 0 0 0.238653 0.23906 0.998433 0.998433 0.980163 0.980163 0.11246 0.11246 0.112339 0 0 0 0 0 0.12522 0.0193602 0 0 0 0 0 0 0 0 0 0 0 0 0 0 0 0.221088 0.085287 0.0355407 
0.505202 0.505202 0 0 0 0.283977 0.284132 1 1 0.992426 0.992426 0.336031 0.336031 0.320968 0 0 0 0 0 0.361961 0.0553147 0 0 0 0 0 0 0 0 0 0 0 0 0 0 0 0.635454 0.243676 0.101544 
0.539932 0.539932 0 0 0 0.314912 0.314912 0.999923 0.999923 1 1 0.5 0.5 0.433302 0 0 0 0 0 0.501842 0.0746739 0 0 0 0 0 0 0 0 0 0 0 0 0 0 0 0.869752 0.328959 0.137083 
0.56127 0.56127 0 0 0 0.334769 0.334694 0.999696 0.999696 1 1 0.574202 0.574202 0.360188 0 0 0 0 0 0.438035 0.0746739 0 0 0 0 0 0 0 0 0 0 0 0 0 0 0 0.888286 0.326843 0.137083 
0.578621 0.578621 0 0 0 0.351647 0.351529 0.999325 0.999325 1 1 0.641619 0.641619 0.215599 0 0 0 0 0 0.277379 0.0746739 0 0 0 0 0 0 0 0 0 0 0 0 0 0 0 0.904444 0.321077 0.137083 
0.592396 0.592396 0 0 0 0.365756 0.36562 0.998814 0.998814 1 1 0.701297 0.701297 0.111645 0 0 0 0 0 0.131999 0.0746739 0 0 0 0 0 0 0 0 0 0 0 0 0 0 0 0.918558 0.312529 0.137083 
0.603006 0.603006 0 0 0 0.377304 0.377171 0.998168 0.998168 1 1 0.752273 0.752273 0.0977658 0 0 0 0 0 0.100402 0.0746739 0 0 0 0 0 0 0 0 0 0 0 0 0 0 0 0.93096 0.30207 0.137083 
0.610858 0.610858 0 0 0 0.386502 0.386386 0.997393 0.997393 1 1 0.793591 0.793591 0.1038 0 0 0 0 0 0.116129 0.0746739 0 0 0 0 0 0 0 0 0 0 0 0 0 0 0 0.941981 0.290568 0.137083 
0.616365 0.616365 0 0 0 0.393557 0.393468 0.996493 0.996493 1 1 0.82429 0.82429 0.136601 0 0 0 0 0 0.150726 0.0746739 0 0 0 0 0 0 0 0 0 0 0 0 0 0 0 0.951953 0.278894 0.137083 
0.619934 0.619934 0 0 0 0.398681 0.398623 0.995475 0.995475 1 1 0.843413 0.843413 0.237639 0 0 0 0 0 0.185324 0.0746739 0 0 0 0 0 0 0 0 0 0 0 0 0 0 0 0.961209 0.267917 0.137083 
0.621976 0.621976 0 0 0 0.402081 0.402052 0.994343 0.994343 1 1 0.85 0.85 0.311906 0 0 0 0 0 0.20105 0.0746739 0 0 0 0 0 0 0 0 0 0 0 0 0 0 0 0.970078 0.258506 0.137083 
0.622901 0.622901 0 0 0 0.403968 0.40396 0.993102 0.993102 1 1 0.85 0.85 0.293433 0 0 0 0 0 0.20105 0.0746739 0 0 0 0 0 0 0 0 0 0 0 0 0 0 0 0.978815 0.251991 0.137083 
0.623118 0.623118 0 0 0 0.404551 0.404551 0.991758 0.991758 1 1 0.85 0.85 0.274961 0 0 0 0 0 0.20105 0.0746739 0 0 0 0 0 0 0 0 0 0 0 0 0 0 0 0.986938 0.24745 0.137083 
0.623118 0.623118 0 0 0 0.404551 0.404551 0.990315 0.990315 1 1 0.85 0.85 0.322378 0 0 0 0 0 0.20105 0.0746739 0 0 0 0 0 0 0 0 0 0 0 0 0 0 0 0.993686 0.242371 0.137083 
0.623118 0.623118 0 0 0 0.404551 0.404551 0.988779 0.988779 1 1 0.85 0.85 0.410433 0 0 0 0 0 0.20105 0.0746739 0 0 0 0 0 0 0 0 0 0 0 0 0 0 0 0.998294 0.234248 0.137083 
0.623118 0.623118 0 0 0 0.404551 0.404551 0.987156 0.987156 1 1 0.85 0.85 0.457849 0 0 0 0 0 0.20105 0.0746739 0 0 0 0 0 0 0 0 0 0 0 0 0 0 0 1 0.22057 0.137083 
0.623118 0.623118 0 0 0 0.404551 0.404551 0.985449 0.985449 1 1 0.732752 0.750124 0.339146 0 0 0 0 0.028519 0.148925 0.0553137 0 0.0466674 0 0 0 0 0 0.0388895 0.028519 0 0 0 0 0 0 0.921914 0.191248 0.101543 
0.623118 0.623118 0 0 0 0.404551 0.404551 0.983665 0.983665 1 1 0.49696 0.564647 0.118704 0 0 0 0 0.081481 0.052125 0.0193602 0 0.133333 0 0 0 0 0 0.11111 0.081481 0 0 0 0 0 0 0.776901 0.151145 0.0355407 
0.623118 0.623118 0 0 0 0.404551 0.404551 0.981808 0.981808 1 1 0.316523 0.464771 0 0 0 0 0 0.11 0 0 0 0.18 0 0 0 0 0 0.15 0.11 0 0 0 0 0 0 0.698815 0.120176 0 
0.623118 0.623118 0 0 0 0.404551 0.404551 0.979885 0.979885 1 1 0.242896 0.477715 0.0670364 0 0 0 0 0.0928129 0 0 0.00193042 0.176274 0 0 0 0 0 0.126563 0.0928129 0 0 0 0 0 0 0.698543 0.105332 0 
0.623118 0.623118 0 0 0 0.404551 0.404551 0.977898 0.977898 1 1 0.204132 0.510122 0.134076 0 0 0 0 0.055 0 0 0.0061775 0.168397 0 0 0 0 0 0.075 0.055 0 0 0 0 0 0 0.698091 0.0971924 0 
0.623118 0.623118 0 0 0 0.404551 0.404551 0.975855 0.975855 1 1 0.189064 0.552352 0.0670392 0 0 0 0 0.0171879 0 0 0.0104245 0.161322 0 0 0 0 0 0.0234381 0.0171879 0 0 0 0 0 0 0.698 0.0910606 0 
0.623118 0.623118 0 0 0 0.404551 0.404551 0.973761 0.973761 1 1 0.186523 0.594771 0 0 0 0 0 0 0 0 0.012355 0.16 0 0 0 0 0 0 0 0 0 0 0 0 0 0.698815 0.0822401 0 
0.623118 0.623118 0 0 0 0.404551 0.404551 0.971619 0.971619 1 1 0.275837 0.644215 0.0313894 0 0 0 0 0.00945287 0.0521233 0 0.0118241 0.163736 0 0.00055882 0 0.0103122 0.0103122 0 0.0197651 0 0 0 0 0 0 0.702087 0.0678589 0.000601384 
0.623118 0.623118 0 0 0 0.404551 0.404551 0.969436 0.969436 1 1 0.456268 0.699704 0.176091 0 0 0 0 0.034375 0.148927 0 0.0104245 0.168523 0 0.00612057 0 0.0375 0.0375 0 0.071875 0 0 0 0 0 0 0.706646 0.0514809 0.005833 
0.588087 0.588087 0 0 0 0.38343 0.38343 0.967217 0.967217 0.946126 0.946126 0.596523 0.739868 0.274961 0 0 0 0 0.0696088 0.20105 0 0.00844583 0.174346 0 0.0225126 0 0.0759369 0.0759369 0 0.145546 0 0 0 0 0 0 0.708953 0.0380663 0.0208355 
0.501415 0.501415 0 0 0 0.331173 0.331173 0.964967 0.964967 0.812829 0.812829 0.666362 0.762139 0.0738002 0 0.00664008 0.0588075 0 0.11 0.180141 0 0.0061775 0.18119 0.0197604 0.0551318 0 0.12 0.12 0 0.23 0 0 0 0 0 0 0.66904 0.0275281 0.0504669 
0.390738 0.390738 0 0 0 0.264444 0.264444 0.962691 0.962691 0.642617 0.642617 0.722396 0.778541 0.135856 0 0.026467 0.202949 0 0.15039 0.130281 0 0.00390923 0.189039 0.0668797 0.0985679 0 0.164062 0.164062 0 0.314452 0 0 0 0 0 0 0.596158 0.0172654 0.0898852 
0.283686 0.283686 0 0 0 0.1999 0.1999 0.960394 0.960394 0.477979 0.477979 0.763641 0.789604 0.20299 0 0.059343 0.384021 0 0.185625 0.0707694 0 0.00193047 0.197879 0.12312 0.142445 0 0.2025 0.2025 0 0.388125 0 0 0 0 0 0 0.56058 0.00846489 0.129687 
0.207898 0.207898 0 0 0 0.154205 0.154205 0.958082 0.958082 0.361422 0.361422 0.789111 0.795854 0.116208 0 0.105127 0.553602 0 0.210547 0.0209097 0 0.000530893 0.207694 0.17024 0.176381 0 0.229687 0.229687 0.177164 0.440234 0 0 0 0 0 0 0.652645 0.00231414 0.160465 
0.165489 0.165489 0 0 0 0.128636 0.128636 0.955759 0.955759 0.2962 0.2962 0.79782 0.79782 0.0184379 0 0.163684 0.663289 0 0.22 0 0 0 0.218469 0.19 0.19 0 0.24 0.24 0.378439 0.46 0 0 0 0 0 0 0.741463 0 0.172815 
0.138038 0.138038 0 0 0 0.112085 0.112085 0.953431 0.953431 0.253983 0.253983 0.79782 0.79782 0 0 0.208431 0.719564 0.0093574 0.220043 0 0 0 0.23177 0.19 0.190041 0 0.240046 0.240046 0.41066 0.460088 0 0 0 0 0 0 0.741463 0 0.172851 
0.122367 0.122367 0 0 0 0.102637 0.102637 0.951102 0.951102 0.229882 0.229882 0.79782 0.79782 0 0 0.22073 0.749836 0.0281237 0.220167 0 0 0 0.248281 0.19 0.190155 0 0.240177 0.240177 0.421794 0.460339 0 0 0 0 0 0 0.741463 0 0.172956 
0.115296 0.115296 0 0 0 0.0983732 0.0983732 0.948779 0.948779 0.219006 0.219006 0.79782 0.79782 0 0 0.221194 0.758418 0.0424728 0.220359 0 0 0 0.266668 0.19 0.190334 0 0.24038 0.24038 0.426336 0.460729 0 0 0 0 0 0 0.741463 0 0.173119 
0.113645 0.113645 0 0 0 0.097378 0.097378 0.946467 0.946467 0.216468 0.216468 0.79782 0.79782 0 0 0.222359 0.761974 0.0539321 0.22061 0 0 0 0.285596 0.19 0.190567 0 0.240645 0.240645 0.428394 0.461236 0 0 0 0 0 0 0.741463 0 0.173331 
0.113704 0.113704 0 0 0 0.0974431 0.0974431 0.944169 0.944169 0.216601 0.216601 0.79782 0.79782 0 0 0.223882 0.762011 0.0627774 0.220908 0 0 0 0.303728 0.19 0.190844 0 0.24096 0.24096 0.428714 0.46184 0 0 0 0 0 0 0.741463 0 0.173583 
0.113874 0.113874 0 0 0 0.0976296 0.0976296 0.941892 0.941892 0.216984 0.216984 0.79782 0.79782 0 0 0.225421 0.760033 0.0692835 0.221243 0 0 0 0.31973 0.19 0.191155 0 0.241313 0.241313 0.42804 0.462517 0 0 0 0 0 0 0.741463 0 0.173865 
0.114141 0.114141 0 0 0 0.0979238 0.0979238 0.939641 0.939641 0.217587 0.217587 0.79782 0.79782 0 0 0.226634 0.757546 0.0737259 0.221604 0 0 0 0.332266 0.19 0.19149 0 0.241693 0.241693 0.427119 0.463246 0 0 0 0 0 0 0.741463 0 0.174169 
0.114494 0.114494 0 0 0 0.0983124 0.0983124 0.937421 0.937421 0.218384 0.218384 0.79782 0.79782 0 0 0.227178 0.756056 0.0763796 0.221981 0 0 0 0.34 0.19 0.191838 0 0.242089 0.242089 0.426695 0.464004 0 0 0 0 0 0 0.741463 0 0.174486 
0.114921 0.114921 0 0 0 0.0987819 0.0987819 0.935237 0.935237 0.219347 0.219347 0.79782 0.79782 0 0 0.227267 0.755745 0.0780395 0.222362 0 0 0 0.344477 0.19009 0.192189 0 0.242488 0.242488 0.426849 0.464769 0 0 0 0 0 0 0.741463 0 0.174805 
0.115409 0.115409 0 0 0 0.0993187 0.0993187 0.933095 0.933095 0.220448 0.220448 0.79782 0.79782 0 0 0.227337 0.75574 0.0793324 0.222737 0 0 0 0.34816 0.190338 0.192533 0 0.24288 0.24288 0.427141 0.46552 0 0 0 0 0 0 0.741463 0 0.175119 
0.115946 0.115946 0 0 0 0.0999095 0.0999095 0.930998 0.930998 0.221659 0.221659 0.79782 0.79782 0 0 0.227385 0.755962 0.0802819 0.223096 0 0 0 0.351099 0.19071 0.192861 0 0.243252 0.243252 0.427536 0.466234 0 0 0 0 0 0 0.741463 0 0.175417 
0.11652 0.11652 0 0 0 0.100541 0.100541 0.928954 0.928954 0.222954 0.222954 0.79782 0.79782 0 0 0.227404 0.756332 0.0809115 0.223427 0 0 0 0.35334 0.191172 0.193162 0 0.243594 0.243594 0.427996 0.466889 0 0 0 0 0 0 0.741463 0 0.17569 
0.117118 0.117118 0 0 0 0.101199 0.101199 0.926966 0.926966 0.224304 0.224304 0.79782 0.79782 0 0 0.227391 0.75677 0.0812447 0.223719 0 0 0 0.354932 0.191691 0.193425 0 0.243894 0.243894 0.428486 0.467463 0 0 0 0 0 0 0.741463 0 0.17593 
0.117728 0.117728 0 0 0 0.10187 0.10187 0.92504 0.92504 0.225681 0.225681 0.79782 0.79782 0 0 0.227341 0.757197 0.0813052 0.223963 0 0 0 0.355921 0.192232 0.193641 0 0.24414 0.24414 0.428969 0.467934 0 0 0 0 0 0 0.741463 0 0.176126 
0.118339 0.118339 0 0 0 0.102542 0.102542 0.923182 0.923182 0.227058 0.227058 0.79782 0.79782 0 0 0.227249 0.757535 0.0811164 0.224147 0 0 0 0.356356 0.192761 0.1938 0 0.24432 0.24432 0.429409 0.46828 0 0 0 0 0 0 0.741463 0 0.176271 
0.118937 0.118937 0 0 0 0.1032 0.1032 0.921395 0.921395 0.228408 0.228408 0.79782 0.79782 0 0 0.227109 0.757704 0.080702 0.224261 0 0 0 0.356284 0.193246 0.193891 0 0.244424 0.244424 0.42977 0.468479 0 0 0 0 0 0 0.741463 0 0.176354 
0.119511 0.119511 0 0 0 0.103831 0.103831 0.919927 0.919927 0.229702 0.229702 0.79782 0.79782 0 0 0.226918 0.757625 0.0800854 0.224293 0 0 0 0.355753 0.193652 0.193905 0 0.244439 0.244439 0.430016 0.468508 0 0 0 0 0 0 0.741463 0 0.176366 
0.120048 0.120048 0 0 0 0.104422 0.104422 0.918906 0.918906 0.230914 0.230914 0.79782 0.79782 0 0 0.226669 0.757218 0.0792902 0.224234 0 0 0 0.35481 0.193945 0.19383 0 0.244355 0.244355 0.430109 0.468346 0 0 0 0 0 0 0.741463 0 0.176299 
0.120536 0.120536 0 0 0 0.104959 0.104959 0.918164 0.918164 0.232015 0.232015 0.79782 0.79782 0 0 0.226359 0.756405 0.07834 0.224072 0 0 0 0.353504 0.194091 0.193658 0 0.244159 0.244159 0.430015 0.467971 0 0 0 0 0 0 0.741463 0 0.176142 
0.120962 0.120962 0 0 0 0.105428 0.105428 0.917533 0.917533 0.232978 0.232978 0.79782 0.79782 0 0 0.225983 0.755106 0.0772584 0.223797 0 0 0 0.351881 0.194057 0.193378 0 0.24384 0.24384 0.429696 0.46736 0 0 0 0 0 0 0.741463 0 0.175887 
0.121315 0.121315 0 0 0 0.105817 0.105817 0.916845 0.916845 0.233775 0.233775 0.79782 0.79782 0 0 0.225535 0.753243 0.0760688 0.223398 0 0 0 0.349989 0.193809 0.192979 0 0.243387 0.243387 0.429117 0.466492 0 0 0 0 0 0 0.741463 0 0.175524 
0.121583 0.121583 0 0 0 0.106111 0.106111 0.915931 0.915931 0.234378 0.234378 0.79782 0.79782 0 0 0.225011 0.750735 0.0747948 0.222864 0 0 0 0.347876 0.193313 0.192452 0 0.242788 0.242788 0.428241 0.465343 0 0 0 0 0 0 0.741463 0 0.175045 
0.121752 0.121752 0 0 0 0.106298 0.106298 0.914624 0.914624 0.23476 0.23476 0.79782 0.79782 0 0 0.224406 0.747504 0.0734601 0.222184 0 0 0 0.34559 0.192536 0.191787 0 0.242031 0.242031 0.427032 0.463893 0 0 0 0 0 0 0.741463 0 0.17444 
0.121812 0.121812 0 0 0 0.106363 0.106363 0.912754 0.912754 0.234894 0.234894 0.79782 0.79782 0 0 0.223715 0.743471 0.072088 0.221348 0 0 0 0.343179 0.191443 0.190973 0 0.241106 0.241106 0.425453 0.46212 0 0 0 0 0 0 0.741463 0 0.173699 
0.121748 0.121748 0 0 0 0.106293 0.106293 0.910153 0.910153 0.234751 0.234751 0.79782 0.79782 0 0 0.222934 0.738557 0.0707023 0.220345 0 0 0 0.340689 0.19 0.19 0 0.24 0.24 0.423469 0.46 0 0 0 0 0 0 0.741463 0 0.172815 
0.12155 0.12155 0 0 0 0.106075 0.106075 0.906653 0.906653 0.234304 0.234304 0.79782 0.79782 0 0 0.222244 0.732606 0.0695723 0.219481 0 0 0 0.338439 0.188418 0.189069 0 0.239046 0.239046 0.422134 0.458172 0 0 0 0 0 0 0.741463 0 0.171968 
0.121205 0.121205 0 0 0 0.105696 0.105696 0.902087 0.902087 0.233526 0.233526 0.79782 0.79782 0 0 0.221743 0.725499 0.0687911 0.218887 0 0 0 0.336467 0.186821 0.18825 0 0.238387 0.238387 0.42207 0.456908 0 0 0 0 0 0 0.741463 0 0.171223 
0.120701 0.120701 0 0 0 0.105141 0.105141 0.898426 0.898426 0.232388 0.232388 0.79782 0.79782 0 0 0.221299 0.717212 0.0681171 0.21829 0 0 0 0.3344 0.185041 0.187338 0 0.237725 0.237725 0.422588 0.45564 0 0 0 0 0 0 0.741463 0 0.170393 
0.120025 0.120025 0 0 0 0.104397 0.104397 0.896925 0.896925 0.230863 0.230863 0.79782 0.79782 0 0 0.22078 0.707719 0.0673088 0.217419 0 0 0 0.331863 0.182914 0.186126 0 0.236766 0.236766 0.423001 0.453801 0 0 0 0 0 0 0.741463 0 0.169291 
0.119166 0.119166 0 0 0 0.103452 0.103452 0.896338 0.896338 0.228924 0.228924 0.79782 0.79782 0 0 0.220055 0.696994 0.0661247 0.216001 0 0 0 0.328485 0.180275 0.18441 0 0.235211 0.235211 0.422619 0.450821 0 0 0 0 0 0 0.741463 0 0.16773 
0.11811 0.11811 0 0 0 0.10229 0.10229 0.895419 0.895419 0.226542 0.226542 0.79782 0.79782 0 0 0.218991 0.685012 0.0643234 0.213764 0 0 0 0.323892 0.176957 0.181984 0 0.232766 0.232766 0.420755 0.446134 0 0 0 0 0 0 0.741463 0 0.165523 
0.116846 0.116846 0 0 0 0.1009 0.1009 0.89292 0.89292 0.223691 0.223691 0.79782 0.79782 0 0 0.217457 0.671749 0.0616633 0.210436 0 0 0 0.317711 0.172795 0.178641 0 0.229133 0.229133 0.416721 0.439172 0 0 0 0 0 0 0.741463 0 0.162483 
0.115362 0.115362 0 0 0 0.099267 0.099267 0.887595 0.887595 0.220342 0.220342 0.79782 0.79782 0 0 0.21532 0.657178 0.057903 0.205744 0 0 0 0.309568 0.167624 0.174177 0 0.224016 0.224016 0.409828 0.429365 0 0 0 0 0 0 0.741463 0 0.158423 
0.113645 0.113645 0 0 0 0.097378 0.097378 0.878199 0.878199 0.216468 0.216468 0.79782 0.79782 0 0 0.21245 0.641275 0.052801 0.199416 0 0 0 0.29909 0.161278 0.168386 0 0.21712 0.21712 0.399389 0.416146 0 0 0 0 0 0 0.741463 0 0.153156 
0.109302 0.109302 0 0 0 0.0924117 0.0924117 0.863483 0.863483 0.206397 0.206397 0.79782 0.79782 0 0 0.208714 0.624014 0.0461157 0.19118 0 0 0 0.285905 0.153592 0.161062 0 0.208146 0.208146 0.384715 0.398947 0 0 0 0 0 0 0.741463 0 0.146494 
0.100869 0.100869 0 0 0 0.0826944 0.0826944 0.842203 0.842203 0.186735 0.186735 0.79782 0.79782 0 0 0.20398 0.60537 0.0376059 0.180764 0 0 0 0.269639 0.1444 0.152 0 0.1968 0.1968 0.365118 0.3772 0 0 0 0 0 0 0.741463 0 0.138252 
0.0897251 0.0897251 0 0 0 0.0699325 0.0699325 0.81311 0.81311 0.160867 0.160867 0.783069 0.783069 0 0 0.191175 0.564547 0.00450349 0.164118 0.0157989 0 0 0.244324 0.130539 0.137812 0 0.178672 0.178672 0.332365 0.342455 0 0 0 0 0 0 0.731145 0 0.125347 
0.077252 0.077252 0 0 0 0.0558334 0.0558334 0.756896 0.756896 0.13218 0.13218 0.743998 0.743998 0.0243629 0 0.166172 0.489019 0 0.139473 0.0574491 0 0 0.207335 0.110588 0.117 0 0.151839 0.151839 0.282995 0.291026 0 0 0 0 0 0 0.703943 0 0.106417 
0.0648295 0.0648295 0 0 0 0.0421034 0.0421034 0.667872 0.667872 0.10406 0.10406 0.688376 0.688376 0.0595294 0 0.133256 0.391157 0 0.109979 0.116335 0 0 0.16331 0.0869918 0.0921871 0 0.119728 0.119728 0.223473 0.229479 0 0 0 0 0 0 0.665486 0 0.0838488 
0.0538384 0.0538384 0 0 0 0.03045 0.03045 0.565229 0.565229 0.0798953 0.0798953 0.623974 0.623974 0.0990615 0 0.0967135 0.283341 0 0.0787851 0.183837 0 0 0.116888 0.0622 0.066 0 0.0857684 0.0857684 0.160271 0.164389 0 0 0 0 0 0 0.621401 0 0.0600303 
0.0456587 0.0456587 0 0 0 0.0225794 0.0225794 0.468153 0.468153 0.06307 0.06307 0.558561 0.558561 0.138163 0 0.06083 0.17794 0 0.0490404 0.251341 0 0 0.0727071 0.0386575 0.0410622 0 0.0533867 0.0533867 0.0998538 0.102325 0 0 0 0 0 0 0.577315 0 0.0373481 
0.0393775 0.0393775 0 0 0 0.0175826 0.0175826 0.395837 0.395837 0.0516624 0.0516624 0.499908 0.499908 0.172032 0 0.0298932 0.0873351 0 0.0238955 0.310225 0 0 0.035407 0.0188125 0.02 0 0.0260132 0.0260132 0.0486918 0.0498586 0 0 0 0 0 0 0.538859 0 0.018191 
0.0332265 0.0332265 0 0 0 0.0133686 0.0133686 0.367466 0.367466 0.0414724 0.0414724 0.455784 0.455784 0.195874 0 0.00818742 0.0238956 0 0.00649861 0.351876 0 0 0.00962458 0.0051108 0.00543735 0 0.00707448 0.00707448 0.0132506 0.0135594 0 0 0 0 0 0 0.511657 0 0.00494555 
0.0273046 0.0273046 0 0 0 0.00987288 0.00987288 0.369403 0.369403 0.0324729 0.0324729 0.433961 0.433961 0.204887 0 0 0 0 0 0.367674 0 0 0 0 0 0 0 0 0 0 0 0 0 0 0 0 0.501339 0 0 
0.0217101 0.0217101 0 0 0 0.00703061 0.00703061 0.374595 0.374595 0.0246357 0.0246357 0.426066 0.426066 0.197364 0 0 0 0 0 0.367674 0 0 0 0 0 0 0 0 0 0 0 0 0 0 0 0 0.501339 0 0 
0.0165417 0.0165417 0 0 0 0.00477719 0.00477719 0.382117 0.382117 0.0179334 0.0179334 0.418549 0.418549 0.178294 0 0 0 0 0 0.367674 0 0 0 0 0 0 0 0 0 0 0 0 0 0 0 0 0.501339 0 0 
0.0118981 0.0118981 0 0 0 0.00304799 0.00304799 0.391042 0.391042 0.0123384 0.0123384 0.411411 0.411411 0.152927 0 0 0 0 0 0.367674 0 0 0 0 0 0 0 0 0 0 0 0 0 0 0 0 0.501339 0 0 
0.0078776 0.0078776 0 0 0 0.0017782 0.0017782 0.400446 0.400446 0.00782265 0.00782265 0.404653 0.404653 0.12651 0 0 0 0 0 0.367674 0 0 0 0 0 0 0 0 0 0 0 0 0 0 0 0 0.501339 0 0 
0.00457906 0.00457906 0 0 0 0.000903214 0.000903214 0.409402 0.409402 0.00435872 0.00435872 0.398786 0.398786 0.104293 0 0 0 0 0 0.367674 0 0 0 0 0 0 0 0 0 0 0 0 0 0 0 0 0.501339 0 0 
0.00210084 0.00210084 0 0 0 0.000358299 0.000358299 0.416985 0.416985 0.00191872 0.00191872 0.394552 0.394552 0.091522 0 0 0 0 0 0.367674 0 0 0 0 0 0 0 0 0 0 0 0 0 0 0 0 0.501339 0 0 
0.000541654 0.000541654 0 0 0 7.87959e-05 7.87959e-05 0.422269 0.422269 0.000475077 0.000475077 0.391436 0.391436 0.0859709 0 0 0 0 0 0.367674 0 0 0 0 0 0 0 0 0 0 0 0 0 0 0 0 0.501339 0 0 
0 0 0 0 0 0 0 0.425222 0.425222 0 0 0.388734 0.388734 0.0817834 0 0 0 0 0 0.367674 0 0 0 0 0 0 0 0 0 0 0 0 0 0 0 0 0.501339 0 0 
0 0 0 0 0 0 0 0.426683 0.426683 0 0 0.386514 0.386514 0.0787677 0 0 0 0 0 0.367674 0 0 0 0 0 0 0 0 0 0 0 0 0 0 0 0 0.501339 0 0 
0 0 0 0 0 0 0 0.427031 0.427031 0 0 0.384844 0.384844 0.0767312 0 0 0 0 0 0.367674 0 0 0 0 0 0 0 0 0 0 0 0 0 0 0 0 0.501339 0 0 
0 0 0 0 0 0 0 0.426643 0.426643 0 0 0.38393 0.38393 0.0754818 0 0 0 0 0 0.367674 0 0 0 0 0 0 0 0 0 0 0 0 0 0 0 0 0.501339 0 0 
0 0 0 0 0 0 0 0.425897 0.425897 0 0 0.383675 0.383675 0.0748274 0 0 0 0 0 0.367674 0 0 0 0 0 0 0 0 0 0 0 0 0 0 0 0 0.501339 0 0 
0 0 0 0 0 0 0 0.425172 0.425172 0 0 0.383684 0.383684 0.0745758 0 0 0 0 0 0.367674 0 0 0 0 0 0 0 0 0 0 0 0 0 0 0 0 0.501339 0 0 
0 0 0 0 0 0 0 0.424847 0.424847 0 0 0.38356 0.38356 0.0745346 0 0 0 0 0 0.367674 0 0 0 0 0 0 0 0 0 0 0 0 0 0 0 0 0.501339 0 0 
