0 0 0 0 0 0 0 0 0 0 0 0 0 0 0 0 0 0 0 0 0 0 0 0 0 0 0 0 0 0 0 0 0 0 0 0 0 0 0 
0 0 0 0 0 0 0 0 0 0 0 0 0 0 0 0 0 0 0 0 0 0 0 0 0 0 0 0 0 0 0 0 0 0 0 0 0 0 0 
0 0 0 0 0 0 0 0 0 0 0 0 0 0 0 0 0 0 0 0 0 0 0 0 0 0 0 0 0 0 0 0 0 0 0 0 0 0 0 
0 0 0 0 0 0 0 0 0 0 0 0 0 0 0 0 0 0 0 0 0 0 0 0 0 0 0 0 0 0 0 0 0 0 0 0 0 0 0 
0 0 0 0 0 0 0 0 0 0 0 0 0 0 0 0 0 0 0 0 0 0 0 0 0 0 0 0 0 0 0 0 0 0 0 0 0 0 0 
0 0 0 0 0 0 0 0 0 0 0 0 0 0 0 0 0 0 0 0 0 0 0 0 0 0 0 0 0 0 0 0 0 0 0 0 0 0 0 
0 0 0 0 0 0 0 0 0 0 0 0 0 0 0 0 0 0 0 0 0 0 0 0 0 0 0 0 0 0 0 0 0 0 0 0 0 0 0 
0 0 0 0 0 0 0 0 0 0 0 0 0 0 0 0 0 0 0 0 0 0 0 0 0 0 0 0 0 0 0 0 0 0 0 0 0 0 0 
0 0 0 0 0 0 0 0 0 0 0 0 0 0 0 0 0 0 0 0 0 0 0 0 0 0 0 0 0 0 0 0 0 0 0 0 0 0 0 
0 0 0 0 0 0 0 0 0 0 0 0 0 0 0 0 0 0 0 0 0 0 0 0 0 0 0 0 0 0 0 0 0 0 0 0 0 0 0 
0 0 0 0 0 0 0 0 0 0 0 0 0 0 0 0 0 0 0 0 0 0 0 0 0 0 0 0 0 0 0 0 0 0 0 0 0 0 0 
0 0 0 0 0 0 0 0 0 0 0 0 0 0 0 0 0 0 0 0 0 0 0 0 0 0 0 0 0 0 0 0 0 0 0 0 0 0 0 
0 0 0 0 0 0 0 0 0 0 0 0 0 0 0 0 0 0 0 0 0 0 0 0 0 0 0 0 0 0 0 0 0 0 0 0 0 0 0 
0 0 0 0 0 0 0 0 0 0 0 0 0 0 0 0 0 0 0 0 0 0 0 0 0 0 0 0 0 0 0 0 0 0 0 0 0 0 0 
0 0 0 0 0 0 0 0 0 0 0 0 0 0 0 0 0 0 0 0 0 0 0 0 0 0 0 0 0 0 0 0 0 0 0 0 0 0 0 
0 0 0.0122843 0 0.000470771 0 0 0.00272803 0 0 0 0 0 0 0 0 0 0.000916356 0 6.53364e-05 0 0 0 0 0 0 0 0 0 0 0 0 0 0 0 0 0.00144474 0 0 
0 0 0.0464217 0 0.00178895 0 0 0.0103166 0 0 0 0 0 0 0 0 0 0.00237387 0 0.000455431 0 0 0 0 0 0 0 0 0 0 0 0 0 0 0 0 0.00554454 0 0 
0 0 0.0983387 0 0.00381333 0 0 0.0218726 0 0 0 0.00219806 0 0 0 0 0 0.00243521 0 0.00146141 0 6.82754e-05 0 0 0 0 0 0 0 0 0 0 0 0 0 0 0.0119478 0 0 
0 0 0.163962 0 0.00640272 0 0 0.0365026 0 0 0 0.0118804 0.00534022 0.000304347 0 0 0 0 0 0.00337441 0 0.0019694 0 0 0 0 0 0 0 0 0 0 0 0 0 0 0.0203029 0 0 
0 0 0.239218 0 0.00941591 0 0 0.0533135 0 0 0 0.0310204 0.0173298 0.00341089 0 0 0 0 0 0.00648556 0 0.00596472 0 0 0 0 0 0 0 0 0 0 0 0 0 0 0.0302583 0 0 
0 0 0.320033 0 0.0127117 0 0 0.0714121 0 0 0 0.062608 0.0378943 0.00913858 0 0 0 0 0 0.011086 0 0.0127472 0 0 0 0 0 0 0 0 0 0 0 0 0 0 0.0414622 0 0 
0 0 0.402334 0 0.0161489 0 0 0.0899052 0 0 0 0.123621 0.0792147 0.0195039 0 0 0 0 0 0.0181756 0 0.0262369 0 0 0 0 0 0 0 0 0 0 0 0 0 0 0.0572446 0 0 
0 0 0.482048 0 0.0195863 0 0 0.107899 0 0 0 0.213623 0.140662 0.0343416 0 0 0 0 0 0.0277755 0 0.0462561 0 0 0 0 0 0 0 0 0 0 0 0 0 0 0.0782503 0 0 
0 0 0.555101 0 0.0228827 0 0 0.124502 0 0 0 0.309486 0.205179 0.0510831 0 0 0 0 0 0.0387083 0 0.067352 0 0 0 0 0 0 0 0 0 0 0 0 0 0 0.100101 0 0 
0 0 0.617419 0 0.025897 0 0 0.138819 0 0 0 0.388079 0.255708 0.06716 0 0 0 0 0 0.0497966 0 0.0840712 0 0 0 0 0 0 0 0 0 0 0 0 0 0 0.118418 0 0 
0 0 0.66493 0 0.0284878 0 0 0.149957 0 0 0 0.451832 0.293084 0.080004 0 0 0 0 0 0.0598631 0 0.0967534 0 0 0 0 0 0 0 0 0 0 0 0 0 0 0.128822 0 0 
0 0 0.693559 0 0.030514 0 0 0.157024 0 0 0 0.515691 0.328415 0.0893074 0 0 0 0 0 0.0697152 0 0.108943 0 0 0 0 0 0 0 0 0 0 0 0 0 0 0.133794 0 0 
0 0 0.71114 0 0.031947 0 0 0.161668 0 0 0 0.575301 0.360056 0.0963148 0 0 0 0 0 0.0804456 0 0.119996 0 0 0 0 0 0 0 0 0 0 0 0 0 0 0.138728 0 0 
0 0 0.72801 0 0.0329125 0 0 0.166091 0 0 0 0.626308 0.386362 0.100786 0 0 0 0 0 0.0913049 0 0.129267 0 0 0 0 0 0 0 0 0 0 0 0 0 0 0.143618 0 0 
0 0 0.743857 0 0.0335007 0 0 0.170232 0 0 0 0.664356 0.405687 0.102481 0 0 0 0 0 0.101544 0 0.13611 0 0 0 0 0 0 0 0 0 0 0 0 0 0 0.148458 0 0 
0 0 0.758369 0 0.0338016 0 0 0.174026 0 0 0 0.68509 0.416385 0.100661 0 0 0 0 0 0.110413 0 0.13988 0 0 0 0 0 0 0 0 0 0 0 0 0 0 0.153239 0 0 
0 0 0.771231 0 0.0339056 0 0 0.177412 0 0 0 0.695258 0.421979 0.0959307 0 0 0 0 0 0.117163 0 0.141814 0 0 0 0 0 0 0 0 0 0 0 0 0 0 0.157956 0 0 
0 0 0.782131 0 0.0339027 0 0 0.180328 0 0 0 0.704533 0.427098 0.0900671 0 0 0 0 0 0.121044 0 0.143583 0 0 0 0 0 0 0 0 0 0 0 0 0 0 0.162601 0 0 
0 0 0.790756 0 0.0338832 0 0 0.18271 0 0 0 0.712954 0.431764 0.0848471 0 0 0 0 0 0.123136 0 0.145193 0 0 0 0 0 0 0 0 0 0 0 0 0 0 0.167167 0 0 
0 0 0.796793 0 0.0339372 0 0 0.184495 0 0 0 0.720561 0.435997 0.0820476 0 0 0 0 0 0.125024 0 0.146652 0 0 0 0 0 0 0 0 0 0 0 0 0 0 0.171649 0 0 
0 0 0.80081 0 0.0340332 0 0 0.185824 0 0 0 0.727393 0.439816 0.0816116 0 0 0 0 0 0.126717 0 0.147967 0 0 0 0 0 0 0 0 0 0 0 0 0 0 0.176039 0 0 
0 0 0.803678 0 0.0340836 0 0 0.186895 0 0 0 0.733488 0.443243 0.0821147 0 0 0 0 0 0.128225 0 0.149145 0 0 0 0 0 0 0 0 0 0 0 0 0 0 0.180329 0 0 
0 0 0.805538 0 0.0340944 0 0 0.187739 0 0 0 0.738886 0.446296 0.0832833 0 0 0 0 0 0.129558 0 0.150193 0 0 0 0 0 0 0 0 0 0 0 0 0 0 0.184514 0 0 
0 0 0.806529 0 0.0340714 0 0 0.188384 0 0 0 0.743625 0.448997 0.0848433 0 0 0 0 0 0.130727 0 0.151118 0 0 0 0 0 0 0 0 0 0 0 0 0 0 0.188586 0 0 
0 0 0.806793 0 0.0340207 0 0 0.18886 0 0 0 0.747744 0.451366 0.0865209 0 0 0 0 0 0.13174 0 0.151928 0 0 0 0 0 0 0 0 0 0 0 0 0 0 0.192539 0 0 
0 0 0.806468 0 0.0339481 0 0 0.189196 0 0 0 0.751283 0.453422 0.0880424 0 0 0 0 0 0.132608 0 0.152629 0 0 0 0 0 0 0 0 0 0 0 0 0 0 0.196366 0 0 
0 0 0.805696 0 0.0338596 0 0 0.189422 0 0 0 0.75428 0.455186 0.0891337 0 0 0 0 0 0.133341 0 0.153228 0 0 0 0 0 0 0 0 0 0 0 0 0 0 0.20006 0 0 
0 0 0.804617 0 0.0337612 0 0 0.189566 0 0 0 0.756774 0.456678 0.0895212 0 0 0 0 0 0.133948 0 0.153733 0 0 0 0 0 0 0 0 0 0 0 0 0 0 0.203614 0 0 
0 0 0.80337 0 0.0336587 0 0 0.189658 0 0 0 0.758804 0.457919 0.0886993 0 0 0 0 0 0.134439 0 0.154151 0 0 0 0 0 0 0 0 0 0 0 0 0 0 0.207021 0 0 
0 0 0.802097 0 0.0335582 0 0 0.189728 0 0 0 0.76041 0.458927 0.0867946 0 0 0 0 0 0.134824 0 0.154488 0 0 0 0 0 0 0 0 0 0 0 0 0 0 0.210274 0 0 
0 0 0.800937 0 0.0334655 0 0 0.189804 0 0 0 0.76163 0.459725 0.084481 0 0 0 0 0 0.135113 0 0.154752 0 0 0 0 0 0 0 0 0 0 0 0 0 0 0.213367 0 0 
0 0 0.800031 0 0.0333867 0 0 0.189915 0 0 0 0.762502 0.460331 0.0824323 0 0 0 0 0 0.135316 0 0.15495 0 0 0 0 0 0 0 0 0 0 0 0 0 0 0.216293 0 0 
0 0 0.799519 0 0.0333276 0 0 0.190092 0 0 0 0.763067 0.460767 0.0813226 0 0 0 0 0 0.135442 0 0.155089 0 0 0 0 0 0 0 0 0 0 0 0 0 0 0.219045 0 0 
0 0 0.79954 0 0.0332942 0 0 0.190364 0 0 0 0.763363 0.461051 0.0809957 0 0 0 0 0 0.135502 0 0.155176 0 0 0 0 0 0 0 0 0 0 0 0 0 0 0.221616 0 0 
0 0 0.800236 0 0.0332925 0 0 0.190759 0 0 0 0.763428 0.461205 0.0808293 0 0 0 0 0 0.135504 0 0.155219 0 0 0 0 0 0 0 0 0 0 0 0 0 0 0.224 0 0 
0 0 0.801771 0 0.0333348 0 0 0.191288 0 0 0 0.763303 0.461249 0.0807984 0 0 0 0 0 0.13546 0 0.155223 0 0 0 0 0 0 0 0 0 0 0 0 0 0 0.226188 0 0 
0 0 0.804069 0 0.0334218 0 0 0.191917 0 0 0 0.763025 0.461202 0.0808776 0 0 0 0 0 0.135379 0 0.155197 0 0 0 0 0 0 0 0 0 0 0 0 0 0 0.228176 0 0 
0 0 0.806912 0 0.033542 0 0 0.19261 0 0 0 0.762634 0.461085 0.0810419 0 0 0 0 0 0.13527 0 0.155148 0 0 0 0 0 0 0 0 0 0 0 0 0 0 0.229955 0 0 
0 0 0.810083 0 0.0336837 0 0 0.193331 0 0 0 0.762169 0.460918 0.081266 0 0 0 0 0 0.135144 0 0.155082 0 0 0 0 0 0 0 0 0 0 0 0 0 0 0.231519 0 0 
0 0 0.813364 0 0.0338355 0 0 0.194041 0 0 0 0.761669 0.460722 0.0815247 0 0 0 0 0 0.135011 0 0.155007 0 0 0 0 0 0 0 0 0 0 0 0 0 0 0.232861 0 0 
0 0 0.816537 0 0.0339856 0 0 0.194705 0 0 0 0.761172 0.460516 0.0817929 0 0 0 0 0 0.134879 0 0.154929 0 0 0 0 0 0 0 0 0 0 0 0 0 0 0.233975 0 0 
0 0 0.819384 0 0.0341225 0 0 0.195285 0 0 0 0.760718 0.46032 0.0820453 0 0 0 0 0 0.13476 0 0.154857 0 0 0 0 0 0 0 0 0 0 0 0 0 0 0.234853 0 0 
0 0 0.821688 0 0.0342347 0 0 0.195745 0 0 0 0.760345 0.460156 0.0822568 0 0 0 0 0 0.134663 0 0.154796 0 0 0 0 0 0 0 0 0 0 0 0 0 0 0.235488 0 0 
0 0 0.82323 0 0.0343105 0 0 0.196048 0 0 0 0.760093 0.460042 0.0824021 0 0 0 0 0 0.134597 0 0.154754 0 0 0 0 0 0 0 0 0 0 0 0 0 0 0.235875 0 0 
0 0 0.823792 0 0.0343383 0 0 0.196157 0 0 0 0.76 0.46 0.0824562 0 0 0 0 0 0.134573 0 0.154739 0 0 0 0 0 0 0 0 0 0 0 0 0 0 0.236005 0 0 
