0.0079402 0.0079402 0 0 0 0 0 0 0 0.957516 0.680183 0 0 0 0 0 0 0 0.299673 0 0 0 0 0.159826 0.159826 0 0 0 0.219732 0 0 1 0.519978 0 0 0 0.963199 0 0 
0.0697707 0.0697707 0 0 0 0.00071897 0.00071897 0 0 0.959534 0.681566 0 0 0 0 0 0 0 0.297149 0 0 0 0 0.158465 0.158465 0 0 0 0.219732 0 0 1 0.519967 0 0 0 0.973682 0 0 
0.18911 0.18911 0 0 0 0.0179148 0.0179148 0 0 0.963247 0.68412 0 0 0 0 0 0 0 0.292329 0 0 0 0 0.155832 0.155832 0 0 0 0.219732 0 0 1 0.520364 0 0 0 0.982789 0 0 
0.361448 0.361448 0 0 0 0.0663116 0.0663116 0 0 0.968321 0.687621 0 0 0 0 0 0 0 0.285456 0 0 0 0 0.152019 0.152019 0 0 0 0.219732 0 0 1 0.521606 0 0 0 0.991207 0 0 
1 1 0 0 0 0.241991 0.241991 0 0 0.97442 0.691848 0 0 0 0 0 0 0 0.276769 0 0 0 0 0.147118 0.147118 0 0 0 0.219732 0 0 1 0.524129 0 0 0 0.999624 0 0 
1 1 0 0 0 0.38 0.38 0 0 0.981209 0.696578 0 0 0 0 0 0 0 0.266508 0 0 0 0 0.14122 0.14122 0 0 0 0.219732 0 0 1 0.52837 0 0 0 1 0 0 
1 1 0 0 0 0.287795 0.287795 0 0 0.988352 0.701589 0 0 0 0 0 0 0 0.254913 0 0 0 0 0.134417 0.134417 0 0 0 0.219732 0 0 1 0.534766 0 0 0 1 0 0 
0.611755 0.611755 0 0 0 0.123105 0.123105 0 0 0.995514 0.706659 0 0 0 0 0 0 0 0.242224 0 0 0 0 0.126802 0.126802 0 0 0 0.219732 0 0 1 0.546692 0 0 0 1 0 0 
0.174405 0.174405 0 0 0 0.035066 0.035066 0 0 1 0.711566 0 0 0 0 0 0 0 0.228683 0 0 0 0 0.118466 0.118466 0 0 0 0.219732 0 0 1 0.564387 0 0 0 1 0 0 
0.174405 0.174405 0 0 0 0.035066 0.035066 0 0 1 0.716087 0 0 0 0 0 0 0 0.214528 0 0 0 0 0.109501 0.109501 0 0 0 0.219732 0 0 1 0.583579 0 0 0 1 0 0 
0.174405 0.174405 0 0 0 0.035066 0.035066 0 0 1 0.72 0 0 0 0 0 0 0 0.2 0 0 0 0 0.1 0.1 0 0 0 0.219732 0 0 1 0.6 0 0 0 1 0 0 
0.174405 0.174405 0 0 0 0.035066 0.035066 0 0 1 0.723801 0 0 0.0239837 0 0 0 0 0.182546 0.0294817 0.022402 0.022402 0 0.0855422 0.0855422 0 0.0112 0.0112 0.19688 0 0 1 0.613554 0 0 0 1 0 0 
0.174405 0.174405 0.0434574 0.0196246 0.0196246 0.035066 0.035066 0 0 1 0.727752 0 0 0.0784279 0 0 0 0 0.160468 0.0750444 0.0570232 0.0570232 0 0.0646754 0.0646754 0 0.0416 0.0416 0.142387 0 0 1 0.626617 0 0 0 1 0 0 
0.174405 0.174405 0.0813349 0.0392446 0.0392446 0.035066 0.035066 0 0 1 0.731283 0 0 0.14111 0 0 0 0 0.135288 0.0825595 0.0580366 0.0580366 0 0.0419417 0.0419417 0 0.0864 0.0864 0.0773458 0 0 1 0.638632 0 0 0 1 0 0 
0.174405 0.174405 0.120328 0.0588654 0.0588654 0.035066 0.035066 0 0 1 0.73382 0 0 0.217021 0 0 0 0 0.108527 0.0759736 0.028168 0.028168 0 0.0218834 0.0218834 0 0.1408 0.1408 0.0228522 0 0 1 0.649037 0 0 0 1 0 0 
0.174405 0.174405 0.167134 0.0784929 0.0784929 0.035066 0.035066 0 0 1 0.734793 0 0 0.301895 0 0 0 0 0.0817073 0.0704103 0.00669605 0.00669605 0 0.00904263 0.00904263 0 0.2 0.2 0 0 0 1 0.657273 0 0 0 1 0 0 
0.174405 0.174405 0.228447 0.0981326 0.0981326 0.035066 0.035066 0 0 1 0.735077 0 0 0.388208 0 0 0 0 0.0563512 0.0683821 0.00346283 0.00346283 0 0.00316276 0.00316276 0 0.2592 0.2592 0 0 0 1 0.66302 0 0 0 1 0 0 
0.174405 0.174405 0.31986 0.117518 0.117518 0.035066 0.035066 0 0 1 0.7351 0 0 0.468437 0 0 0 0 0.0339805 0.0670247 0.0014851 0.0014851 0 0.000302751 0.000302751 0 0.3136 0.3136 0 0 0 1 0.666648 0 0 0 1 0 0 
0.174405 0.174405 0.575664 0.137602 0.137602 0.035066 0.035066 0 0 1 0.733615 0 0 0.535059 0 0 0 0 0.0161171 0.0662115 0.000454385 0.000454385 0 0 0 0 0.3584 0.3584 0 0 0 1 0.668642 0 0 0 1 0 0 
0.129189 0.129189 1 0.162793 0.162793 0.0259748 0.0259748 0 0 1 0.731134 0 0 0.580549 0 0 0 0 0.00428292 0.0658163 6.21808e-05 6.21808e-05 0 0 0 0 0.3888 0.3888 0 0 0 1 0.669485 0 0 0 1 0 0 
0.0452163 0.0452163 1 0.18888 0.18888 0.00909119 0.00909119 0 0 1 0.728711 0 0 0.597384 0 0 0 0 0 0.0657126 0 0 0 0 0 0 0.4 0.4 0 0 0 1 0.669658 0 0 0 1 0 0 
0 0 1 0.208967 0.208967 0 0 0 0 1 0.725911 0 0 0.532426 0 0 0 0 0.00859377 0.0657126 0 0 0.0249219 0.00429688 0.00429688 0 0.381237 0.381237 0 0 0 1 0.669658 0 0 0 1 0 0 
0 0 1 0.221298 0.221298 0 0 0 0 1 0.7223 0 0 0.401256 0 0 0 0 0.03125 0.0657126 0 0 0.090625 0.015625 0.015625 0 0.3321 0.3321 0 0 0 1 0.669658 0 0 0 1 0 0 
0 0 1 0.22974 0.22974 0 0 0 0 1 0.717443 0 0 0.200109 0 0 0 0 0.0632813 0.0657126 0 0 0.183516 0.0316406 0.0316406 0 0.263312 0.263312 0 0 0 1 0.669658 0 0 0 1 0 0 
0 0 1 0.235835 0.235835 0 0 0 0 1 0.710906 0 0 0.328485 0 0 0 0 0.1 0.0657126 0 0 0.29 0.05 0.05 0 0.1856 0.1856 0 0 0 1 0.669658 0 0 0 1 0 0 
0 0 1 0.241123 0.241123 0 0 0 0 0.996022 0.702699 0 0 0.462299 0 0 0 0 0.136719 0.0657126 0 0 0.396484 0.0683594 0.0683594 0 0.109687 0.109687 0 0 0 1 0.669658 0 0 0 1 0 0 
0 0 1 0.24611 0.24611 0 0 0 0 0.985265 0.693204 0 0 0.43424 0 0 0 0 0.16875 0.0657126 0 0 0.489375 0.084375 0.084375 0 0.0463 0.0463 0 0 0 1 0.669658 0 0 0 1 0 0 
0 0 1 0.250264 0.250264 0 0 0 0 0.972594 0.682546 0 0 0.286629 0 0 0 0 0.191406 0.0657126 0 0 0.555078 0.0957031 0.0957031 0 0.00616248 0.00616248 0 0 0 1 0.669658 0 0 0 1 0 0 
0 0 1 0.253568 0.253568 0 0 0 0 0.958206 0.670852 0 0 0.191115 0 0 0 0 0.2 0.0657126 0 0 0.58 0.1 0.1 0 0 0 0 0.0725924 0 1 0.669658 0 0 0 1 0 0 
0 0 1 0.256004 0.256004 0 0 0 0 0.942301 0.658247 0 0 0.262589 0.14973 0 0 0 0.17476 0.165212 0 0 0.506804 0.08738 0.08738 0 0.0819074 0.0819074 0 0.28 0 1 0.663034 0 0 0 1 0 0 
0 0 1 0.257556 0.257556 0 0 0 0 0.925075 0.644854 0 0 0.387941 0.299459 0 0 0 0.116598 0.394492 0 0 0.338135 0.0582991 0.0582991 0 0.250754 0.250754 0 0.14 0 1 0.647346 0 0 0 1 0 0 
0 0 1 0.258571 0.258571 0 0 0 0 0.906729 0.630801 0 0 0.447661 0.116258 0 0 0 0.0518517 0.649729 0 0 0.15037 0.0259259 0.0259259 0 0.43443 0.43443 0 0 0 1 0.628871 0 0 0 1 0 0 
0 0 1 0.2594 0.2594 0 0 0 0 0.88746 0.616212 0 0 0.455763 0 0.211278 0 0 0.00685869 0.827096 0 0 0.0198902 0.00342935 0.00342935 0 0.560821 0.560821 0 0 0 1 0.613883 0 0 0 1 0 0 
0 0 1 0.260028 0.260028 0 0 0 0 0.867466 0.601212 0 0 0.435054 0 0.382235 0 0 0 0.854132 0 0 0 0 0 0 0.580001 0.580001 0 0 0 1 0.606886 0 0 0 1 0 0 
0 0 1 0.260443 0.260443 0 0 0 0 0.846946 0.585927 0 0 0.43687 0 0.425741 0 0 0 0.854116 0 0 0 0 0 0 0.580007 0.580007 0 0 0 1 0.601178 0 0 0 1 0 0 
0 0 1 0.26063 0.26063 0 0 0 0 0.826099 0.570482 0 0 0.477904 0 0.456686 0 0 0 0.854086 0 0 0 0 0 0 0.580019 0.580019 0 0 0 1 0.595273 0 0 0 1 0 0 
0 0 1 0.260577 0.260577 0 0 0 0 0.805122 0.555003 0 0 0.44624 0 0.526542 0 0 0 0.854043 0 0 0 0 0 0 0.580036 0.580036 0 0 0 1 0.589203 0 0 0 1 0 0 
0 0 1 0.260269 0.260269 0 0 0 0 0.784214 0.539614 0 0 0.413343 0 0.584851 0 0 0 0.853988 0 0 0 0 0 0 0.580057 0.580057 0 0 0 1 0.582994 0 0 0 1 0 0 
0 0 1 0.259694 0.259694 0 0 0 0 0.763574 0.52444 0 0 0.43332 0 0.593794 0 0 0 0.853923 0 0 0 0 0 0 0.580083 0.580083 0 0 0 1 0.576677 0 0 0 1 0 0 
0 0 1 0.258837 0.258837 0 0 0 0 0.7434 0.509608 0 0 0.461142 0 0.595545 0 0 0 0.853848 0 0 0 0 0 0 0.580113 0.580113 0 0 0 1 0.57028 0 0 0 1 0 0 
0 0 1 0.257685 0.257685 0 0 0 0 0.72389 0.495242 0 0 0.317934 0 0.741158 0 0 0 0.853765 0 0 0 0 0 0 0.580145 0.580145 0 0 0 1 0.563831 0 0 0 1 0 0 
0 0 1 0.255663 0.255663 0 0 0 0 0.705242 0.481468 0 0 0.191194 0 0.866793 0 0 0 0.853675 0 0 0 0 0 0 0.580181 0.580181 0 0 0 1 0.55736 0 0 0 1 0 0 
0 0 1 0.251633 0.251633 0 0 0 0 0.687656 0.468411 0 0 0.395731 0 0.719081 0 0 0 0.853579 0 0 0 0 0 0 0.580218 0.580218 0 0 0 1 0.550895 0 0 0 1 0 0 
0 0 1 0.244743 0.244743 0 0 0 0 0.671329 0.456195 0 0 0.476972 0 0.48918 0 0 0 0.853479 0 0 0 0 0 0 0.580258 0.580258 0 0 0 1 0.544466 0 0 0 1 0 0 
0 0 1 0.235183 0.235183 0 0 0 0 0.65646 0.444948 0 0 0.510511 0 0.326824 0 0 0 0.853376 0 0 0 0 0 0 0.580298 0.580298 0 0 0 1 0.538101 0 0 0 1 0 0 
0 0 1 0.224929 0.224929 0 0 0 0 0.643247 0.434793 0 0 0.493105 0 0.183963 0 0 0 0.853271 0 0 0 0 0 0 0.580339 0.580339 0 0 0 1 0.531829 0 0 0 1 0 0 
0 0 1 0.205378 0.205378 0 0 0 0 0.631609 0.425688 0 0 0.408638 0 0.0871546 0 0 0 0.853165 0 0 0 0 0 0 0.580381 0.580381 0 0 0 1 0.525679 0 0 0 1 0 0 
0.0602419 0.0602419 1 0.161959 0.161959 0.0159078 0.0159078 0 0 0.621284 0.417483 0 0 0.387928 0 0.0482448 0 0 0 0.85306 0 0 0 0 0 0 0.580422 0.580422 0 0 0 1 0.519679 0 0 0 1 0 0 
1 1 0.498126 0.0846392 0.0846392 0.216821 0.216821 0 0 0.612199 0.410141 0 0 0.339957 0 0.0200713 0 0 0 0.852957 0 0 0 0 0 0 0.580463 0.580463 0 0 0 1 0.513859 0 0 0 1 0 0 
1 1 0.176737 0.0284061 0.0284061 0.38 0.38 0 0 0.604283 0.403627 0 0 0.287799 0 0.00457373 0 0 0 0.852857 0 0 0 0 0 0 0.580502 0.580502 0 0 0 1 0.508248 0 0 0 1 0 0 
1 1 0.096724 0.00979477 0.00979477 0.38 0.38 0 0 0.597464 0.397904 0 0 0.245053 0 5.67121e-05 0 0 0 0.852762 0 0 0 0 0 0 0.58054 0.58054 0 0 0 1 0.502874 0 0 0 1 0 0 
1 1 0.0441497 0.00122737 0.00122737 0.372199 0.372199 0 0 0.591668 0.392937 0 0 0.216779 0 0 0 0 0 0.852672 0 0 0 0 0 0 0.580575 0.580575 0 0 0 1 0.497765 0 0 0 1 0 0 
1 1 0.0140222 0 0 0.324523 0.324523 0 0 0.586825 0.388689 0 0 0.199013 0.00172533 0 0 0 0 0.852589 0 0 0 0 0 0 0.580608 0.580608 0 0 0 1 0.492952 0 0 0 1 0 0 
1 1 0.00135006 0 0 0.266826 0.266826 0 0 0.582861 0.385125 0 0 0.189551 0.00654279 0 0 0 0 0.852514 0 0 0 0 0 0 0.580637 0.580637 0 0 0 1 0.488463 0 0 0 1 0 0 
1 1 0 0 0 0.235028 0.235028 0 0 0.579705 0.382208 0 0 0.185797 0.0139147 0 0 0 0 0.852448 0 0 0 0 0 0 0.580663 0.580663 0 0 0 1 0.484326 0 0 0 1 0 0 
1 1 0 0 0 0.22523 0.22523 0 0 0.577285 0.379902 0 0 0.182864 0.0233031 0 0 0 0 0.852393 0 0 0 0 0 0 0.580685 0.580685 0 0 0 1 0.480571 0 0 0 1 0 0 
1 1 0 0 0 0.214644 0.214644 0 0 0.575528 0.378171 0 0 0.178764 0.0341704 0 0 0 0 0.85235 0 0 0 0 0 0 0.580702 0.580702 0 0 0 1 0.477226 0 0 0 1 0 0 
1 1 0 0 0 0.202244 0.202244 0 0 0.574363 0.376979 0 0 0.171509 0.0459789 0 0 0 0 0.85232 0 0 0 0 0 0 0.580714 0.580714 0 0 0 1 0.47432 0 0 0 1 0 0 
1 1 0 0 0 0.195169 0.195169 0 0 0.573716 0.376291 0 0 0.131928 0.0581906 0 0 0 0 0.852305 0 0 0 0 0 0 0.58072 0.58072 0 0 0 1 0.471882 0 0 0 1 0 0 
0.97849 0.97849 0 0 0 0.18369 0.18369 0 0 0.573517 0.376069 0 0 0.120877 0.0702679 0 0 0 0 0.835533 0 0 0 0 0 0 0.569294 0.569294 0.00787035 0 0 1 0.469941 0 0 0 1 0 0 
0.892689 0.892689 0 0 0 0.162242 0.162242 0 0 0.572205 0.376574 0 0 0.187167 0.081673 0 0 0 0 0.719131 0 0 0 0 0 0 0.489983 0.489983 0.0624999 0 0 1 0.468526 0 0 0 1 0 0 
0.785185 0.785185 0 0 0 0.135797 0.135797 0 0 0.563166 0.372234 0 0 0.365982 0.0918681 0 0 0 0 0.531703 0 0 0 0 0 0 0.362279 0.362279 0.150463 0 0 1 0.467665 0 0 0 1 0 0 
0.680052 0.680052 0 0 0 0.110435 0.110435 0 0 0.538745 0.354271 0 0 0.397044 0.100315 0 0 0 0 0.320601 0 0 0 0 0 0 0.218443 0.218443 0.249537 0 0 1 0.467388 0 0 0 1 0 0 
0.601368 0.601368 0 0 0 0.092233 0.092233 0 0 0.478678 0.30715 0 0 0.354409 0.106477 0 0 0 0 0.133172 0 0 0 0.0882772 0.0470218 0 0.0907374 0.0907374 0.3375 0 0 1 0.467723 0 0 0 1 0 0 
0.566664 0.566664 0 0 0 0.0849886 0.0849886 0 0 0.343233 0.211753 0 0 0.311774 0.109816 0 0 0 0 0.0167698 0 0 0 0.550025 0.317208 0 0.0114262 0.0114262 0.39213 0 0 1 0.468699 0 0 0 1 0 0 
0.550363 0.550363 0 0 0 0.07913 0.07913 0 0 0.223501 0.129689 0 0 0.305062 0.110194 0 0 0 0 0 0 0 0 0.848801 0.586739 0 0 0 0.376629 0 0 1 0.470372 0 0 0 1 0 0 
0.543483 0.543483 0 0 0 0.0734532 0.0734532 0 0 0.214114 0.124377 0 0 0.316279 0.109685 0 0 0 0 0 0 0 0 0.780494 0.69008 0 0 0 0.253796 0 0 1 0.472956 0 0 0 1 0 0 
0.542436 0.542436 0 0 0 0.0688196 0.0688196 0 0 0.284814 0.179367 0 0 0.366731 0.108695 0 0 0 0 0 0 0 0 0.582654 0.648148 0 0 0 0.14815 0 0 1 0.476572 0 0 0 1 0 0 
0.543632 0.543632 0 0 0 0.0660901 0.0660901 0 0 0.388803 0.260036 0 0 0.421306 0.107255 0 0 0 0 0 0 0 0 0.279267 0.35 0 0 0 0.048043 0 0 1 0.481316 0 0 0 1 0 0 
0.754799 0.754799 0 0 0 0.114816 0.114816 0 0 0.487043 0.335799 0 0 0.340507 0.105393 0 0 0 0 0 0 0 0 0.0387531 0.0518519 0 0 0 0 0 0 1 0.487283 0 0 0 1 0 0 
1 1 0 0 0 0.330891 0.330891 0 0 0.540496 0.376069 0 0 0.224067 0.103139 0 0 0 0 0.00205528 0 0 0 0 0 0 0 0 0 0 0 1 0.494571 0 0 0 1 0 0 
1 1 0 0 0 0.377377 0.377377 0 0 0.555509 0.386635 0 0 0.135441 0.100523 0 0 0 0 0.00806995 0 0 0 0 0 0 0 0 0 0 0 1 0.503277 0 0 0 1 0 0 
1 1 0 0 0 0.334417 0.334417 0 0 0.567823 0.395616 0 0 0.134114 0.0975741 0 0 0 0 0.0178171 0 0 0 0 0 0 0 0 0 0 0 1 0.513495 0 0 0 1 0 0 
1 1 0 0 0 0.262351 0.262351 0.00837697 0.00837697 0.579748 0.40439 0 0 0.212018 0.0943223 0 0 0 0 0.0310698 0 0 0 0 0 0 0 0 0 0 0 1 0.525322 0 0 0 1 0 0 
1 1 0 0 0 0.214644 0.214644 0.0159067 0.0159067 0.591569 0.413108 0 0 0.30676 0.0907968 0 0 0 0 0.0476014 0 0 0 0 0 0 0 0 0 0 0 1 0.538855 0 0 0 1 0 0 
0.996919 0.996919 0 0 0 0.196405 0.196405 0.02386 0.02386 0.603972 0.422137 0 0 0.354618 0.0870274 0 0 0 0 0.0671848 0 0 0 0 0 0 0 0 0 0 0 1 0.55419 0 0 0 1 0 0 
0.995962 0.995962 0 0 0 0.18332 0.18332 0.0335079 0.0335079 0.617639 0.431845 0 0 0.341782 0.0830435 0 0 0 0 0.0895934 0 0 0 0 0 0 0 0 0 0 0 1 0.571424 0 0 0 1 0 0 
1 1 0 0 0 0.181402 0.181402 0.0461212 0.0461212 0.63353 0.442812 0 0 0.304795 0.0788748 0 0 0 0 0.125107 0 0 0 0 0 0 0 0 0 0 0 1 0.590652 0 0 0 1 0 0 
1 1 0 0 0 0.182255 0.182255 0.0598538 0.0598538 0.653126 0.456154 0 0 0.255467 0.0745509 0 0 0 0 0.175454 0 0 0 0 0 0 0 0 0 0 0 1 0.611971 0 0 0 1 0 0 
1 1 0 0 0 0.183991 0.183991 0.0728972 0.0728972 0.675222 0.4711 0 0 0.205611 0.0701012 0 0 0 0 0.22758 0 0 0 0 0 0 0 0 0 0 0 1 0.635477 0 0 0 1 0 0 
1 1 0 0 0 0.18664 0.18664 0.0865789 0.0865789 0.698241 0.486607 0 0 0.167037 0.0655555 0 0 0 0 0.268429 0 0 0 0 0 0 0 0 0 0 0 1 0.661267 0 0 0 1 0 0 
1 1 0 0 0 0.190232 0.190232 0.102226 0.102226 0.720607 0.501633 0 0 0.151554 0.0609432 0 0 0 0 0.284946 0 0 0 0 0 0 0 0 0 0 0 1 0.689437 0 0 0 1 0 0 
1 1 0 0 0 0.194798 0.194798 0.121166 0.121166 0.740746 0.515135 0 0 0.172099 0.0562939 0 0 0 0 0.284946 0 0 0 0 0 0 0 0 0 0 0 1 0.720278 0 0 0 1 0 0 
1 1 0 0 0 0.200368 0.200368 0.144727 0.144727 0.757082 0.52607 0 0 0.214399 0.0516373 0 0 0 0 0.284946 0 0 0 0 0 0 0 0 0 0 0 1 0.753936 0 0 0 1 0 0 
1 1 0 0 0 0.206973 0.206973 0.174235 0.174235 0.768039 0.533396 0 0 0.249448 0.0470028 0 0 0 0 0.284946 0 0 0 0 0 0 0 0 0 0 0 1 0.790288 0 0 0 1 0 0 
1 1 0 0 0 0.214644 0.214644 0.236437 0.236437 0.772041 0.536069 0 0 0.255146 0.0424201 0 0 0 0 0.284946 0 0 0 0 0 0 0 0 0 0 0 1 0.828348 0 0 0 1 0 0 
1 1 0 0 0 0.261164 0.261164 0.325212 0.325212 0.772041 0.536069 0 0 0.254749 0.0379186 0 0 0 0 0.284946 0 0 0 0 0 0 0 0 0 0 0 1 0.860448 0 0 0 1 0 0 
1 1 0 0 0 0.338955 0.338955 0.392585 0.392585 0.772041 0.536069 0 0 0.253822 0.0335282 0 0 0 0 0.284946 0 0 0 0 0 0 0 0 0 0 0 1 0.879571 0 0 0 1 0 0 
1 1 0 0 0 0.38 0.38 0.401286 0.401286 0.772041 0.536069 0 0 0.252224 0.0292781 0 0 0 0 0.284946 0 0 0 0 0 0 0 0 0 0 0 1 0.880279 0 0 0 1 0 0 
1 1 0 0 0 0.344774 0.344774 0.387896 0.387896 0.772041 0.536069 0 0 0.249814 0.0251982 0 0 0 0 0.284946 0 0 0 0 0 0 0 0 0 0 0 1 0.86814 0 0 0 1 0 0 
1 1 0 0 0 0.289987 0.289987 0.367171 0.367171 0.764089 0.530545 0 0 0.246452 0.0213178 0 0 0 0 0.284946 0 0 0 0 0 0 0 0 0 0 0 1 0.853385 0 0 0 1 0 0 
1 1 0 0 0 0.277234 0.277234 0.345429 0.345429 0.711924 0.494305 0 0 0.226527 0.0176667 0 0 0 0.0492206 0.251897 0 0 0 0.101486 0.101486 0 0 0 0 0 0 1 0.82312 0 0 0 1 0 0 
1 1 0 0 0 0.267739 0.267739 0.32868 0.32868 0.636857 0.442155 0 0 0.164843 0.0142743 0 0 0 0.229851 0.126942 0 0 0 0.447372 0.447372 0 0 0 0 0 0 1 0.740053 0 0 0 1 0 0 
1 1 0 0 0 0.254886 0.254886 0.317571 0.317571 0.569423 0.395308 0 0 0.144268 0.0111703 0 0 0 0.278092 0.0789862 0 0 0 0.517006 0.517006 0 0 0 0 0 0 1 0.72077 0 0 0 1 0 0 
1 1 0 0 0 0.243833 0.243833 0.308391 0.308391 0.540159 0.374979 0 0 0.144355 0.00838419 0 0 0 0.27472 0.0714295 0 0 0 0.513424 0.513424 0 0 0 0 0 0 1 0.719529 0 0 0 1 0 0 
1 1 0 0 0 0.236166 0.236166 0.297315 0.297315 0.563375 0.391107 0 0 0.156974 0.00594558 0 0 0 0.243523 0.0896041 0 0 0 0.469655 0.469655 0 0 0 0 0 0 1 0.725386 0 0 0 1 0 0 
1 1 0 0 0 0.232717 0.232717 0.28052 0.28052 0.616872 0.428272 0 0 0.197189 0.00388403 0 0 0 0.182836 0.135813 0 0 0 0.358642 0.358642 0 0 0 0 0 0 1 0.744546 0 0 0 1 0 0 
1 1 0 0 0 0.298563 0.298563 0.254181 0.254181 0.676426 0.469644 0 0 0.266791 0.00222913 0 0 0 0.0882315 0.212428 0 0 0 0.174167 0.174167 0 0 0 0 0 0 1 0.777757 0 0 0 1 0 0 
1 1 0 0 0 0.325585 0.325585 0.199014 0.199014 0.71781 0.498395 0 0 0.323712 0.00101044 0 0 0 0.0122936 0.274796 0 0 0 0.024358 0.024358 0 0 0 0 0 0 1 0.804992 0 0 0 1 0 0 
1 1 0 0 0 0.242547 0.242547 0.0736644 0.0736644 0.718389 0.500251 0 0 0.24666 0.000257539 0 0 0 0 0.279547 0 0 0 0 0 0 0 0 0.0064287 0 0 1 0.788247 0 0 0 1 0 0 
0.273558 0.273558 0 0 0 0.0855557 0.0855557 0 0 0.67876 0.482699 0 0 0 0 0 0 0 0.0251639 0.242055 0 0 0 0 0 0 0 0 0.0508734 0.0251639 0 1 0.64987 0 0 0 1 0 0 
0.230256 0.230256 0 0 0 0.0713725 0.0713725 0 0 0.615363 0.454389 0 0 0.27036 0 0.160605 0 0 0.205624 0.181633 0 0 0 0 0 0 0 0 0.121913 0.205624 0 0.939703 0.452702 0 0 0 1 0 0 
0.21115 0.21115 0 0 0 0.0648784 0.0648784 0 0 0.544752 0.422408 0 0 0.540717 0 0.325905 0 0 0.50403 0.113481 0 0 0 0 0 0 0 0 0.200921 0.50403 0 0.654275 0.279796 0 0 0 1 0 0 
0.206865 0.206865 0 0 0 0.0633245 0.0633245 0 0 0.483479 0.393844 0 0 0.45765 0 0.196169 0 0 0.51679 0.0527958 0 0 0 0 0 0 0 0 0.269271 0.51679 0 0.329203 0.152246 0.151316 0.0930546 0 0.889519 0 0 
0.766072 0.766072 0 0 0 0.163611 0.163611 0 0 0.424995 0.362587 0 0 0.315469 0 0.0375812 0 0 0.527418 0.0147739 0 0 0 0 0 0 0 0 0.308336 0.527418 0 0.0985951 0.0774235 0.31014 0.19248 0 0.563675 0 0 
1 1 0 0 0 0.291009 0.291009 0.286906 0.286906 0.392055 0.343577 0 0 0.234798 0 0.00696192 0 0 0.535204 0.0017887 0 0 0 0 0 0 0 0 0.276759 0.535204 0 0.0347407 0.0318023 0.27029 0.133357 0 0.478003 0 0 
1 1 0 0 0 0.326372 0.326372 0.768949 0.768949 0.407038 0.358031 0 0 0.209007 0 4.38457e-05 0 0 0.539437 0 0 0 0 0 0 0 0 0 0.212724 0.539437 0 0 0 0.18847 0.0464771 0 0.433247 0 0 
1 1 0 0 0 0.335238 0.335238 0.939549 0.939549 0.447923 0.397156 0.0192462 0.0221874 0.27179 0 0 0 0 0.524375 0 0 0 0 0 0 0 0 0 0.2 0.524375 0 0 0 0.0973179 0.0147189 0 0.455231 0 0 
1 1 0 0 0 0.33445 0.33445 1 1 0.508616 0.454597 0.11068 0.126563 0.555965 0 0 0 0 0.455625 0 0 0 0 0 0 0 0 0 0.2 0.455625 0 0 0 0.0140872 0.00141175 0 0.577405 0 0 
1 1 0 0 0 0.33445 0.33445 1 1 0.583021 0.524 0.143726 0.164495 0.570583 0 0 0 0 0.455625 0 0 0 0 0 0 0 0 0 0.2 0.455625 0 0 0 0 0 0 0.555143 0 0 
1 1 0 0 0 0.33445 0.33445 1 1 0.665045 0.599009 0.118384 0.135986 0.350729 0 0 0 0 0.524375 0 0 0 0 0 0 0 0 0 0.2 0.524375 0 0 0 0 0 0 0.335019 0 0 
1 1 0 0 0 0.33445 0.33445 1 1 0.748593 0.673269 0.135851 0.10616 0.489214 0 0 0 0 0.521481 0.00488663 0 0 0 0 0 0 0 0 0.193141 0.521481 0 0 0.00946004 0 0 0 0.287423 0 0.0365916 
1 1 0 0 0 0.33445 0.33445 1 1 0.82757 0.740426 0.177526 0.0724786 1 0 0 0 0 0.4 0.0369429 0 0 0 0 0 0 0 0 0.148148 0.4 0 0 0.0680219 0 0 0 0.302624 0 0.258036 
1 1 0 0 0 0.33445 0.33445 1 1 0.895881 0.794125 0.226727 0.0378854 0.904121 0 0 0 0 0.225185 0.0830728 0 0 0 0 0 0 0 0 0.0834019 0.225185 0 0 0.141399 0 0 0 0.322153 0 0.518744 
1 1 0 0 0 0.33445 0.33445 1 1 0.947431 0.82801 0.276527 0.0108895 0.615351 0 0 0 0 0.0681482 0.124511 0 0 0 0 0 0 0 0 0.0252401 0.0681482 0 0 0.187193 0 0 0 0.336363 0 0.653498 
1 1 0 0 0 0.33445 0.33445 1 1 0.976127 0.835728 0.32 0 0.388483 0 0 0 0 0 0.142494 0 0 0 0 0 0 0 0 0 0 0 0 0.2 0 0 0 0.343425 0 0.692767 
1 1 0 0.000120444 1.11216e-05 0.330821 0.330821 1 0.822555 0.925714 0.772918 0.354779 0.0308823 0.339879 0 0 0 0 0.00694821 0.130075 0 0 0 0 0 0 0 0 0 0.0288988 0 0 0.160651 0 0 0 0.301502 0 0.505961 
1 1 0.00275283 0.00771809 0.0169887 0.290517 0.290517 0.832725 0.255517 0.594286 0.489962 0.385125 0.11077 0.382587 0 0 0 0 0.0298443 0.0996709 0 0 0 0 0 0 0 0 0 0.104599 0 0 0.0892614 0 0 0 0.206914 0 0.190196 
0.267124 0.267124 0.0127076 0.0336473 0.0763488 0.0675583 0.0675583 0.6311 0.0416904 0.194286 0.159101 0.414057 0.220526 0.461902 0 0 0 0 0.0717655 0.0615584 0 0 0 0 0 0 0 0 0 0.210608 0 0 0.0460969 0 0 0 0.106432 0 0.0590206 
0 0 0.0698805 0.0894936 0.286099 0 0 0.538155 0 0 0 0.444592 0.341012 0.50461 0 0 0 0 0.135789 0.0260152 0 0 0 0 0 0 0 0 0 0.330434 0 0 0.0180742 0 0 0 0.0468258 0 0.0144258 
0 0 0.145706 0.161054 0.700934 0 0 0.516112 0 0 0 0.479747 0.453092 0.359095 0 0 0 0 0.224993 0.00331887 0 0 0 0 0 0 0 0 0 0.447583 0 0 0.00217265 0 0 0 0.167851 0 0.00084491 
0 0 0.159984 0.2205 1 0 0 0.518984 0.0775483 0 0 0.533171 0.545171 0.254979 0 0 0 0 0.406747 0 0 0 0 0 0 0 0 0 0.0468738 0.565249 0 0 0 0 0 0 0.213747 0 0 
0 0 0.161288 0.256011 1 0 0 0.514277 0.37135 0 0 0.620015 0.624015 0.233913 0 0 0 0 0.797248 0 0 0 0 0 0 0 0 0 0.253124 0.711749 0 0 0 0 0 0 0.213747 0 0 
0 0 0.163566 0.273998 1 0 0 0.507002 0.489529 0 0 0.642162 0.642162 0.363496 0 0 0 0 0.829344 0.0460013 0.0742897 0 0 0 0 0 0 0 0.294097 0.6795 0 0 0 0 0 0 0.32454 0 0.0824479 
0 0 0.166475 0.276269 1 0 0 0.505611 0.505611 0 0 0.638133 0.638133 0.382043 0 0 0 0 0.684609 0.142531 0.230179 0 0 0 0 0 0 0 0.253125 0.506641 0 0 0 0 0 0 0.6411 0 0.318019 
0 0 0.16967 0.276269 1 0 0 0.505611 0.505611 0 0 0.625589 0.625589 0.394696 0 0 0 0 0.686552 0.124543 0.201131 0 0 0 0 0 0 0 0.187153 0.513375 0 0 0 0 0 0 0.599436 0 0.277885 
0 0 0.172807 0.276269 1 0 0 0.505611 0.505611 0 0 0.607672 0.607672 0.750476 0 0 0 0 0.691027 0.0830941 0.134193 0 0 0 0 0 0 0 0.112848 0.528892 0 0 0 0 0 0 0.497941 0 0.185402 
0 0 0.175544 0.276269 1 0 0 0.505611 0.505611 0 0 0.587525 0.587525 0.512377 0 0 0 0 0.69601 0.036952 0.0596755 0 0 0 0 0 0 0 0.0468746 0.546166 0 0 0 0 0 0 0.371859 0 0.0824483 
0 0 0.177535 0.276269 1 0 0 0.505611 0.505611 0 0 0.568292 0.568292 0.274156 0 0 0 0 0.699472 0.00488773 0.00789343 0 0 0 0 0 0 0 0.00590261 0.55817 0 0 0 0 0 0 0.256442 0 0.0109057 
0 0 0.178438 0.276269 1 0 0 0.505611 0.505611 0 0 0.55387 0.55387 0.288699 0 0 0 0 0.695185 0.0146079 0 0 0 0 0 0 0 0 0 0.555185 0 0 0 0 0 0 0.179893 0 0 
0 0 0.177908 0.276269 1 0 0 0.505611 0.505611 0 0 0.545455 0.545455 0.579559 0 0 0 0 0.669998 0.0910168 0 0 0 0 0 0 0 0 0 0.529998 0 0 0 0 0 0 0.123698 0 0 
0 0 0.175601 0.276269 1 0 0 0.505611 0.505611 0 0 0.5304 0.5304 0.767762 0 0 0 0 0.653701 0.140458 0 0 0 0 0 0 0 0 0 0.513701 0 0 0 0 0 0 0.0866452 0 0 
0 0 0.171174 0.276269 1 0 0 0.505611 0.505611 0 0 0.49458 0.49458 0.386306 0 0 0 0 0.74 0 0 0 0 0 0 0 0.0865217 0.0865217 0 0.6 0 0 0 0 0 0 0.0732834 0 0 
0 0 0.164282 0.276269 1 0 0 0.505611 0.505611 0 0 0.412911 0.412911 0.450159 0 0 0 0 0.37 0.0690772 0 0 0 0 0 0 0.267781 0.267781 0 0.3 0 0 0 0 0 0 0.198511 0 0.111492 
0 0 0.147395 0.260965 1 0 0 0.477603 0.477603 0 0 0.28 0.28 0.514012 0 0 0 0 0 0.140457 0 0 0 0 0 0 0.42632 0.42632 0 0 0 0 0 0 0 0 0.354212 0 0.226974 
0 0 0.0921641 0.167533 0.727199 0 0 0.306609 0.306609 0 0 0.0344064 0.0344064 0.0835112 0 0 0 0 0 0.0138173 0 0 0 0.217156 0.217156 0 0.482614 0.482614 0 0 0 0 0 0 0 0 0.256119 0 0.0239351 
0 0 0.0297048 0.0547703 0.237738 0 0 0.100237 0.100237 0 0 0 0 0.00386084 0 0 0 0 0 0 0 0 0 0.26 0.26 0 0.43799 0.43799 0.0312492 0 0 0 0 0 0 0 0.0459822 0 0 
0.490879 0.490879 0 0 0 0.0985185 0.0985185 0 0 0 0 0 0 0.0401415 0 0 0 0 0 0 0 0 0 0.26 0.26 0 0.20674 0.20674 0.168749 0 0 0 0 0 0 0 0.000538281 0 0 
1 1 0 0.00674772 0.00674772 0.281481 0.281481 0 0 0 0 0 0 0.244081 0 0 0 0 0 0 0 0 0 0.248412 0.248412 0 0.0852651 0.0852651 0.1792 0 0 0 0 0.0499989 0.0499989 0 0.00200613 0 0 
1 1 0 0.025063 0.025063 0.38 0.38 0 0 0 0 0.108887 0.108887 0.520433 0 0 0 0 0 0 0 0 0 0.182652 0.182652 0 0.0235922 0.0235922 0.0704003 0 0 0 0 0.0740745 0.0740745 0 0.0222228 0 0 
1 1 0 0.0520539 0.0520539 0.38 0.38 0 0 0 0 0.42 0.42 0.663561 0 0 0 0 0 0 0 0 0 0.12 0.12 0 0 0 0 0 0 0 0 0 0 0 0.0733057 0 0 
1 1 0 0.0848286 0.0848286 0.357697 0.357697 0 0 0 0 0.392236 0.44524 0.578494 0 0 0 0 0 0.0354511 0 0 0 0.0823869 0.0823869 0 0.040384 0 0 0 0 0 0 0 0 0 0.168566 0 0 
1 1 0 0.120496 0.120496 0.237134 0.237134 0 0 0 0 0.328257 0.503403 0.455779 0 0 0 0 0 0.117144 0 0 0 0.0470308 0.0470308 0 0.133444 0 0 0 0 0 0 0 0 0 0.291062 0 0 
0.848623 0.848623 0 0.156162 0.156162 0.143903 0.143903 0 0 0 0 0.257036 0.568149 0.402139 0 0 0 0 0 0.208084 0 0 0 0.0187299 0.0187299 0 0.237038 0 0 0 0 0 0 0 0 0 0.406518 0 0 
0.792253 0.792253 0 0.188937 0.188937 0.125001 0.125001 0 0 0 0 0.207544 0.613141 0.358472 0 0 0 0 0 0.271279 0 0 0 0.00228094 0.00228094 0 0.309026 0 0 0 0 0 0 0 0 0 0.480668 0 0 
0.754208 0.754208 0 0.215928 0.215928 0.118837 0.118837 0 0 0 0 0.2 0.62 0.270738 0 0 0 0 0 0.280912 0 0 0 0 0 0 0.32 0 0 0 0 0 0 0 0 0 0.491542 0 0 
0.726429 0.726429 0 0.234243 0.234243 0.116859 0.116859 0 0 0 0 0.2 0.62 0.129742 0 0 0 0 0 0.280912 0 0 0 0 0 0 0.32 0 0 0 0 0 0 0 0 0 0.491542 0 0 
0.700863 0.700863 0 0.240991 0.240991 0.110513 0.110513 0 0 0 0 0.2 0.62 0.0477631 0 0 0 0 0.0625402 0.286812 0 0.00464967 0 0 0 0 0.31104 0 0 0.0462058 0 0 0 0 0 0 0.513172 0.0107445 0 
0.522365 0.522417 0.149705 0.240991 0.240991 0.0838049 0.0838049 0 0 0 0 0.2 0.62 0.117294 0 0 0 0 0.395056 0.326423 0 0.0358682 0 0 0 0 0.25088 0 0 0.290722 0 0 0 0 0 0 0.658396 0.0828844 0 
0.218939 0.219009 0.427547 0.240991 0.240991 0.0446828 0.0446828 0 0 0 0 0.2 0.62 0.185645 0 0 0 0 0.631276 0.386261 0 0.083028 0 0 0 0 0.16 0 0 0.46 0 0 0 0 0 0 0.877775 0.191861 0 
0.0412941 0.0410177 0.596919 0.240991 0.240991 0.0186162 0.0186162 0 0 0 0 0.2 0.62 0.0466146 0 0 0 0 0.136233 0.446099 0 0.130188 0 0 0 0 0.0691202 0 0 0.0715394 0 0 0 0 0 0 1 0.300838 0 
0.00965809 0.00878008 0.639076 0.240991 0.240991 0.00921908 0.00921908 0 0 0 0 0.2 0.62 0.0123911 0 0 0 0 0.311123 0.48571 0 0.161406 0 0 0 0 0.0089602 0 0 0 0 0 0 0 0 0 1 0.372978 0 
0.00665958 0.00579531 0.641597 0.240992 0.240992 0.00628457 0.00628457 0 0 0 0 0.2 0.62 0.139976 0 0 0 0 0.420199 0.482253 0 0.166056 0 0 0 0 0 0 0 0 0 0 0 0.00825735 0 0 1 0.374509 0 
0.00426493 0.00343902 0.64832 0.240993 0.240993 0.00394867 0.00394867 0 0 0 0 0.2 0.62 0.0505784 0 0 0 0 0.443589 0.422566 0 0.166056 0 0 0 0 0 0 0 0 0 0 0 0.0630144 0 0 1 0.31454 0 
0.00241191 0.0016447 0.657984 0.240994 0.240994 0.00214922 0.00214922 0 0 0 0 0.2 0.62 0.351136 0 0 0 0 0.330783 0.341961 0 0.166056 0 0 0 0 0 0 0 0 0 0 0 0.143643 0 0 1 0.229731 0 
0.00103827 0.000345829 0.669328 0.240995 0.240995 0.000824022 0.000824022 0 0 0 0 0.2 0.62 0.715686 0 0 0 0 0 0.280892 0 0.166056 0 0 0 0 0 0 0 0 0 0 0 0.22 0 0 1 0.156738 0 
8.17912e-05 0 0.681093 0.240996 0.240996 0 0 0 0 0 0 0.148149 0.480001 0.416739 0 0 0 0 0 0.241936 0 0.177447 0 0 0 0 0.0674069 0 0 0 0 0 0 0.280857 0 0 0.939871 0.110374 0 
0 0 0.692018 0.240997 0.240997 0 0 0 0 0 0 0.0518514 0.219999 0.0484319 0 0 0 0 0 0.201646 0 0.198602 0 0 0 0 0.192593 0 0 0 0 0 0 0.35296 0 0 0.727509 0.0819665 0 
0 0 0.700841 0.240998 0.240998 0 0 0 0 0 0 0 0.08 0 0 0 0 0 0 0.161439 0 0.209993 0 0 0 0 0.26 0 0 0 0 0 0 0.48 0 0 0.657773 0.0702638 0 
0 0 0.706303 0.240998 0.240998 0 0 0 0 0 0 0.0328122 0.112812 0.0322481 0 0 0 0 0 0.122732 0 0.196612 0 0 0 0 0.227188 0 0 0 0 0 0 0.419424 0.0267637 0 0.549144 0.0615205 0 
0 0 0.707144 0.240998 0.240998 0 0 0 0 0 0 0.108423 0.188423 0.475661 0 0 0 0 0 0.0869429 0 0.162585 0 0 0 0 0.151577 0 0 0 0 0 0 0.279835 0.09482 0 0.419953 0.0486895 0 
0 0 0.702102 0.240997 0.240997 0 0 0 0 0 0 0.192593 0.272593 0.614467 0 0 0 0 0.161921 0.0554888 0 0.117088 0 0 0 0 0.067407 0 0 0.1056 0 0 0 0.124444 0.185817 0 0.285711 0.0339951 0 
0 0 0.689917 0.240996 0.240996 0 0 0 0 0 0 0.251084 0.331084 0.585548 0 0 0 0 0.412161 0.0297871 0 0.0692971 0 0 0 0 0.00891611 0 0 0.268801 0 0 0 0.0164605 0.281402 0 0.161927 0.0196613 0 
0 0 0.669329 0.240994 0.240994 0 0 0 0 0 0 0.26 0.34 0.452544 0 0 0 0 0.455294 0.0112549 0 0.028388 0 0 0 0 0 0 0 0.285895 0 0 0 0.118752 0.363222 0 0.0641099 0.00791213 0 
0 0 0.639076 0.240991 0.240991 0 0 0 0 0 0 0.26 0.34 0.0811031 0 0 0 0 0.392034 0.00130962 0 0.00353662 0 0.158923 0.158923 0 0 0 0 0.0701381 0 0 0 0.641248 0.412927 0 0.0077697 0.000971816 0 
0.196908 0.196908 0.54989 0.240982 0.240982 0.0395192 0.0395192 0 0 0 0 0.240741 0.320406 0.0273981 0 0 0 0 0.279263 0 0 0 0 0.322844 0.347408 0 0 0 0 0 0 0 0 0.74513 0.407143 0 0 0 0 
1 1 0.388558 0.240966 0.240966 0.246239 0.246239 0 0 0 0 0.130001 0.204158 0.172464 0 0 0 0 0.143922 0 0 0 0 0.436257 0.509951 0 0 0 0 0 0 0 0 0.64775 0.326652 0 0 0 0 
1 1 0.207913 0.240948 0.240948 0.38 0.38 0 0 0 0 0.0192598 0.0751908 0.288628 0 0 0 0 0.0740108 0 0 0 0 0.785947 0.511605 0 0 0 0 0 0 0 0 0.508148 0.222827 0 0.0291054 0 0 
1 1 0.0607833 0.240933 0.240933 0.38 0.38 0 0 0 0 0 0.0235079 0.364061 0 0 0 0 0.0351565 0.00322552 0 0 0 0.893223 0.448859 0 0 0 0 0 0 0 0 0.363889 0.143104 0 0.0953433 0 0 
1 1 0 0.240927 0.240927 0.38 0.38 0 0 0 0 0 0.00554001 0.44838 0 0 0 0 0.0117189 0.0227858 0 0 0 0.622226 0.362393 0 0 0 0 0 0 0 0 0.172751 0.0641515 0 0.151463 0 0 
1 1 0 0.240927 0.240927 0.38 0.38 0 0 0 0 0 0.000290798 0.538104 0 0 0 0 0.00119795 0.0459488 0 0 0 0.327128 0.26437 0 0 0 0 0 0 0 0 0.0238339 0.00853186 0 0.210392 0 0 
1 1 0 0.240927 0.240927 0.347047 0.347047 0 0 0 0 0 0 0.623986 0 0 0 0 0 0.0585655 0 0 0 0.159256 0.166955 0 0 0 0 0 0 0 0 0 0 0 0.266325 0 0 
1 1 0 0.240927 0.240927 0.276929 0.276929 0 0 0 0 0 0 0.696779 0 0 0 0 0 0.0654931 0 0 0 0.0645737 0.0823111 0 0 0 0 0 0 0 0 0 0 0 0.313463 0 0 
0.924672 0.924672 0 0.240927 0.240927 0.212766 0.212766 0 0 0 0 0 0 0.747236 0 0 0 0 0 0.0691688 0 0 0 0.0145919 0.0226051 0 0 0 0 0 0 0 0 0 0 0 0.346 0 0 
0.913469 0.913469 0 0.240927 0.240927 0.179898 0.179898 0 0 0 0 0 0 0.76611 0 0 0 0 0 0.0702484 0 0 0 0 0 0 0 0 0 0 0 0 0 0 0 0 0.358135 0 0 
0.891262 0.891262 0 0.240927 0.240927 0.159847 0.159847 0 0 0 0 0 0 0.618779 0 0 0 0 0 0.0455208 0 0 0 0.035027 0.0389189 0 0 0 0.138163 0 0 0 0 0.03125 0.009375 0 0.299046 0 0 
0.855107 0.855107 0 0.240927 0.240927 0.145755 0.145755 0 0 0 0 0 0 0.342798 0 0 0 0 0 0.00730567 0 0 0 0.0993413 0.0978944 0 0 0 0.351686 0 0 0 0 0.1 0.03 0 0.0997856 0 0 
0.806913 0.806913 0 0.240927 0.240927 0.139453 0.139453 0 0 0 0 0 0 0.163214 0 0 0 0 0 0 0 0 0 0.135461 0.134141 0 0 0 0.347782 0 0 0 0 0.16875 0.050625 0 0 0 0 
0.751483 0.751483 0 0.240927 0.240927 0.136987 0.136987 0 0 0 0 0 0 0.102152 0 0 0 0 0 0 0 0 0 0.14 0.14 0 0 0 0.22 0 0 0 0 0.2 0.06 0 0 0 0 
0.724388 0.724388 0 0.240927 0.240927 0.136438 0.136438 0 0 0 0 0 0 0.102152 0 0 0 0 0 0 0 0 0 0.248179 0.248179 0 0 0 0.22 0 0 0 0 0.197451 0.0561766 0 0 0 0 
1 1 0 0.240927 0.240927 0.316853 0.316853 0 0 0 0 0 0 0.102152 0 0 0 0 0.00101958 0 0 0 0 0.440932 0.440932 0 0 0 0.22 0 0 0 0 0.19097 0.0464543 0 0 0 0 
1 1 0 0.240927 0.240927 0.378723 0.378723 0 0 0 0 0 0 0.102152 0 0 0 0 0.00557123 0 0 0 0 0.541524 0.541524 0 0 0 0.22 0 0 0 0 0.182303 0.0334548 0 0 0 0 
1 1 0 0.240927 0.240927 0.364298 0.364298 0 0 0 0 0 0 0.102152 0 0 0 0 0.0157305 0 0 0 0 0.56 0.56 0 0 0 0.22 0 0 0 0 0.1732 0.0197998 0 0 0 0 
1 1 0 0.240927 0.240927 0.331197 0.331197 0 0 0 0 0 0 0.102152 0 0 0 0 0.0336822 0 0 0 0 0.528226 0.528226 0 0 0 0.22 0 0 0 0 0.165407 0.00811111 0 0 0 0 
1 1 0 0.240927 0.240927 0.294009 0.294009 0 0 0 0 0 0 0.102152 0 0 0 0 0.0616111 0 0 0 0 0.292534 0.292534 0 0 0 0.22 0 0 0 0 0.160674 0.00101049 0 0 0 0 
1 1 0 0.240927 0.240927 0.269523 0.269523 0 0 0 0 0 0 0.116589 0 0 0 0 0.120464 6.26361e-06 0 0 0 0.148885 0.148885 0 0 0 0.19782 0 0 0.00372641 0.00372641 0.16 0 0 0.0303879 0 0 
1 1 0 0.240927 0.240927 0.258787 0.258787 0 0 0 0 0 0 0.192111 0 0 0 0 0.264493 1.20979e-05 0 0 0 0.209651 0.209651 0 0 0 0.0833101 0 0 0.0292108 0.0292108 0.16 0 0 0.19995 0 0 
1 1 0 0.240927 0.240927 0.251109 0.251109 0 0 0 0 0 0 0.24098 0 0 0 0 0.36 9.27961e-06 0 0 0 0.304813 0.304813 0 0 0 0.0151174 0 0 0.0691211 0.0691211 0.16 0 0 0.351123 0 0 
1 1 0 0.240927 0.240927 0.242578 0.242578 0 0 0 0 0 0 0.204987 0 0 0 0 0.321414 5.22407e-06 0 0 0 0.406853 0.406853 0 0 0 0.0886391 0 0 0.111916 0.111916 0.16 0 0 0.403358 0 0 
1 1 0 0.240927 0.240927 0.233552 0.233552 0 0 0 0 0 0 0.138144 0 0 0 0 0.230707 1.58097e-06 0 0 0 0.488256 0.488256 0 0 0 0.213751 0 0 0.146056 0.146056 0.16 0 0 0.420121 0 0 
1 1 0 0.240927 0.240927 0.224359 0.224359 0 0 0 0 0 0 0.102152 0 0 0 0 0.18 0 0 0 0 0.521506 0.521506 0 0 0 0.28 0 0 0.16 0.16 0.16 0 0 0.421291 0 0 
1 1 0 0.240927 0.240927 0.215328 0.215328 0 0 0.0397818 0.0397818 0 0 0.385894 0 0 0 0 0.18 0 0 0 0 0.521506 0.521506 0 0 0 0.251111 0 0 0.205529 0.205529 0.16 0 0 0.491636 0 0 
1 1 0 0.240927 0.240927 0.206786 0.206786 0 0 0.167064 0.167064 0 0 0.434739 0 0 0 0 0.16128 0.0584288 0 0 0 0.467268 0.457069 0 0 0 0.174719 0 0 0.313077 0.313077 0.14336 0 0 0.776639 0 0 
1 1 0 0.240927 0.240927 0.199062 0.199062 0 0 0.477282 0.477282 0 0 0.17079 0 0 0 0 0.0633597 0.36405 0 0 0 0.183569 0.183569 0 0 0 0.0606397 0 0 0.439087 0.439087 0.0563197 0 0 1 0 0 
1 1 0 0.240927 0.240927 0.192483 0.192483 0 0 0.7 0.7 0 0 0 0 0 0 0 0 0.561803 0 0 0 0 0 0 0 0 0 0 0 0.54 0.54 0 0 0 1 0 0 
0.982923 0.982923 0 0.240927 0.240927 0.187378 0.187378 0 0 0.7 0.7 0 0 0.098883 0 0 0 0 0.0192593 0.557535 0 0 0 0.00654964 0.0145022 0 0 0 0.00527753 0 0 0.595887 0.595887 0 0 0 1 0 0 
0.966018 0.966018 0 0.240927 0.240927 0.184074 0.184074 0 0 0.7 0.7 0 0 0.251703 0 0 0 0 0.0674074 0.540061 0 0 0 0.0253735 0.0499164 0 0 0 0.0210612 0 0 0.627644 0.627644 0 0 0 1 0 0 
0.960015 0.960015 0 0.240927 0.240927 0.1829 0.1829 0 0 0.7 0.7 0 0 0.261066 0 0 0 0 0.13 0.502373 0 0 0 0.055234 0.094104 0 0 0 0.0472775 0 0 0.640219 0.640219 0 0 0 1 0 0 
0.816748 0.816748 0 0.240927 0.240927 0.145346 0.145346 0 0 0.684183 0.684183 0 0 0.146103 0 0 0 0 0.192593 0.370756 0 0 0 0.107673 0.142932 0 0 0 0.0962354 0 0 0.604597 0.604597 0 0 0 1 0 0 
0.816748 0.816748 0 0.240927 0.240927 0.145346 0.145346 0 0 0.587268 0.587268 0 0 0.0282784 0 0 0 0 0.240741 0.0506224 0 0 0 0.198556 0.206641 0 0 0 0.182894 0 0 0.557105 0.557105 0 0 0 0.943801 0 0 
1 1 0 0.240927 0.240927 0.281343 0.281343 0 0 0.46914 0.46914 0 0 0 0 0 0 0 0.26 0 0 0 0 0.24 0.24 0 0 0 0.22 0 0 0.54 0.54 0 0 0 0.91293 0 0 
1 1 0 0.240927 0.240927 0.38 0.38 0 0 0.394048 0.394048 0 0 0.199493 0 0 0 0 0.26 0.123626 0 0 0 0.24 0.24 0 0 0 0.176385 0 0 0.491478 0.506613 0 0 0 0.91293 0 0.218846 
1 1 0 0.240927 0.240927 0.36964 0.36964 0 0 0.324403 0.324403 0 0 0.245243 0 0 0 0 0.26 0.157897 0 0 0 0.24 0.24 0 0 0 0.086588 0 0 0.438778 0.452192 0 0 0 0.91293 0 0.351511 
1 1 0.006865 0.248338 0.255372 0.298963 0.298963 0 0 0.25262 0.25262 0 0 0.139321 0 0 0 0 0.26 0.108919 0 0 0 0.24 0.24 0 0 0 0.0121862 0 0 0.376463 0.381534 0 0 0 0.91293 0 0.392435 
1 1 0.0505504 0.298225 0.353124 0.223716 0.223716 0 0 0.182735 0.182735 0 0 0.124624 0 0 0 0 0.289913 0.0593714 0 0.0125651 0 0.226705 0.226705 0 0 0 0 0 0 0.292827 0.288954 0 0 0 0.877918 0 0.428224 
1 1 0.109213 0.373983 0.50313 0.195995 0.195995 0 0 0.118786 0.118786 0 0 0.165876 0 0 0 0 0.472537 0.00925603 0 0.0892765 0 0.145539 0.145539 0 0 0 0 0 0 0.168396 0.163232 0 0 0 0.664165 0 0.46826 
0.989197 0.989197 0.152898 0.450552 0.65791 0.190648 0.190648 0 0 0.0648107 0.0648107 0 0 0.129815 0 0 0 0 0.692945 0.0312195 0 0.181859 0 0.04758 0.04758 0 0 0 0 0 0 0.0516616 0.0495099 0 0 0 0.406189 0 0.501134 
1 1 0.159763 0.509701 0.785343 0.33091 0.33091 0 0 0.0248458 0.0248458 0 0 0 0 0 0 0 0.8 0.140482 0 0.226827 0 0 0 0 0 0 0 0 0 0 0 0 0 0 0.280886 0 0.514774 
1 1 0.159763 0.567899 0.923559 0.38 0.38 0 0 0.00292881 0.00292881 0 0 0.117526 0 0 0 0 0.793779 0.186529 0 0.226827 0 0 0 0 0 0 0 0 0 0.05048 0.05048 0 0 0 0.30747 0 0.514774 
1 1 0.159763 0.608309 1 0.343966 0.343966 0 0 0.0132593 0.0132593 0 0 0.274774 0 0 0 0 0.69867 0.227949 0 0.226827 0 0 0 0 0 0 0 0 0 0.166803 0.166803 0 0 0 0.36873 0 0.514774 
1 1 0.159763 0.614467 1 0.23159 0.23159 0 0 0.0935991 0.0935991 0 0 0.332493 0 0 0 0 0.388739 0.26012 0 0.226827 0 0 0 0 0 0 0 0 0 0.296296 0.296296 0 0 0 0.436924 0 0.514774 
1 1 0.159763 0.614467 1 0.211892 0.211892 0 0 0.188517 0.188517 0 0 0.355251 0 0 0 0 0.0584407 0.27842 0 0.226827 0 0 0 0 0 0 0 0 0 0.386282 0.386282 0 0 0 0.484314 0 0.514774 
1 1 0.159763 0.614467 1 0.203189 0.203189 0 0 0.237534 0.237534 0 0 0.286174 0 0 0 0 0 0.280924 0 0.226827 0 0 0 0 0 0 0 0 0 0.4 0.4 0 0 0 0.491538 0 0.514774 
1 1 0.159763 0.614467 1 0.202321 0.202321 0 0 0.254163 0.254163 0 0 0.0651489 0 0 0 0 0 0.280924 0 0.226827 0 0 0 0 0 0 0 0 0 0.4 0.4 0 0 0 0.491538 0 0.514774 
1 1 0.159763 0.614467 1 0.199698 0.199698 0 0 0.263021 0.263021 0 0 0.180432 0 0 0 0 0.00162499 0.265581 0 0.220706 0 0.00502271 0.00502271 0 0 0 0.00177272 0 0 0.400981 0.400981 0 0 0 0.480501 0 0.506478 
1 1 0.163946 0.619016 1 0.19529 0.19529 0 0 0.284281 0.284281 0 0 0.15836 0 0 0 0 0.0307499 0.215123 0 0.18623 0 0.0950451 0.0950451 0 0 0 0.0335453 0 0 0.404282 0.404282 0 0 0 0.425573 0 0.4742 
1 1 0.190569 0.647962 1 0.189066 0.189066 0 0 0.353988 0.353988 0 0 0 0 0 0 0 0.112292 0.0900047 0 0.0789393 0 0.43002 0.43002 0 0 0 0.151772 0 0 0.410443 0.410443 0 0 0 0.260433 0 0.38811 
1 1 0.226321 0.686835 1 0.180997 0.180997 0 0 0.477124 0.477124 0 0 0.0912266 0 0 0 0 0.22 0 0 0 0 0.68 0.68 0 0 0 0.24 0 0 0.42 0.42 0 0 0 0.140417 0 0.32292 
0.956814 0.956814 0.252944 0.715782 1 0.171052 0.171052 0 0 0.648756 0.648756 0 0 0.590192 0 0 0 0 0.369996 0.0989911 0 0 0 0.570311 0.59155 0 0 0 0.200961 0.118519 0 0.531353 0.531353 0 0 0 0.201313 0 0.318169 
0.820032 0.820032 0.251597 0.704963 1 0.145853 0.145853 0 0 0.844281 0.844281 0 0 0.534467 0 0 0 0 0.395723 0.309586 0 0 0 0.340359 0.401042 0 0 0 0.118301 0.148148 0 0.611609 0.611609 0 0 0 0.326678 0 0.315803 
0.653857 0.653857 0.216388 0.607946 1 0.11602 0.11602 0 0 1 1 0 0 0 0 0 0 0 0.33013 0.502217 0 0 0 0.138817 0.22074 0 0 0 0.0437065 0.0799994 0 0.638284 0.638284 0 0 0 0.437948 0 0.315162 
0.623519 0.623519 0.169063 0.48015 0.812469 0.110605 0.110605 0 0 1 1 0 0 0 0 0 0 0 0.249485 0.606 0 0 0 0.0651254 0.0863642 0 0 0 0.0054053 0.0118515 0 0.744856 0.744856 0 0 0 0.476424 0 0.320269 
0.623519 0.623519 0.129251 0.374984 0.635085 0.110605 0.110605 0 0 1 1 0 0 0.0170082 0 0 0 0 0.1967 0.649973 0 0 0 0.06 0.06 0 0 0 0 0 0 0.810936 0.81121 0 0 0 0.515841 0 0.323785 
0.623519 0.623519 0.0886421 0.261668 0.441922 0.110605 0.110605 0 0 1 1 0 0 0.151579 0 0 0 0 0.147525 0.684424 0 0 0 0.06 0.06 0 0 0 0 0 0 0.82 0.82 0 0 0 0.573112 0 0.323792 
0.623519 0.623519 0.0525395 0.179132 0.300675 0.110605 0.110605 0 0 1 1 0 0 0.487103 0 0 0 0 0.0988322 0.715563 0 0 0 0.06 0.06 0 0 0 0 0 0 0.822991 0.822024 0 0 0 0.635208 0 0.323682 
0.62583 0.62583 0.0284885 0.166284 0.278649 0.111451 0.111451 0 0 1 1 0 0 0.453142 0 0 0 0 0.0553168 0.741593 0 0 0 0.06 0.06 0 0 0 0 0 0 0.823052 0.82324 0 0 0 0.693956 0 0.323428 
0.644503 0.644503 0.0124911 0.166284 0.278649 0.117134 0.117134 0 0 1 1 0 0 0.0756238 0 0 0 0 0.0216753 0.760718 0 0 0 0.06 0.06 0 0 0 0 0 0 0.821648 0.823784 0 0 0 0.741182 0 0.323146 
0.682325 0.682325 0.00308017 0.166284 0.278649 0.125729 0.125729 0 0 1 1 0 0 0.00372463 0 0 0 0 0.0026041 0.771142 0 0 0 0.06 0.06 0 0 0 0 0 0 0.820244 0.82379 0 0 0 0.768711 0 0.322949 
0.745694 0.745694 0 0.166284 0.278649 0.137345 0.137345 0 0 1 1 0 0 4.41732e-05 0 0 0 0 0 0.772534 0 0 0 0.06 0.06 0 0 0 0 0 0 0.82 0.823392 0 0 0 0.772536 0 0.32292 
0.826002 0.826002 0 0.165835 0.277898 0.151557 0.151557 0 0 1 1 0 0 0.00891241 0 0 0 0 0 0.772571 0 0 0 0.06 0.06 0 0 0 0 0 0 0.82 0.822725 0 0 0 0.772536 0 0.32292 
0.901242 0.901242 0 0.164539 0.275725 0.164673 0.164673 0 0 1 1 0 0 0.0583016 0 0 0 0 0 0.77262 0 0 0 0.06 0.06 0 0 0 0 0 0 0.82 0.821923 0 0 0 0.772536 0 0.32292 
0.949408 0.949408 0 0.162466 0.272252 0.173 0.173 0 0 1 1 0 0 0.18475 0 0 0 0 0 0.772657 0 0 0 0.06 0.06 0 0 0 0 0 0 0.82 0.821121 0 0 0 0.772536 0 0.32292 
0.95646 0.95646 0 0.159689 0.267598 0.174214 0.174214 0 0 1 1 0 0 0.304516 0 0 0 0 0 0.772655 0 0 0 0.06 0.06 0 0 0 0 0 0 0.82 0.820454 0 0 0 0.772536 0 0.32292 
0.95646 0.95646 0 0.15628 0.261886 0.174214 0.174214 0 0 1 1 0 0 0.353052 0 0 0 0 0 0.772592 0 0 0 0.06 0.06 0 0 0 0 0 0 0.82 0.820056 0 0 0 0.772536 0 0.32292 
0.95646 0.95646 0 0.152312 0.255237 0.174214 0.174214 0 0 1 1 0 0 0.349646 0 0 0 0 0 0.770085 0 0 0 0.06 0.0598743 0 0 0 0 0 0 0.816103 0.815797 0 0 0 0.772536 0 0.32292 
0.95646 0.95646 0 0.147857 0.24777 0.174214 0.174214 0 0 1 1 0 0 0.296839 0 0 0 0 0 0.752928 0 0 0 0.06 0.0591202 0 0 0 0 0 0 0.788725 0.786583 0 0 0 0.772536 0 0.32292 
0.95646 0.95646 0 0.142986 0.239608 0.174214 0.174214 0 0 1 1 0 0 0.217067 0 0 0 0 0 0.72373 0 0 0 0.06 0.0582544 0 0 0 0 0 0 0.74366 0.73941 0 0 0 0.772536 0 0.32292 
0.95646 0.95646 0 0.137772 0.230871 0.174214 0.174214 0 0 1 1 0 0 0.137295 0 0 0 0 0 0.687676 0 0 0 0.06 0.0579472 0 0 0 0 0 0 0.691024 0.686027 0 0 0 0.772536 0 0.32292 
0.95646 0.95646 0 0.132288 0.221681 0.174214 0.174214 0 0 1 1 0 0 0.0844886 0 0 0 0 0 0.649948 0 0 0 0.06 0.0588689 0 0 0 0 0 0 0.640932 0.638178 0 0 0 0.772536 0 0.32292 
0.95646 0.95646 0 0.126605 0.212157 0.174214 0.174214 0 0 1 1 0 0 0.0985707 0 0 0 0 0.00745319 0.615143 0 0 0 0.0640193 0.0610359 0 0 0 0.0120578 0 0 0.603563 0.607518 0 0 0 0.772495 0 0.322976 
0.95646 0.95646 0 0.120795 0.202422 0.174214 0.174214 0 0 1 1 0 0 0.232561 0 0 0 0 0.0584233 0.580188 0 0 0 0.0904891 0.0650808 0 0 0 0.0914672 0 0 0.576354 0.595173 0 0 0 0.769777 0 0.320623 
1 1 0 0.114932 0.192596 0.277107 0.277107 0 0 1 1 0 0 0.394269 0 0 0 0 0.138242 0.537569 0 0 0 0.1289 0.0809475 0 0 0 0.206701 0 0 0.536073 0.587069 0 0 0 0.758235 0 0.308754 
1 1 0 0.109086 0.1828 0.379323 0.379323 0 0 0.658527 0.658527 0 0 0.472815 0 0 0 0 0.223832 0.479831 0 0 0 0.164097 0.123127 0 0 0 0.312292 0 0 0.42726 0.581442 0 0 0 0.731497 0 0.279894 
1 1 0 0.103331 0.173156 0.367515 0.367515 0 0 0.214956 0.214956 0 0 0.372538 0 0 0 0 0.292111 0.279774 0 0 0 0.188412 0.174791 0 0 0 0.385236 0 0 0.381206 0.580132 0 0 0 0.602401 0 0.129989 
1 1 0 0.0977379 0.163784 0.324092 0.324092 0 0 0 0 0 0 0.102154 0 0 0 0 0.32 0 0 0 0 0.2 0.2 0 0 0 0.42 0 0 0.36 0.58 0 0 0 0.49153 0 0 
1 1 0 0.0923798 0.154805 0.246323 0.246323 0 0 0.0378592 0.0656226 0 0 0.185939 0 0 0 0 0.279617 0.017671 0.0285441 0 0 0.174761 0.174761 0 0 0 0.366997 0 0 0.354601 0.591544 0 0 0 0.571294 0 0.0637812 
1 1 0 0.0873285 0.14634 0.203387 0.203387 0 0 0.125103 0.216846 0 0 0.379017 0 0 0 0 0.186557 0.0584187 0.0943634 0 0 0.116598 0.116598 0 0 0 0.244856 0 0 0.352402 0.618626 0 0 0 0.755104 0 0.210761 
1 1 0 0.0826564 0.138511 0.204049 0.204049 0 0 0.222221 0.385184 0 0 0.593948 0 0 0 0 0.0829639 0.103841 0.167731 0 0 0.0518524 0.0518524 0 0 0 0.10889 0 0 0.347427 0.649923 0 0 0 0.959718 0 0.374375 
1 1 0 0.0784354 0.131438 0.207037 0.207037 0 0 0.289712 0.502168 0 0 0.74331 0 0 0 0 0.0109737 0.135539 0.218927 0 0 0.00685854 0.00685854 0 0 0 0.0144029 0 0 0.333697 0.674111 0 0 0 1 0 0.488077 
1 1 0 0.074738 0.125242 0.21385 0.21385 0 0 0.293827 0.509767 0 0 0.717665 0 0 0 0 0 0.140657 0.227227 0 0 0 0 0 0 0 0 0 0 0.289367 0.670986 0 0 0 1 0 0.484424 
1 1 0 0.0716362 0.120044 0.38 0.38 0 0 0.253333 0.442636 0 0 0.579335 0 0 0 0 0 0.140979 0.228055 0 0 0 0 0 0 0 0 0 0 0.191495 0.625963 0 0 0 1 0 0.392092 
1 1 0 0.0692023 0.115966 0.38 0.38 0 0 0.195062 0.346036 0 0 0.605108 0 0 0 0 0 0.141284 0.229146 0 0 0 0 0 0 0 0 0 0 0.187992 0.62977 0 0 0 0.98824 0 0.371108 
1 1 0 0.0675085 0.113127 0.356109 0.356109 0 0 0.142716 0.259257 0 0 0.569042 0 0 0 0 0 0.141572 0.230473 0 0 0 0 0 0 0 0 0 0 0.222409 0.655903 0 0 0 0.986782 0 0.371108 
1 1 0 0.066627 0.11165 0.227244 0.227244 0 0 0.12 0.2216 0 0 0.440222 0 0 0 0 0 0.141844 0.232006 0 0 0 0 0 0 0 0 0 0 0.268251 0.689082 0 0 0 0.985979 0 0.371108 
0.687063 0.687063 0 0.0665134 0.11146 0.128636 0.128636 0 0 0.12 0.2216 0 0 0.507108 0 0 0 0 0 0.142101 0.233718 0 0 0 0 0 0 0 0 0 0 0.320592 0.725701 0 0 0 0.985605 0 0.371108 
0.603149 0.603149 0 0.0665134 0.11146 0.108845 0.108845 0 0 0.12 0.2216 0 0 0.5142 0 0 0 0 0 0.142343 0.23558 0 0 0 0 0 0 0 0 0 0 0.374499 0.762149 0 0 0 0.985433 0 0.371108 
0.557194 0.557194 0 0.0665134 0.11146 0.10187 0.10187 0 0 0.12 0.2216 0 0 0.42886 0 0 0 0 0 0.14257 0.237565 0 0 0 0 0 0 0 0 0 0 0.42504 0.794817 0 0 0 0.985236 0 0.371108 
0.537901 0.537901 0 0.0665134 0.11146 0.101926 0.101926 0 0 0.12 0.2216 0 0 0.373639 0 0 0 0 0 0.142783 0.239643 0 0 0 0 0 0 0 0 0 0 0.46729 0.820096 0 0 0 0.984785 0 0.371108 
0.53398 0.53398 0 0.0665134 0.11146 0.10323 0.10323 0 0 0.12 0.2216 0 0 0.43771 0 0 0 0 0 0.142983 0.241787 0 0 0 0 0 0 0 0 0 0 0.496314 0.834378 0 0 0 0.983855 0 0.371108 
0.55046 0.55046 0 0.0665134 0.11146 0.111938 0.111938 0 0 0.12 0.2216 0 0 0.423086 0 0 0 0 0 0.143169 0.243967 0 0 0 0 0 0 0 0 0 0 0.495081 0.82239 0 0 0 0.960722 0 0.371234 
0.729471 0.729471 0 0.0665134 0.11146 0.152427 0.152427 0 0 0.12 0.2216 0 0 0.234195 0 0 0 0 0 0.143342 0.246157 0 0 0 0 0 0 0 0 0 0 0.4172 0.739828 0 0 0 0.835037 0 0.372193 
1 1 0 0.0665134 0.11146 0.328064 0.328064 0 0 0.12 0.2216 0 0 0.120119 0 0 0 0 0 0.143503 0.248327 0 0 0 0 0 0 0 0 0 0 0.325264 0.646227 0 0 0 0.709893 0 0.37399 
1 1 0 0.0665134 0.11146 0.381253 0.381253 0 0 0.118679 0.220031 0 0 0.127392 0 0 0 0 0 0.143652 0.25045 0 0 0 0 0 0 0 0 0 0 0.289915 0.609165 0 0 0 0.69503 0 0.376499 
1 1 0 0.0665134 0.11146 0.344383 0.344383 0 0 0.109137 0.20853 0 0 0.198688 0 0 0 0 0 0.14379 0.252497 0 0 0 0 0 0 0 0 0 0 0.30091 0.619575 0 0 0 0.737321 0 0.379596 
0.924209 0.924209 0 0.0665134 0.11146 0.173427 0.173427 0 0 0.0926639 0.18822 0 0 0.269982 0 0 0 0 0 0.143916 0.254439 0 0 0 0 0 0 0 0 0 0 0.318329 0.637077 0 0 0 0.789436 0 0.383154 
0.267436 0.267436 0 0.0665134 0.11146 0.0496574 0.0496574 0 0 0.0719863 0.161909 0 0 0.272537 0 0 0 0 0 0.144032 0.256249 0 0 0 0 0 0 0 0 0 0 0.305932 0.624616 0 0 0 0.82168 0 0.387047 
0.267436 0.267436 0 0.0665134 0.11146 0.0496574 0.0496574 0 0 0.049831 0.132408 0 0 0.221037 0 0 0 0 0 0.144138 0.257898 0 0 0 0 0 0 0 0 0 0 0.263313 0.58212 0 0 0 0.839612 0 0.391149 
0.267436 0.267436 0 0.0665134 0.11146 0.0496574 0.0496574 0 0 0.0289226 0.102523 0 0 0.187713 0 0 0 0 0 0.144234 0.259358 0 0 0 0 0 0 0 0 0 0 0.233493 0.552507 0 0 0 0.85029 0 0.395335 
0.267436 0.267436 0 0.0665134 0.11146 0.0496574 0.0496574 0 0 0.0119884 0.0750653 0 0 0.323965 0 0 0 0 0 0.14432 0.2606 0 0 0 0 0 0 0 0 0 0 0.249766 0.568988 0 0 0 0.90442 0 0.39948 
0.267436 0.267436 0 0.0665134 0.11146 0.0496574 0.0496574 0 0 0.00175326 0.0528416 0 0 0.534544 0 0 0 0 0 0.144398 0.261597 0 0 0 0 0 0 0 0 0 0 0.27687 0.596328 0 0 0 0.980934 0 0.403457 
0.267436 0.267436 0 0.0665134 0.11146 0.0496574 0.0496574 0 0 0 0.0377757 0 0 0.532219 0 0 0 0 0 0.144468 0.26232 0 0 0 0 0 0 0 0 0 0 0.260551 0.580204 0 0 0 0.995186 0 0.40714 
0.267436 0.267436 0 0.0665134 0.11146 0.0496574 0.0496574 0 0 0 0.0262105 0 0 0.2874 0 0 0 0 0 0.14453 0.26274 0 0 0 0 0 0 0 0 0 0 0.201911 0.521757 0 0 0 0.994067 0 0.410404 
0.267436 0.267436 0 0.0665134 0.11146 0.0496574 0.0496574 0 0 0 0.01713 0 0 0.0425763 0 0 0 0 0 0.144584 0.262829 0 0 0 0 0 0 0 0 0 0 0.148936 0.468915 0 0 0 0.991994 0 0.413123 
0.267436 0.267436 0 0.0665134 0.11146 0.0496574 0.0496574 0 0 0 0.0102774 0 0 0.0337256 0 0 0 0 0 0.144631 0.26256 0 0 0 0 0 0 0 0 0 0 0.139912 0.46038 0 0 0 0.989142 0 0.415172 
1 1 0 0.0665134 0.11146 0.266342 0.266342 0 0 0 0.00539519 0 0 0.130089 0 0 0 0 0 0.144671 0.261904 0 0 0 0 0 0 0 0 0 0 0.139289 0.463081 0 0 0 0.985685 0 0.416424 
1 1 0 0.0665134 0.11146 0.379276 0.379276 0 0 0 0.00222642 0 0 0.0337267 0 0 0 0 0 0.144706 0.260832 0 0 0 0 0 0 0 0 0 0 0.138244 0.467607 0 0 0 0.981796 0 0.416754 
1 1 0 0.0665134 0.11146 0.361125 0.361125 0 0 0 0.000513725 0 0 0.00240036 0 0 0 0 0 0.144735 0.259316 0 0 0 0 0 0 0 0 0 0 0.136989 0.473047 0 0 0 0.97765 0 0.416036 
1 1 0 0.0665134 0.11146 0.270222 0.270222 0 0 0 0 0 0 0.0206463 0 0 0 0 0 0.144758 0.257328 0 0 0 0 0 0 0 0 0 0 0.135734 0.478486 0 0 0 0.973421 0 0.414145 
0.717621 0.717621 0 0.0665134 0.11146 0.147201 0.147201 0 0 0 0 0 0 0.2117 0 0 0 0 0 0.144776 0.25484 0 0 0 0 0 0 0 0 0 0 0.134689 0.483012 0 0 0 0.969282 0 0.410954 
1 1 0 0.0665134 0.11146 0.32129 0.32129 0 0 0 0 0 0 0.185522 0 0 0 0 0 0.144791 0.251823 0 0 0 0 0 0 0 0 0 0 0.134066 0.485713 0 0 0 0.965408 0 0.406338 
1 1 0 0.0665134 0.11146 0.343626 0.343626 0 0 0 0 0 0 0.394197 0 0 0 0 0 0.144801 0.248249 0 0 0 0 0 0 0 0 0 0 0.134075 0.485675 0 0 0 0.961973 0 0.400171 
0.901349 0.901349 0 0.0665134 0.11146 0.183578 0.183578 0 0 0 0 0 0 0.314712 0 0 0 0 0 0.144808 0.24409 0 0 0 0 0 0 0 0 0 0 0.134926 0.481985 0 0 0 0.951778 0 0.392328 
1 1 0 0.0665134 0.11146 0.2636 0.2636 0 0 0 0 0 0 0.167091 0 0 0 0 0 0.144812 0.239317 0 0 0 0 0 0 0 0 0 0 0.136831 0.473731 0 0 0 0.941627 0 0.382682 
1 1 0 0.0665134 0.11146 0.38 0.38 0 0 0 0 0 0 0.0876061 0 0 0 0 0 0.144813 0.233903 0 0 0 0 0 0 0 0 0 0 0.14 0.46 0 0 0 0.952696 0 0.371108 
1 1 0 0.0665134 0.11146 0.38 0.38 0 0 0 0 0 0 0.149202 0 0 0 0 0.126944 0.129752 0.2059 0 0 0 0 0 0 0 0 0.0488574 0 0.148718 0.422224 0 0 0 0.994847 0 0.324461 
1 1 0 0.0665134 0.11146 0.352359 0.352359 0 0 0 0 0 0 0.23069 0 0 0 0 0.393935 0.0938377 0.147431 0 0 0 0 0 0 0 0 0.151783 0 0.163907 0.356401 0 0 0 1 0 0.231418 
1 1 0 0.0665134 0.11146 0.273393 0.273393 0 0 0 0 0 0 0.287619 0 0 0 0 0.630206 0.0509738 0.0795759 0 0 0 0 0 0 0 0 0.243304 0 0.180738 0.283468 0 0 0 1 0 0.124591 
1 1 0 0.0665134 0.11146 0.352362 0.352362 0 0 0 0 0 0 0.166618 0 0 0 0 0.766104 0.01506 0.023406 0 0 0 0 0 0 0 0 0.297653 0 0.19438 0.224355 0 0 0 1 0 0.0365813 
1 1 0 0.0665134 0.11146 0.38 0.38 0 0 0 0 0 0 0.0456222 0 0 0 0 0.82 0 0 0 0 0 0 0 0 0 0 0.32 0 0.2 0.2 0 0 0 1 0 0 
1 1 0 0.0665134 0.11146 0.38 0.38 0 0 0 0 0 0 0.154869 0 0 0 0 0.519651 0.0415569 0.0354574 0 0 0 0 0 0 0 0 0.197969 0 0.190625 0.240626 0 0 0 1 0 0.0579871 
1 1 0 0.0665134 0.11146 0.308764 0.308764 0 0 0 0 0 0 0.306431 0 0 0 0 0.116816 0.132979 0.113461 0 0 0 0 0 0 0 0 0.0359434 0 0.17 0.33 0 0 0 1 0 0.185554 
1 1 0 0.0665134 0.11146 0.256129 0.256129 0 0 0 0 0 0 0.366467 0 0 0 0 0.00715756 0.224403 0.191466 0 0 0 0 0 0 0 0 0 0 0.149375 0.419376 0 0 0 1 0 0.313124 
1 1 0 0.0665134 0.11146 0.236598 0.236598 0 0 0 0 0 0 0.384182 0 0 0 0 0 0.265957 0.226921 0 0 0 0 0 0 0 0 0 0 0.14 0.46 0 0 0 1 0 0.371108 
1 1 0 0.0665134 0.11146 0.228196 0.228196 0 0 0 0 0 0 0.3597 0 0 0 0 0 0.249009 0.212461 0 0 0 0 0 0 0 0 0 0 0.145451 0.450266 0 0 0 0.910804 0 0.353498 
1 1 0 0.0665134 0.11146 0.223875 0.223875 0 0 0 0 0 0 0.297449 0 0 0 0 0 0.205915 0.175691 0 0 0 0 0 0 0 0 0 0 0.158871 0.423669 0 0 0 0.791128 0 0.307089 
1 1 0 0.0665134 0.11146 0.221372 0.221372 0 0 0 0 0 0 0.214211 0 0 0 0 0 0.148292 0.126526 0 0 0 0 0 0 0 0 0 0 0.175865 0.384112 0 0 0 0.660943 0 0.241507 
1 1 0 0.0665134 0.11146 0.220268 0.220268 0 0 0 0 0 0 0.126779 0 0 0 0 0 0.0877655 0.0748837 0 0 0 0 0 0 0 0 0 0 0.192034 0.335504 0 0 0 0.524803 0 0.166383 
1 1 0 0.0665134 0.11146 0.220141 0.220141 0 0 0 0 0 0 0.0519355 0 0 0 0 0 0.0359534 0.0306763 0 0 0 0 0 0 0 0 0 0 0.202984 0.281746 0 0 0 0.387247 0 0.0913414 
1 1 0 0.0665134 0.11146 0.220572 0.220572 0 0 0 0 0 0 0.00647057 0 0 0 0 0 0.00447937 0.00382191 0 0 0 0 0 0 0 0 0 0 0.204315 0.226747 0 0 0 0.252829 0 0.0260142 
1 1 0 0.0665134 0.11146 0.221139 0.221139 0 0 0 0 0 0 0.00676222 0 0 0 0 0 0 0 0 0 0.020822 0.020822 0 0 0 0.0262952 0 0 0.154126 0.145237 0 0 0 0.111212 0 0 
1 1 0 0.0665134 0.11146 0.221421 0.221421 0 0 0 0 0 0 0.114082 0 0 0 0 0 0 0 0 0 0.161745 0.161745 0 0 0 0.2 0 0 0.04 0.04 0 0 0 0 0 0 
1 1 0 0.0665134 0.11146 0.227276 0.227276 0 0 0 0 0 0 0.51712 0 0 0 0 0 0.0987812 0 0 0 0.263513 0.263513 0 0 0 0.390828 0 0 0.0831335 0.0831335 0 0 0 0.228988 0 0 
1 1 0 0.0665134 0.11146 0.255785 0.255785 0 0 0 0 0 0 0.447818 0 0 0 0 0 0.251448 0 0 0 0 0 0 0 0 0.145917 0 0 0.16048 0.16048 0 0 0 0.58289 0 0 
1 1 0 0.0665134 0.11146 0.35283 0.35283 0 0 0 0 0 0 0 0 0 0 0 0 0.25093 0 0 0 0 0 0 0 0 0 0 0 0.237584 0.237584 0 0 0 0.554924 0 0 
1 1 0 0.0665134 0.11146 0.38 0.38 0 0 0 0 0 0 0.182497 0 0 0 0 0 0 0 0 0 0.38 0.38 0 0 0 0.46 0 0 0.28 0.28 0 0 0 0.250931 0 0 
1 1 0 0.0665134 0.11146 0.38 0.38 0 0 0 0 0 0 0.458536 0 0 0 0 0.279962 0.0257081 0 0 0 0.347679 0.362054 0 0 0 0.419911 0.279962 0 0.159889 0.159889 0 0 0 0.621641 0 0 
1 1 0 0.0665134 0.11146 0.307016 0.307016 0 0 0 0 0 0 0.511059 0 0 0 0 0.365711 0.0891972 0 0 0 0.268276 0.279198 0 0 0 0.321758 0.365711 0 0.118066 0.118066 0 0 0 0.812118 0 0 
1 1 0 0.0665134 0.11146 0.234035 0.234035 0 0 0 0 0 0 0.449618 0 0 0 0 0.30375 0.170008 0 0 0 0.168142 0.178089 0 0 0 0.198725 0.30375 0 0.148874 0.148874 0 0 0 0.863532 0 0 
1 1 0 0.0665134 0.11146 0.232142 0.232142 0 0 0 0 0 0 0.376433 0 0 0 0 0.22731 0.247687 0 0 0 0.0736204 0.0887834 0 0 0 0.0839825 0.22731 0 0.196614 0.196614 0 0 0 0.922186 0 0 
1 1 0 0.0665134 0.11146 0.224658 0.224658 0 0 0 0 0 0 0.815103 0 0 0 0 0.138201 0.301774 0 0 0 0.0110615 0.00314491 0 0 0 0.0107146 0.138201 0 0.243013 0.243013 0 0 0 0.908489 0 0 
1 1 0 0.0665134 0.11146 0.208871 0.208871 0 0 0 0 0 0 0.853057 0 0 0 0 0.0577528 0.219686 0 0 0 0.0665123 0.0873489 0 0 0 0.178904 0.0577528 0 0.270872 0.270872 0 0 0 0.761636 0 0 
0.811856 0.811856 0 0.0665134 0.11146 0.155729 0.155729 0 0 0 0 0 0 0.382046 0 0 0 0 0.00730651 0 0 0 0 0.342559 0.342559 0 0 0 0.690058 0.00730651 0 0.279457 0.279457 0 0 0 0.335204 0 0 
0.772938 0.772938 0.0561475 0.390268 0.435214 0.148914 0.148914 0 0 0 0 0 0 0.268751 0 0 0 0 0 0 0 0 0 0.365244 0.37065 0 0 0 0.508207 0 0 0.28 0.28 0 0 0 0.409048 0 0 
0.697514 0.697514 0.160019 0.997023 1 0.140025 0.140025 0 0 0 0 0 0 0.512256 0 0 0 0 0 0 0 0 0 0.2688 0.28965 0 0 0 0.3488 0 0 0.28 0.28 0 0 0 0.670463 0 0 
0.458001 0.458001 0.229815 1 1 0.0989203 0.0989203 0 0 0 0 0 0 0.252004 0 0 0 0 0 0 0 0 0 0.0556127 0.0610181 0 0 0 0.0678401 0 0 0.166499 0.166499 0 0 0 0.879063 0 0 
0.330545 0.330545 0.240809 1 1 0.0546068 0.0546068 0 0 0 0 0 0 0.166087 0 0 0 0 0 0 0 0 0 0 0 0 0 0 0 0 0 0.119742 0.119742 0 0 0 0.921334 0 0 
0.307361 0.307361 0.247965 1 1 0.0546197 0.0546197 0 0 0 0 0 0 0.21167 0 0 0 0 0 0 0 0 0 0 0 0 0 0 0 0 0 0.166523 0.166523 0 0 0 0.921334 0 0 
0.294528 0.294528 0.258885 1 1 0.0515339 0.0515339 0 0 0 0 0 0 0.409396 0 0 0 0 0 0.125465 0 0 0 0 0 0 0 0 0 0 0 0.280008 0.280008 0 0 0 1 0 0 
0.281528 0.281528 0.270027 1 1 0.0482605 0.0482605 0 0 0 0 0 0 0.468805 0 0 0 0 0 0.211714 0 0 0 0 0 0 0 0 0 0 0 0.280301 0.281239 0 0 0 1 0 0 
0.262984 0.262984 0.281905 1 1 0.0455452 0.0455452 0 0 0 0 0 0 0.213024 0 0 0 0 0 0.0392051 0 0 0 0 0 0 0 0 0 0 0 0.115319 0.118131 0 0 0 0.596761 0 0 
0.241728 0.241728 0.295787 1 1 0.0423804 0.0423804 0 0 0 0 0 0 0.219049 0 0 0 0 0.0171968 0 0 0 0 0 0 0 0 0 0 0.0171968 0 0.0455596 0.0364973 0 0 0 0.531211 0 0 
0.21955 0.21955 0.309264 1 1 0.0390457 0.0390457 0 0 0 0 0 0 0.501341 0 0 0 0 0.126593 0 0 0 0 0 0 0 0 0 0 0.126593 0 0.0710201 0.0363324 0 0 0 0.660595 0 0 
0.19824 0.19824 0.319925 1 1 0.0358208 0.0358208 0 0 0 0 0 0 0.46349 0 0 0 0 0.323578 0 0 0 0 0 0 0 0 0 0.0249994 0.323578 0 0.0688639 0.034432 0 0 0 0.689999 0 0 
0.17959 0.17959 0.325363 1 1 0.0329854 0.0329854 0 0 0 0 0 0 0.0912471 0 0 0 0 0.504845 0 0 0 0 0 0 0 0 0 0.135001 0.504845 0 0.0165906 0.00829528 0 0 0 0.689999 0 0 
0.165391 0.165391 0.327246 1 1 0.0308193 0.0308193 0 0 0 0 0 0 0.00271272 0 0 0 0 0.465175 0.108736 0 0 0 0 0 0 0 0 0.16 0.465175 0 0 0 0 0 0 0.798512 0 0 
0.157433 0.157433 0.328855 0.98696 1 0.0296022 0.0296022 0.000124145 0 0 0 0 0 0.0241542 0 0 0 0 0.190508 0.419425 0 0 0 0 0 0 0 0 0.16 0.190508 0 0 0 0 0 0 1 0 0 
0.156354 0.156354 0.330186 0.966425 1 0.029437 0.029437 0.00109582 0 0 0 0 0 0.495033 0 0 0 0 0.0262213 0.35442 0 0 0 0 0 0 0 0 0.16 0.0262213 0 0 0 0 0 0 1 0 0 
0.156354 0.156354 0.331241 0.948714 0.986949 0.029437 0.029437 0.00233149 0 0 0 0 0 0.568632 0 0 0 0 0 0.250874 0 0 0 0 0 0 0 0 0.16 0 0 0 0 0 0 0 1 0 0 
0.156354 0.156354 0.332017 0.933399 0.970386 0.029437 0.029437 0.0038565 0 0 0 0 0 0.29658 0 0 0 0 0.13481 0.1882 0 0 0 0 0 0 0 0 0 0.13481 0 0 0 0 0 0 1 0 0 
0.156354 0.156354 0.332515 0.920048 0.955759 0.029437 0.029437 0.00569637 0 0 0 0 0 0.159683 0 0 0 0 0.385183 0.0731936 0 0 0 0 0 0 0 0 0.08 0.385183 0 0 0 0 0 0 0.940897 0 0 
0.156354 0.156354 0.332734 0.908233 0.942645 0.029437 0.029437 0.00787647 0 0 0 0 0 0.249243 0 0 0 0 0.52 0 0 0 0 0 0 0 0 0 0.16 0.52 0 0 0 0 0 0 0.815459 0 0 
0.156354 0.156354 0.332673 0.897524 0.930618 0.029437 0.029437 0.0104221 0 0 0 0 0 0.570294 0 0 0 0 0.36 0.188194 0 0 0 0 0 0 0 0 0.16 0.36 0 0 0 0 0 0 1 0 0 
0.156354 0.156354 0.332332 0.887493 0.919253 0.029437 0.029437 0.013359 0 0 0 0 0 0.444263 0 0 0 0 0.487068 0.094095 0 0 0 0 0 0 0 0 0.16 0.487068 0 0 0 0 0 0 0.909553 0 0 
0.156354 0.156354 0.331709 0.877709 0.908126 0.029437 0.029437 0.0167122 0 0 0 0 0 0.136865 0 0 0 0 0.52 0 0 0 0 0 0 0 0 0 0.16 0.52 0 0 0 0 0 0 0.815459 0 0 
0.156354 0.156354 0.330804 0.867743 0.896811 0.029437 0.029437 0.0205074 0 0 0 0 0 0.211468 0 0 0 0 0.52 0.0237505 0 0 0 0 0 0 0 0 0.16 0.52 0 0 0 0 0 0 0.829915 0 0 
0.156354 0.156354 0.329617 0.857166 0.884885 0.029437 0.029437 0.0247699 0 0 0 0 0 0.217307 0 0 0 0 0.52 0.0784779 0 0 0 0 0 0 0 0 0.16 0.52 0 0 0 0 0 0 0.867382 0 0 
0.156354 0.156354 0.328146 0.845548 0.871922 0.029437 0.029437 0.0295253 0 0 0 0 0 0.255434 0 0 0 0 0.52 0.139403 0 0 0 0 0 0 0 0 0.16 0.52 0 0 0 0 0 0 0.919011 0 0 
0.156354 0.156354 0.326392 0.832461 0.857498 0.029437 0.029437 0.0347987 0 0 0 0 0 0.237272 0 0 0 0 0.52 0.181739 0 0 0 0 0 0 0 0 0.16 0.52 0 0 0 0 0 0 0.975949 0 0 
0.156354 0.156354 0.324353 0.817474 0.841187 0.029437 0.029437 0.0406158 0 0 0 0 0 0.229583 0 0 0 0 0.465921 0.188193 0 0 0 0 0 0 0 0 0.14336 0.465921 0 0.0124797 0.0124797 0 0 0 1 0 0 
0.156354 0.156354 0.322028 0.800158 0.822565 0.029437 0.029437 0.0470018 0 0 0 0 0 0.543323 0 0 0 0 0.183045 0.188193 0 0 0 0 0 0 0 0 0.0563216 0.183045 0 0.0777588 0.0777588 0 0 0 1 0 0 
0.156354 0.156354 0.319418 0.780084 0.801208 0.029437 0.029437 0.0539824 0 0 0 0 0 0.752764 0 0 0 0 0 0.188193 0 0 0 0 0 0 0 0 0 0 0 0.12 0.12 0 0 0 1 0 0 
0.156354 0.156354 0.316521 0.756822 0.77669 0.029437 0.029437 0.0615827 0 0 0 0 0 0.553613 0 0 0 0 0 0.207794 0 0 0 0 0 0 0 0 0 0 0 0.10125 0.10125 0 0 0 1 0 0 
1 1 0.309028 0.717503 0.736154 0.235075 0.235075 0.0698285 0 0 0 0 0 0.223336 0 0 0 0 0 0.250917 0 0 0 0 0 0 0 0 0 0 0 0.06 0.06 0 0 0 1 0 0 
1 1 0.295241 0.657319 0.674803 0.308496 0.308496 0.0787448 0 0 0 0 0 0.150853 0 0 0 0 0 0.294039 0 0 0 0 0 0 0 0 0 0 0 0.0187505 0.0187505 0 0 0 1 0 0 
1 1 0.279072 0.587932 0.604288 0.284529 0.284529 0.0883575 0 0 0 0 0 0.149177 0 0 0 0 0 0.31364 0 0 0 0 0 0 0 0 0 0 0 0 0 0 0 0 1 0 0 
0.855153 0.855153 0.264434 0.521007 0.53627 0.164786 0.164786 0.0986917 0 0 0 0 0 0.147757 0 0 0 0 0.175553 0.25146 0 0 0 0 0 0 0 0 0 0.175553 0 0 0 0 0 0 1 0 0 
0.396156 0.396156 0.25524 0.468209 0.482408 0.0830147 0.0830147 0.109773 0 0 0 0 0 0.262282 0 0 0 0 0.351098 0.123445 0 0 0 0 0 0 0 0 0 0.351098 0 0 0 0 0 0 1 0 0 
0.172212 0.172212 0.253648 0.438273 0.451427 0.0600427 0.0600427 0.121626 0 0 0 0 0 0.224316 0 0 0 0 0.245995 0.0173731 0 0 0 0 0 0 0 0 0 0.245995 0 0 0 0 0 0 1 0 0 
0.11009 0.11009 0.252047 0.420093 0.432209 0.039596 0.039596 0.134277 0 0 0 0 0 0.221032 0 0 0 0 0.188748 0 0 0 0 0 0 0 0 0 0 0.188748 0 0 0 0 0 0 1 0 0 
0.111223 0.111223 0.250058 0.409081 0.420164 0.0260319 0.0260319 0.147752 0 0 0 0 0 0.526661 0 0 0 0 0.182914 0 0 0 0 0 0 0 0 0 0 0.182914 0 0 0 0 0 0 1 0 0 
0.114514 0.114514 0.248948 0.402995 0.413054 0.0240097 0.0240097 0.162075 0 0 0 0 0 0.422253 0 0 0 0 0.146652 0.0633896 0 0 0 0 0 0 0 0 0 0.146652 0 0 0 0 0 0 1 0.0829577 0 
0.114514 0.114514 0.249981 0.399593 0.408639 0.0240097 0.0240097 0.177273 0 0 0 0 0 0.207287 0 0 0 0 0.0719928 0.193903 0 0 0 0 0 0 0 0 0 0.0719928 0 0 0 0 0 0 1 0.253759 0 
0.114514 0.114514 0.254424 0.396633 0.404679 0.0240097 0.0240097 0.193369 0 0 0 0 0 0.0291759 0 0 0 0 0.0101331 0.30204 0 0 0 0 0 0 0 0 0 0.0101331 0 0 0 0 0 0 1 0.395279 0 
0.114514 0.114514 0.263542 0.391873 0.398937 0.0240097 0.0240097 0.210391 0 0 0 0 0 0 0 0 0 0 0 0.319754 0 0 0 0 0 0 0 0 0 0 0 0 0 0 0 0 1 0.413104 0 
1 1 0.278601 0.383071 0.389172 0.2877 0.2877 0.228363 0 0 0 0 0 0 0 0 0 0 0 0.319752 0 0 0 0 0 0 0 0 0 0 0 0 0 0 0 0 1 0.379018 0 
1 1 0.300867 0.367985 0.373145 0.38 0.38 0.247311 0 0 0 0 0 0.489701 0 0 0 0 0 0.319748 0 0 0 0 0 0 0 0 0 0 0 0 0 0 0 0 1 0.333243 0 
1 1 0.331605 0.344373 0.348619 0.366998 0.366998 0.26726 0 0 0 0 0 0.859701 0 0 0 0 0 0.319744 0 0 0 0 0 0 0 0 0 0 0 0 0 0 0 0 1 0.299156 0 
1 1 0.469184 0.297353 0.300742 0.291979 0.291979 0.288236 0 0 0 0 0 0.782575 0 0 0 0 0 0.31974 0 0 0 0 0 0 0 0 0 0 0 0 0 0 0 0 1 0.293583 0 
1 1 0.75033 0.225223 0.227843 0.216059 0.216059 0.310263 0 0 0 0 0 0.363515 0 0 0 0 0 0.319735 0 0 0 0 0 0 0 0 0 0 0 0 0 0 0 0 1 0.29205 0 
0.877955 0.877955 1 0.145504 0.147439 0.167346 0.167346 0.333369 0 0 0 0 0 0.18923 0 0 0 0 0 0.319732 0 0 0 0 0 0 0 0 0 0 0 0 0 0 0 0 1 0.289481 0 
0.699708 0.699708 1 0.0757239 0.0770523 0.126957 0.126957 0.357577 0 0 0 0 0 0.179429 0 0 0 0 0 0.319855 0 0 0 0 0 0 0 0 0 0 0 0 0 0 0 0 1 0.286393 0 
0.594345 0.594345 1 0.0314535 0.032254 0.101721 0.101721 0.382913 0 0 0 0 0 0.211213 0 0 0 0 0 0.320536 0 0 0 0 0 0 0 0 0 0 0 0 0 0 0 0 1 0.283305 0 
0.544163 0.544163 1 0.0092597 0.0096388 0.088681 0.088681 0.409404 0 0 0 0 0 0.253894 0 0 0 0 0 0.321074 0 0 0 0 0 0 0 0 0 0 0 0 0 0 0 0 1 0.280735 0 
0.510585 0.510585 1 0.00113511 0.00123573 0.0797966 0.0797966 0.437072 0 0 0 0 0 0.285677 0 0 0 0 0 0.320607 0 0 0 0 0 0 0 0 0 0 0 0 0 0 0 0 1 0.279202 0 
0.490303 0.490303 1 0 0 0.0742723 0.0742723 0.465947 0 0 0 0 0 0.290587 0 0 0 0 0 0.318878 0 0 0 0 0 0 0 0 0 0 0 0.00147509 0.00147509 0 0 0 1 0.277946 0 
0.480015 0.480015 1 0 0 0.0713135 0.0713135 0.503217 0.0171371 0 0 0 0 0.289818 0 0 0 0 0 0.318037 0 0 0 0 0 0 0 0 0.000592519 0 0 0.0124269 0.0124269 0 0 0 1 0.270112 0 
0.476415 0.476415 1 0 0 0.0701249 0.0701249 0.551041 0.0599816 0 0 0 0 0.28806 0 0 0 0 0 0.31629 0 0 0 0 0 0 0 0 0.00341967 0 0 0.0321639 0.0321639 0 0 0 1 0.255698 0 
0.476199 0.476199 1 0 0 0.0699116 0.0699116 0.601889 0.115678 0 0 0 0 0.285084 0 0 0 0 0 0.311169 0 0 0 0 0 0 0 0 0.0101789 0 0 0.0584241 0.0584241 0 0 0 1 0.236011 0 
0.467016 0.467016 1 0 0 0.0672764 0.0672764 0.648235 0.171376 0 0 0 0 0.280659 0 0 0 0 0 0.300211 0 0 0 0 0 0 0 0 0.0225734 0 0 0.0889478 0.0889478 0 0 0 1 0.212359 0 
0.330202 0.330202 1 0 0 0.0392899 0.0392899 0.682549 0.21422 0 0 0 0 0.274556 0 0 0 0 0 0.276312 0 0 0 0 0 0 0 0 0.0525934 0 0 0.121472 0.121472 0 0 0 0.986985 0.186051 0 
0.162905 0.162905 1 0 0 0.00665439 0.00665439 0.697304 0.231358 0 0 0 0 0.266546 0 0 0 0 0 0.23865 0 0 0 0 0 0 0 0 0.093786 0 0 0.153738 0.153738 0 0 0 0.90307 0.158394 0 
0.162905 0.162905 1 0 0 0.00665439 0.00665439 0.681264 0.211195 0 0 0 0 0.241852 0 0 0 0 0 0.188104 0 0 0 0 0 0 0 0 0.12127 0 0 0.183482 0.183482 0 0 0 0.826259 0.130696 0 
0.162905 0.162905 1 0 0 0.00665439 0.00665439 0.638295 0.161829 0 0 0 0 0.14434 0 0 0 0 0 0.121161 0 0 0 0 0 0 0 0 0.132491 0 0 0.208445 0.208445 0 0 0 0.745817 0.104264 0 
0.162905 0.162905 1 0 0 0.00665439 0.00665439 0.583532 0.099949 0 0 0 0 0.0394405 0 0 0 0 0 0.0589984 0 0 0 0 0 0 0 0 0.140728 0 0 0.227407 0.227407 0 0 0 0.617638 0.0584331 0 
0.162905 0.162905 1 0 0 0.00665439 0.00665439 0.532101 0.0422391 0 0 0 0 0.00111159 0 0 0 0 0 0.00826397 0 0 0 0 0 0 0 0 0.145892 0 0 0.238464 0.238464 0 0 0 0.499641 0.00881426 0 
0.162905 0.162905 1 0 0 0.00665439 0.00665439 0.499135 0.00538833 0 0 0 0 0 0 0 0 0 0 0 0 0 0 0 0 0 0 0 0.14664 0 0 0.24 0.24 0 0 0 0.479619 0 0 
0.162905 0.162905 1 0 0 0.00665439 0.00665439 0.494305 0 0 0 0 0 0 0 0 0 0 0 0 0 0 0 0 0 0 0 0 0.14664 0 0 0.24 0.24 0 0 0 0.479619 0 0 
0.162905 0.162905 1 0 0 0.00665439 0.00665439 0.494305 0 0 0 0 0 0 0 0 0 0 0 0 0 0 0 0 0 0 0 0 0.14664 0 0 0.24 0.24 0 0 0 0.479619 0 0 
0.162905 0.162905 1 0 0 0.00665439 0.00665439 0.494305 0 0 0 0 0 0 0 0 0 0 0 0 0 0 0 0 0 0 0 0 0.14664 0 0 0.24 0.24 0 0 0 0.479619 0 0 
0.162905 0.162905 1 0 0 0.00665439 0.00665439 0.494305 0 0 0 0 0 0 0 0 0 0 0 0 0 0 0 0 0 0 0 0 0.14664 0 0 0.24 0.24 0 0 0 0.479619 0 0 
0.162905 0.162905 1 0 0 0.00665439 0.00665439 0.494305 0 0 0 0 0 0 0 0 0 0 0 0 0 0 0 0 0 0 0 0 0.14664 0 0 0.24 0.24 0 0 0 0.479619 0 0 
0.162905 0.162905 1 0 0 0.00665439 0.00665439 0.494305 0 0 0 0 0 0 0 0 0 0 0 0 0 0 0 0 0 0 0 0 0.14664 0 0 0.24 0.24 0 0 0 0.479619 0 0 
0.162905 0.162905 1 0 0 0.00665439 0.00665439 0.494305 0 0 0 0 0 0 0 0 0 0 0 0 0 0 0 0 0 0 0 0 0.14664 0 0 0.24 0.24 0 0 0 0.479619 0 0 
0.162905 0.162905 1 0 0 0.00665439 0.00665439 0.494305 0 0 0 0 0 0 0 0 0 0 0 0 0 0 0 0 0 0 0 0 0.14664 0 0 0.24 0.24 0 0 0 0.479619 0 0 
0.162905 0.162905 1 0 0 0.00665439 0.00665439 0.494305 0 0 0 0 0 0 0 0 0 0 0 0 0 0 0 0 0 0 0 0 0.14664 0 0 0.24 0.24 0 0 0 0.479619 0 0 
0.162905 0.162905 1 0 0 0.00665439 0.00665439 0.494305 0 0 0 0 0 0 0 0 0 0 0 0 0 0 0 0 0 0 0 0 0.14664 0 0 0.24 0.24 0 0 0 0.479619 0 0 
0.162905 0.162905 1 0 0 0.00665439 0.00665439 0.494305 0 0 0 0 0 0 0 0 0 0 0 0 0 0 0 0 0 0 0 0 0.14664 0 0 0.24 0.24 0 0 0 0.479619 0 0 
0.162905 0.162905 1 0 0 0.00665439 0.00665439 0.494305 0 0 0 0 0 0 0 0 0 0 0 0 0 0 0 0 0 0 0 0 0.14664 0 0 0.24 0.24 0 0 0 0.479619 0 0 
0.162905 0.162905 1 0 0 0.00665439 0.00665439 0.494305 0 0 0 0 0 0 0 0 0 0 0 0 0 0 0 0 0 0 0 0 0.14664 0 0 0.24 0.24 0 0 0 0.479619 0 0 
0.162905 0.162905 1 0 0 0.00665439 0.00665439 0.494305 0 0 0 0 0 0 0 0 0 0 0 0 0 0 0 0 0 0 0 0 0.14664 0 0 0.24 0.24 0 0 0 0.479619 0 0 
