0 0 0.00154375 0.402548 0.402548 0.6 0.6 0 0 0 0 0 0 0.143448 0 0 0 0 0 0 0 0 0 0 0 0 0 0 0 0 0 0 0 0 0 0 0 0 0 
0 0 0.133766 0.405937 0.405937 0.6 0.6 0.103304 0.103304 0 0 0 0 0 0 0 0 0.000639563 0 0 0 0 0 0 0 0 0 0 0 0 0 0 0 0 0 0 0 0 0 
0.892921 0.892921 0.278673 0.399432 0.399432 0.6 0.6 0.216519 0.216519 0 0 0 0 0 0 0 0 0.0758888 0 0 0 0 0 0 0 0 0 0 0 0 0 0 0 0 0 0 0 0 0 
0.856862 0.856862 0.433339 0.384485 0.384485 0.6 0.6 0.337358 0.337358 0 0 0 0 0 0 0 0 0.0599955 0 0 0 0 0 0 0 0 0 0 0 0 0 0 0 0 0 0 0 0 0 
0 0 0.594835 0.36255 0.36255 0.6 0.6 0.463534 0.463534 0 0 0 0 0 0 0 0 0.181688 0 0 0 0 0 0 0 0 0 0 0 0 0 0 0 0 0 0 0 0 0 
1 1 0.760235 0.335079 0.335079 0.6 0.6 0.592759 0.592759 0.110787 0.110787 0 0 0 0 0 0 0.600142 0.155483 0 0 0 0 0 0 0 0 0 0 0 0 0 0 0 0 0 0 0 0 
0.124917 0.124917 0.92661 0.303525 0.303525 0.6 0.6 0.722747 0.722747 0.396501 0.396501 0 0 0 0 0 0 1 0.503771 0 0 0 0 0 0 0 0 0 0 0 0 0 0 0 0 0 0 0 0 
0 0 1 0.26934 0.26934 0.6 0.6 0.85121 0.85121 0.787172 0.787172 0 0 0 0 0 0 1 0.867624 0 0 0 0 0 0 0 0 0 0 0 0 0 0 0 0 0 0 0 0 
0 0 1 0.233978 0.233978 0.6 0.6 0.975861 0.975861 1 1 0.00359869 0.00359869 0 0 0 0 1 1 0.000526496 0 0 0 0.0122068 0 0.000824842 0.00692597 0.00692597 0 0 0 0 0 0 0 0 0 0 0 
1 1 1 0.198891 0.198891 0.6 0.6 1 1 1 1 0.031331 0.031331 0 0 0 0 1 1 0.00435165 0 0 0 0.102622 0 0.00705766 0.0584378 0.0584378 0 0 0 0 0 0 0 0 0 0 0 
1 1 1 0.165531 0.165531 0.6 0.6 1 1 1 1 0.0840942 0.0840942 0 0 0 0 1 1 0.0110134 0 0 0 0.264951 0 0.0185882 0.151505 0.151505 0 0 0 0 0 0 0 0 0 0 0 
0.110925 0.110925 1 0.135352 0.135352 0.6 0.6 1 1 1 1 0.159069 0.159069 0 0 0 0 1 1 0.0194803 0 0 0 0.479888 0 0.0344407 0.27574 0.27574 0 0 0 0 0 0 0 0 0 0 0 
1 1 1 0.109805 0.109805 0.6 0.6 1 1 1 1 0.253437 0.253437 0 0 0 0 1 1 0.0287209 0 0 0 0.728128 0 0.0536393 0.420752 0.420752 0 0 0 0 0 0 0 0 0 0 0 
1 1 1 0.090345 0.090345 0.6 0.6 1 1 1 1 0.36438 0.36438 0 0 0 0 1 1 0.0377035 0 0 0 0.990365 0 0.0752085 0.576154 0.576154 0 0 0 0 0 0 0 0 0 0 0 
0.54693 0.54693 1 0.0784233 0.0784233 0.6 0.6 1 1 1 1 0.489077 0.489077 0 0 0 0 1 1 0.0453968 0 0 0 1 0 0.0981723 0.731555 0.731555 0 0 0 0 0 0 0 0 0 0 0 
0.338256 0.338256 1 0.0754928 0.0754928 0.6 0.6 1 1 1 1 0.624711 0.624711 0 0 0 0 1 1 0.0507692 0 0 0 1 0 0.121555 0.876567 0.876567 0 0 0 0 0 0 0 0 0 0 0 
0.941441 0.941441 1 0.0830064 0.0830064 0.6 0.6 1 1 1 1 0.768462 0.768462 0 0 0 0 1 1 0.0527892 0 0 0 1 0 0.144381 1 1 0 0 0 0 0 0 0 0 0 0 0 
1 1 1 0.115753 0.115753 0.69375 0.69375 1 1 1 1 0.917511 0.917511 0 0 0 0 1 1 0.054431 0 0 0 1 0 0.170072 1 1 0 0 0 0 0 0 0 0 0 0 0 
0.438843 0.438843 1 0.181068 0.181068 1 1 1 1 1 1 1 1 0 0 0 0 1 1 0.0580428 0 0 0 1 0 0.2013 1 1 0 0 0 0 0 0 0 0 0 0 0 
0.239263 0.239263 1 0.269224 0.269224 1 1 1 1 1 1 1 1 0 0 0 0 0.776118 1 0.0616546 0 0 0 1 0 0.235964 1 1 0 0 0 0 0 0 0 0 0 0 0 
0.239263 0.239263 1 0.370493 0.370493 1 1 1 1 1 1 1 1 0 0 0 0 0.573235 1 0.0632963 0 0 0 1 0 0.271965 1 1 0 0 0 0 0 0 0 0 0 0 0 
0.239263 0.239263 1 0.475145 0.475145 1 1 1 1 1 1 1 1 0 0 0 0 0.725475 1 0.0629272 0 0 0.0697219 1 0 0.307202 1 1 0 0 0 0 0 0 0 0 0 0 0 
0.387987 0.387987 1 0.573455 0.573455 1 1 1 1 1 1 1 1 0 0 0 0 0.945368 1 0.0620233 0 0 0.240421 1 0 0.339575 0.839369 0.839369 0 0 0 0 0 0 0 0 0 0 0 
1 1 1 0.655693 0.655693 1 1 1 1 1 1 1 1 0 0 0 0 1 1 0.0608904 0 0 0.454395 0.755182 0 0.366983 0.518408 0.518408 0 0 0 0 0 0 0 0 0 0 0 
1 1 1 0.712132 0.712132 1 1 1 1 1 1 1 1 0 0 0 0 1 1 0.0598338 0 0 0.653944 0.312901 0 0.387326 0.219083 0.219083 0 0 0 0 0 0 0 0 0 0 0 
1 1 1 0.733044 0.733044 1 1 1 1 1 1 1 1 0 0 0 0 1 1 0.0591591 0 0 0.781367 0.0393264 0 0.398504 0.0279491 0.0279491 0 0 0 0 0 0 0 0 0 0 0 
1 1 1 0.696882 0.696882 1 1 1 1 1 1 1 1 0 0 0 0 1 1 0.0498322 0 0 0.740741 0 0 0.4 0 0 0 0 0 0 0 0 0 0 0 0 0 
1 1 1 0.603776 0.603776 1 1 1 1 1 1 1 1 0 0 0 0 0.9577 1 0.00922823 0 0 0.4 0 0 0.4 0 0 0 0 0 0 0 0 0 0 0.024776 0 0 
1 1 1 0.476509 0.476509 1 1 1 1 1 1 0.864551 0.871694 0.0958504 0 0 0 0 1 0 0 0 0.0592592 0 0 0.4 0 0 0 0 0 0 0 0 0 0 0.792037 0 0 
1 1 1 0.337864 0.337864 1 1 1 1 1 1 0.6 0.639543 0.531152 0 0 0 0 1 0 0 0 0 0 0 0.4 0 0 0 0 0 0 0 0 0 0 1 0.023642 0 
1 1 1 0.210623 0.210623 1 1 1 1 1 1 0.6 0.954515 0.624295 0 0 0 0 1 0 0 0 0 0 0 0.4 0 0 0 0 0 0 0 0 0 0 1 0.147308 0 
1 1 1 0.117571 0.117571 1 1 1 1 1 1 0.6 1 0.492399 0 0 0 0 1 0 0 0 0 0 0 0.4 0 0 0 0 0 0 0 0 0 0 1 0.227327 0 
1 1 1 0.0814907 0.0814907 1 1 1 1 1 1 0.6 0.8 0.188536 0 0 0 0 1 0.445673 0 0 0 0 0 0.4 0 0 0 0 0 0 0 0 0.8 0 1 0.227327 0 
1 1 1 0.0814907 0.0814907 1 1 1 1 1 1 0.934392 1 0.0276256 0 0 0 0 1 0.189106 0 0 0 0 0 0.4 0 0 0 0.567196 0 0 0 0 0.8 0 1 0.227327 0 
1 1 1 0.0814907 0.0814907 1 1 1 1 1 1 0.808036 1 0.0416117 0 0 0 0 1 0.0906713 0 0.00566949 0 0 0 0.4 0 0 0 0.769643 0 0 0 0 0.8 0 1 0.191808 0.130662 
1 1 1 0.0814907 0.0814907 1 1 1 1 1 1 0.177679 1 0.132971 0 0 0 0 1 0.222598 0 0.0306152 0 0 0 0.4 0 0 0 0.473214 0 0 0 0 0.8 0 1 0.0355199 0.809592 
1 1 1 0.0814907 0.0814907 1 1 1 1 1 1 0.00667633 1 0.24172 0 0 0 0 1 0.255362 0 0.0325111 0 0 0 0.4 0 0 0 0.4 0 0 0 0 0.8 0 1 0 1 
1 1 1 0.0814907 0.0814907 1 1 1 1 1 1 0.262042 1 0.298736 0 0 0 0 1 0.255362 0 0.0127722 0 0 0 0.4 0 0 0 0.4 0 0 0 0 0.8 0 1 0 1 
1 1 0.998072 0.0814907 0.0814907 1 1 0.963974 0.963974 1 1 0.4 1 0.234897 0 0 0 0 1 0.255362 0 0 0 0 0 0.4 0 0 0 0.4 0 0 0 0 0.8 0 1 0 0.771238 
1 1 0.863987 0.0814907 0.0814907 1 1 0.898211 0.898211 1 1 0.481838 1 0.0776429 0 0 0 0 1 0.0378594 0 0 0 0 0 0.103705 0 0 0.296295 0.4 0 0 0 0 0.8 0 0.596906 0 0.117219 
1 1 0.813127 0.0814907 0.0814907 1 1 0.891074 0.891074 1 1 0.7632 1 0 0 0 0 0.153876 0.9888 0.12044 0 0 0 0 0 0 0 0 0.4 0.4 0 0 0 0 0.8 0 0.5255 0 0 
1 1 0.813127 0.0814907 0.0814907 1 1 0.962755 0.962755 1 1 1 1 0 0 0 0 0.189063 1 0.526719 0 0 0 0 0 0 0 0 0.4 0.4 0 0 0 0 0.8 0 0.856818 0 0 
1 1 0.813127 0.0814907 0.0814907 1 1 1 1 1 1 1 1 0.0236047 0 0 0 0 1 0.765594 0 0 0 0 0 0 0 0 0.4 0.4 0 0 0 0 0.8 0 1 0 0 
1 1 0.813127 0.0814907 0.0814907 1 1 1 1 1 1 1 1 0.186313 0 0 0 0 1 0.765594 0 0 0 0 0 0 0 0 0.4 0.4 0 0 0 0 0.8 0 1 0 0 
1 1 0.813127 0.0814907 0.0814907 1 1 1 1 1 1 1 1 0.268227 0 0 0 0 1 0.765594 0.00032108 0.00032108 0 0 0 0 0 0 0.4 0.4 0 0 0 0 0.8 0 1 0 0 
1 1 0.813127 0.0814907 0.0814907 1 1 1 1 1 1 1 1 0.226003 0 0 0 0 1 0.765594 0.00228136 0.00228136 0 0 0 0 0 0 0.4 0.4 0 0 0 0 0.8 0 1 0 0 
1 1 0.813127 0.0814907 0.0814907 1 1 1 1 1 1 1 1 0.0962231 0 0 0 0 1 0.765594 0.00464721 0.00464721 0 0 0 0 0 0 0.4 0.4 0 0 0 0 0.8 0 1 0 0 
1 1 0.813127 0.0814907 0.0814907 1 1 1 1 1 1 1 1 0 0 0 0 0.242466 1 0.765594 0.00579635 0.00579635 0 0 0 0 0 0 0.4 0.4 0 0 0 0 0.8 0 1 0 0 
1 1 0.813394 0.0817579 0.0817579 1 1 1 1 1 1 1 1 0 0.179644 0 0 0.809136 1 0.64597 0.00579635 0.00579635 0 0 0 0 0 0 0.4 0.4 0 0 0 0 0.8 0 1 0 0 
1 1 0.81547 0.0838343 0.0838343 1 1 1 1 1 1 1 1 0 0.574861 0 0 1 1 0.382797 0.00579635 0.00579635 0 0 0 0 0 0 0.4 0.4 0 0 0 0 0.8 0 0.517123 0 0 
1 1 0.819466 0.0878305 0.0878305 1 1 1 1 1 1 1 1 0 0.970078 0 0 1 1 0.119625 0.00579635 0.00579635 0 0 0 0 0 0 0.4 0.4 0 0 0 0 0.8 0 0.48843 0 0 
1 1 0.825219 0.0935828 0.0935828 1 1 1 1 1 1 1 1 0 1 0 0 1 1 0 0.00579635 0.00579635 0 0 0 0 0 0 0.4 0.4 0 0 0 0 0.8 0 0.613975 0 0 
1 1 0.832564 0.100928 0.100928 1 1 1 1 1 1 1 1 0 1 0 0 1 1 0 0.00579635 0.00579635 0 0 0 0 0 0 0.4 0.4 0 0 0 0 0.8 0 0.613975 0 0 
1 1 0.841338 0.109702 0.109702 1 1 1 1 1 1 1 1 0 1 0 0 1 1 0 0.00579635 0.00579635 0 0 0 0 0 0 0.4 0.4 0 0 0 0 0.8 0 0.613975 0 0 
1 1 0.851378 0.119742 0.119742 1 1 1 1 1 1 1 1 0 1 0 0 1 1 0 0.00579635 0.00579635 0 0 0 0 0 0 0.4 0.4 0 0 0 0 0.8 0 0.613975 0 0 
1 1 0.86252 0.130884 0.130884 1 1 1 1 1 1 1 1 0 1 0 0 1 1 0 0.00579635 0.00579635 0 0 0 0 0 0 0.4 0.4 0 0 0 0 0.8 0 0.613975 0 0 
1 1 0.874601 0.142965 0.142965 1 1 1 1 1 1 1 1 0 1 0 0 1 1 0 0.00579635 0.00579635 0 0 0 0 0 0 0.4 0.4 0 0 0 0 0.8 0 0.613975 0 0 
1 1 0.887457 0.155821 0.155821 1 1 1 1 1 1 1 1 0 0.999595 0 0 1 1 0 0.00579635 0.00579635 0 0 0 0 0 0 0.4 0.4 0 0 0 0 0.8 0 0.613975 0 0 
1 1 0.900924 0.169288 0.169288 1 1 1 1 1 1 1 1 0 0.951437 0 0 1 1 0 0.00579635 0.00579635 0 0 0 0 0 0 0.4 0.4 0 0 0 0 0.8 0 0.613975 0 0 
1 1 0.91484 0.183204 0.183204 1 1 1 1 1 1 1 1 0 0.898645 0 0 1 1 0 0.00579635 0.00579635 0 0 0 0 0 0 0.4 0.4 0 0 0 0 0.8 0 0.613975 0 0 
1 1 0.92904 0.197405 0.197405 1 1 1 1 1 1 1 1 0 0.841961 0 0 1 1 0 0.00579635 0.00579635 0 0 0 0 0 0 0.4 0.4 0 0 0 0 0.8 0 0.613975 0 0 
1 1 0.943362 0.211726 0.211726 1 1 1 1 1 1 1 1 0 0.782126 0 0 1 1 0 0.00579635 0.00579635 0 0 0 0 0 0 0.4 0.4 0 0 0 0 0.8 0 0.613975 0 0 
1 1 0.957641 0.226005 0.226005 1 1 1 1 1 1 1 1 0 0.719881 0 0 1 1 0 0.00579635 0.00579635 0 0 0 0 0 0 0.4 0.4 0 0 0 0 0.8 0 0.613975 0 0 
1 1 0.971714 0.240078 0.240078 1 1 1 1 1 1 1 1 0 0.655969 0 0 1 1 0 0.00579635 0.00579635 0 0 0 0 0 0 0.4 0.4 0 0 0 0 0.8 0 0.613975 0 0 
1 1 0.985834 0.254234 0.254234 1 1 1 1 1 1 1 1 0 0.591129 0 0 1 1 0 0.00579635 0.00579635 0 0 0 0 0 0 0.4 0.4 0 0 0 0 0.8 0 0.613975 0 0 
1 1 1 0.270913 0.270913 1 1 1 1 1 1 1 1 0 0.526105 0 0 1 1 0 0.00579635 0.00579635 0 0 0 0 0 0 0.4 0.4 0 0 0 0 0.8 0 0.613975 0 0 
1 1 1 0.290128 0.290128 1 1 1 1 1 1 1 1 0 0.461636 0 0 1 1 0 0.00579635 0.00579635 0 0 0 0 0 0 0.4 0.4 0 0 0 0 0.8 0 0.613975 0 0 
1 1 1 0.311429 0.311429 1 1 1 1 1 1 1 1 0 0.398465 0 0 1 1 0 0.00579635 0.00579635 0 0 0 0 0 0 0.4 0.4 0 0 0 0 0.8 0 0.613975 0 0 
1 1 1 0.334365 0.334365 1 1 1 1 1 1 1 1 0 0.337333 0 0 1 1 0 0.00579635 0.00579635 0 0 0 0 0 0 0.4 0.4 0 0 0 0 0.8 0 0.613975 0 0 
1 1 1 0.358486 0.358486 1 1 1 1 1 1 1 1 0 0.27898 0 0 1 1 0 0.00579635 0.00579635 0 0 0 0 0 0 0.4 0.4 0 0 0 0 0.8 0 0.613975 0 0 
1 1 1 0.383341 0.383341 1 1 1 1 1 1 1 1 0 0.22415 0 0 1 1 0 0.00579635 0.00579635 0 0 0 0 0 0 0.4 0.4 0 0 0 0 0.8 0 0.613975 0 0 
1 1 1 0.408479 0.408479 1 1 1 1 1 1 1 1 0 0.173582 0 0 1 1 0 0.00579635 0.00579635 0 0 0 0 0 0 0.4 0.4 0 0 0 0 0.8 0 0.613975 0 0 
1 1 1 0.43345 0.43345 1 1 1 1 1 1 1 1 0 0.128018 0 0 1 1 0 0.00579635 0.00579635 0 0 0 0 0 0 0.4 0.4 0 0 0 0 0.8 0 0.613975 0 0 
1 1 1 0.457803 0.457803 1 1 1 1 1 1 1 1 0 0.0882001 0 0 1 1 0 0.00579635 0.00579635 0 0 0 0 0 0 0.4 0.4 0 0 0 0 0.8 0 0.613975 0 0 
1 1 1 0.481087 0.481087 1 1 1 1 1 1 1 1 0 0.0548693 0 0 1 1 0 0.00579635 0.00579635 0 0 0 0 0 0 0.4 0.4 0 0 0 0 0.8 0 0.613975 0 0 
1 1 1 0.502852 0.502852 1 1 1 1 1 1 1 1 0 0.0287668 0 0 1 1 0 0.00579635 0.00579635 0 0 0 0 0 0 0.4 0.4 0 0 0 0 0.8 0 0.613975 0 0 
1 1 1 0.522648 0.522648 1 1 1 1 1 1 1 1 0 0.0106341 0 0 1 1 0 0.00579635 0.00579635 0 0 0 0 0 0 0.4 0.4 0 0 0 0 0.8 0 0.613975 0 0 
1 1 1 0.540024 0.540024 1 1 1 1 1 1 1 1 0 0.00121245 0 0 1 1 0 0.00579635 0.00579635 0 0 0 0 0 0 0.4 0.4 0 0 0 0 0.8 0 0.613975 0 0 
1 1 1 0.554529 0.554529 1 1 1 1 1 1 1 1 0 0 0 0 1 1 0.0444737 0.00547527 0.00547527 0 0.0221573 0 0 0 0 0.4 0.377843 0 0 0 0 0.8 0 0.649355 0 0 
1 1 1 0.565712 0.565712 1 1 1 1 1 1 1 1 0 0 0 0 1 0.759182 0.337418 0.00351498 0.00351498 0 0.157435 0 0 0 0 0.4 0.242565 0 0 0 0 0.8 0 0.863541 0 0 
1 1 1 0.573124 0.573124 1 1 1 1 1 1 1 1 0 0 0 0 1 0.281632 0.762688 0.00114913 0.00114913 0 0.3207 0 0 0 0 0.4 0.0793 0 0 0 0 0.8 0 1 0 0 
1 1 1 0.576313 0.576313 1 1 1 1 1 1 1 1 0 0 0 0 1 0 1 0 0 0 0.4 0 0 0 0 0.4 0 0 0 0 0 0.8 0 1 0 0 
1 1 1 0.574828 0.574828 1 1 1 1 1 1 1 1 0.0711883 0 0 0 0 0.0650146 1 0.00114913 0.12884 0 0.4 0 0 0 0 0.4 0 0 0 0 0 0.8 0 1 0 0.143154 
1 1 1 0.56822 0.56822 1 1 1 1 1 1 1 1 0 0 0 0 0.140533 0.307872 1 0.00351499 0.394098 0 0.4 0 0 0 0 0.4 0 0 0 0 0 0.8 0 0.999915 0 0.437884 
1 1 1 0.529897 0.529897 1 1 1 1 1 1 0.670554 1 0 0 0 0 0.833453 0.543149 1 0.00547527 0.613883 0 0.4 0 0 0 0 0.4 0 0 0 0 0 0.8 0 0.808414 0 0.682089 
1 1 1 0.44606 0.44606 1 1 1 1 1 1 0.648011 1 0 0 0 0 1 0.615716 0.843491 0.00559757 0.627596 0 0.441152 0 0 0.0342934 0.0342934 0.4 0 0 0 0 0 0.8 0 0.60539 0 0.722088 
1 1 1 0.335447 0.335447 1 1 1 1 1 1 0.962962 1 0 0 0 0 1 0.600529 0.53392 0.00429359 0.481395 0 0.71111 0 0 0.259259 0.259259 0.4 0 0 0 0 0 0.8 0 0.422188 0 0.722088 
1 1 0.996661 0.216796 0.216796 1 1 1 1 1 1 1 1 0 0 0 0 1 0.543366 0.264786 0.00241713 0.271006 0 1 0 0 0.582991 0.582991 0.4 0 0 0 0 0 0.8 0 0.290149 0 0.722088 
1 1 0.902631 0.108846 0.108846 1 1 1 1 1 1 1 1 0 0 0 0 1 0.46845 0.0748693 0.000731498 0.0820151 0 1 0 0 0.8738 0.8738 0.4 0 0 0 0 0 0.8 0 0.240621 0 0.722088 
1 1 0.834164 0.0303344 0.0303344 1 1 1 1 1 1 1 1 0 0 0 0 1 0.4 0.0029465 0 0 0 1 0 0 1 1 0.4 0 0 0 0 0 0.8 0 0.304944 0 0.722088 
1 1 0.807692 0 0 1 1 1 1 1 1 1 1 0 0 0 0 1 0.297029 0.00190933 0 0 0 1 0 0 1 1 0.6112 0 0 0 0 0 0.8 0 0.647995 0 0.722088 
1 1 0.807692 0 0 1 1 1 1 1 1 1 1 0 0 0 0 1 0.200229 0.000306436 0 0 0 1 0 0 1 1 0.9376 0 0 0 0 0 0.8 0 1 0 0.722088 
1 1 0.807692 0 0 1 1 1 1 1 1 1 1 0 0 0 0 1 0.307407 0.517889 0 0.122758 0 1 0 0 1 1 1 0 0 0 0 0 0.8 0 1 0 0.723386 
1 1 0.807692 0 0 1 1 1 1 1 1 1 1 0 0 0 0 1 0.6 1 0 0.473494 0 1 0 0 1 1 1 0 0 0 0 0 0.8 0 0.746173 0 0.623939 
1 1 0.807692 0 0 1 1 1 1 1 1 1 1 0 0 0 1 1 0.459259 0.756178 0 0.122757 0 0.448145 0 0 0.259257 0.259257 0.259257 0 0 0 0 0 0.8 0 0.125152 0 0.135017 
1 1 0.807692 0 0 1 1 1 1 1 1 1 1 0 0 0 1 1 0.423467 0 0 0.0492434 0 0.0453334 0 0 0 0 0 0.0202667 0 0 0 0 0.8 0 0.00190484 0 0.0648896 
1 1 0.807692 0 0 1 1 1 1 1 1 1 1 0 0 0 1 0.291699 0.5416 0 0 0.306824 0 0.564 0 0 0 0 0 0.1632 0 0 0 0 0.8 0 0.113623 0 0.404312 
1 1 0.807692 0 0 1 1 1 1 1 1 1 1 0.251802 0 0 1 0 0.6 0.00120495 0 0.473494 0 1 0 0 0 0 0 0.4 0 0 0 0 0.8 0 0.320186 0 0.623939 
1 1 0.807692 0 0 1 1 1 1 1 1 1 1 0.312528 0 0 1 0 0.524101 0.000966068 0 0.473494 0 1 0 0 0 0 0.158601 0.746744 0 0 0 0 0.8 0 0.562755 0 0.623939 
1 1 0.807692 0 0 1 1 1 1 1 1 1 1 0.25869 0 0 1 0 0.394169 0.000474251 0 0.473494 0 0.927697 0 0 0 0 0.485131 1 0 0 0 0 0.8 0 0.782489 0 0.623939 
1 1 0.807692 0 0 1 1 1 1 1 1 1 1 0.184416 0 0 1 0 0.256851 6.67465e-05 0 0.473494 0 0.819242 0 0 0 0 0.755685 1 0 0 0 0 0.8 0 0.920551 0 0.623939 
0.981936 0.981936 0.807692 0 0 1 1 1 1 1 1 1 1 0.174797 0 0 1 0 0.1472 0 0 0.48115 0 0.8 0 0 0 0 0.8 1 0 0 0 0 0.7168 0 0.940943 0.0214399 0.592552 
0.673096 0.673096 0.807692 0 0 1 1 1 1 1 1 1 1 0.210415 0 0 1 0 0.0463997 0 0 0.550866 0 0.8 0 0 0 0 0.8 1 0 0 0 0 0.281599 0 0.942911 0.133588 0.410245 
0.506799 0.506799 0.807692 0 0 1 1 1 1 1 1 1 1 0.22479 0 0 1 0 0 0 0 0.711932 0 0.8 0 0 0 0 0.8 1 0 0 0 0 0 0 0.944185 0.206154 0.221441 
0.506799 0.506799 0.807692 0 0 1 1 1 1 1 1 1 1 0.195764 0 0.288139 1 0 0 0.371997 0 0.928168 0 0.8 0 0 0 0 0.8 1 0 0 0 0 0 0 1 0.206154 0.0715065 
0.506799 0.506799 0.807692 0 0 1 1 1 1 1 1 1 1 0.0898779 0 0.576279 1 0 0 0.743995 0 1 0 0.8 0 0 0 0 0.8 1 0 0 0 0 0 0 1 0.206154 0.0348778 
0.506799 0.506799 0.807692 0 0 1 1 1 1 1 1 0.903704 1 0 0 0.576279 1 0.226459 0 0.743995 0 0.89952 0 0.8 0 0 0 0 0.8 1 0 0 0 0 0 0 1 0.255154 0.320163 
0.775704 0.775704 0.813683 0.00405888 0.00405888 1 1 1 1 1 1 0.8 1 0.0523859 0 0.576279 1 0 0 0.743995 0 0.797899 0 0.8 0 0 0 0 0.8 1 0 0 0 0 0.0207999 0 1 0.272304 0.405656 
1 1 0.855735 0.0331318 0.0331318 1 1 1 1 1 1 0.8 0.963204 0.121 0 0.576279 1 0 0 0.743995 0 0.914643 0 0.8 0 0 0 0 0.8 1 0 0 0 0 0.1296 0 1 0.272304 0.405656 
1 1 0.924802 0.0825939 0.0825939 1 1 1 1 1 1 0.8 0.4 0 0 0.576279 1 0.296759 0 0.743995 0 1 0 0.8 0 0 0 0 0.8 1 0 0 0 0 0.2 0 1 0.272304 0.405656 
1 1 1 0.143383 0.143383 1 1 1 1 1 1 0.8 0.70978 0 0 0.350118 1 0.328247 0 0.749921 0 1 0 0.8 0 0 0 0 0.8 1 0 0 0 0 0.16035 0 1 0.218319 0.39834 
1 1 1 0.206437 0.206437 1 1 1 1 1 1 0.8 1 0 0.115248 0 1 0.247712 0 0.722298 0 1 0 0.8 0 0 0 0 0.8 1 0 0 0 0 0.0787172 0 1 0.107175 0.383276 
1 1 1 0.262695 0.262695 1 1 1 1 1 1 0.8 1 0 0.500184 0 1 0.0113743 0 0.593019 0 0.953762 0 0.8 0 0 0 0 0.8 1 0 0 0 0 0.0110787 0 1 0.0150839 0.370795 
1 1 1 0.303095 0.303095 1 1 1 1 1 1 0.76875 1 0.143437 0.563234 0 1 0 0 0.336775 0 0.570203 0 0.8 0 0 0 0 0.8 1 0 0 0 0 0 0 0.854731 0 0.315696 
1 1 1 0.318576 0.318576 1 1 1 1 1 1 0.63125 0.822159 0.270666 0.563234 0 1 0 0 0.191723 0 0.103436 0 0.8 0 0 0 0 0.8 1 0 0 0 0 0 0 0.204802 0 0.128201 
1 1 0.986519 0.290811 0.290811 1 1 1 1 1 1 0.6208 0.745599 0.304142 0.562788 0 1 0 0 0.287304 0 0 0 0.8 0 0 0 0 0.8 1 0 0 0 0 0 0 0 0 0.316212 
1 1 0.737475 0.222836 0.222836 1 1 1 1 1 1 0.729599 1 0.256343 0.560451 0 1 0 0 0.635025 0 0.0868538 0 0.8 0 0 0 0 0.8 1 0 0 0 0 0 0 0.00770639 0 0.851358 
1 1 0.448043 0.137626 0.137626 1 1 1 1 1 1 0.8 1 0.210861 0.55894 0 1 0 0 0.759983 0 0.566955 0 0.8 0 0 0 0 0.8 1 0 0 0 0 0 0 0.0930512 0 1 
1 1 0.187137 0.058162 0.058162 1 1 1 1 1 1 0.8 1 0.26293 0.562121 0 0.518519 0 0 0.341168 0 1 0 0.8 0 0 0 0 0.8 1 0 0 0 0 0 0 0.0930512 0 1 
1 1 0.0236642 0.00741985 0.00741985 1 1 1 1 1 1 0.8 1 0.128639 0.563234 0 0.208 0 0 0.0381002 0 1 0 0.709689 0 0 0.0832 0.0832 0.789867 1 0 0 0 0 0 0 0.0930512 0 0.899674 
0.893892 0.893892 0 0 0 1 1 1 1 1 1 0.8 1 0 0.563234 0 1 0.534119 0 0 0 0.801886 0 0.2496 0 0 0.5184 0.5184 0.7184 1 0 0 0 0 0 0 0.0930512 0 0.372197 
0.634813 0.634813 0 0 0 1 1 1 1 1 1 0.8 1 0 0.563234 0 1 1 0 0 0 0.459904 0 0 0 0 0.8 0.8 0.6 0.8 0 0 0 0 0 0 0.0930512 0 0.0873712 
0.51705 0.51705 0 0 0 1 1 1 1 1 1 0.8 1 0 0.563234 0 1 0.989996 0 0 0 0.156548 0 0.622222 0 0 0.4 0.4 0.411111 0.888889 0 0 0 0 0 0 0.0930512 0 0.148545 
0.51705 0.51705 0 0 0 1 1 1 1 1 1 0.8 1 0 0.563234 0 1 1 0 0 0 0 0 1 0 0 0 0 0.2 0.8 0 0 0 0 0 0 0.0930512 0 0.0873712 
0.51705 0.51705 0 0 0 1 1 1 1 1 1 0.782546 1 0 0.563234 0 1 1 0 0 0 0 0 1 0 0 0 0 0.178666 0.757333 0 0 0 0 0 0 0.0930512 0 0.0580075 
0.51705 0.51705 0 0 0 1 1 1 1 1 1 0.776727 1 0 0.563234 0 1 1 0 0 0 0 0 1 0 0 0 0 0.242667 0.885334 0 0 0 0 0 0 0.0930512 0 0.146098 
0.51705 0.51705 0 0 0 1 1 1 1 1 1 0.838295 1 0 0.56113 0 1 1 0.000217251 0 0 0 0 1 0.000747062 0 0 0 0.116601 0.631708 0 0 0 0 0 0 0.0927036 0 0 
0.51705 0.51705 0 0 0 1 1 1 1 1 1 0.92534 1 0 0.545223 0 1 1 0.00198052 0 0 0 0 1 0.0063957 0 0 0 0 0.349249 0 0 0 0 0 0 0.0900756 0 0 
0.51705 0.51705 0 0 0 1 1 1 1 1 1 1 1 0 0.515768 0 1 1 0.00557162 0 0 0 0 1 0.016855 0 0 0 0 0.132805 0 0 0 0 0 0 0.0852093 0 0 
0.51705 0.51705 0 0 0 1 1 1 1 1 1 1 1 0 0.475229 0 1 1 0.0110577 0 0 0 0 1 0.0312501 0 0 0 0 0 0 0 0 0 0 0 0.0785119 0 0 
0.51705 0.51705 0 0 0 1 1 1 1 1 1 1 1 0 0.426069 0 1 1 0.0185061 0 0 0 0 0.922862 0.0487063 0 0 0 0 0 0 0 0 0 0 0 0.0703903 0 0 
0.51705 0.51705 0 0 0 1 1 1 1 1 1 1 1 0 0.370751 0 1 1 0.0279841 0 0 0 0 0.810088 0.0683492 0 0 0 0 0 0 0 0 0 0 0 0.0612513 0 0 
0.51705 0.51705 0 0 0 1 1 1 1 1 1 1 1 0 0.311739 0 1 1 0.039559 0 0 0 0 0.689049 0.0893039 0 0 0 0 0 0 0 0 0 0 0 0.051502 0 0 
0.51705 0.51705 0 0 0 1 1 1 1 1 1 1 1 0 0.251495 0 0.893039 1 0.0532981 0 0 0 0 0.564523 0.110696 0 0 0 0 0 0 0 0 0 0 0 0.0415492 0 0 
0.51705 0.51705 0 0 0 1 1 1 1 1 1 1 1 0 0.192483 0 0.683492 1 0.0692686 0 0 0 0 0.441286 0.131651 0 0 0 0 0 0 0 0 0 0 0 0.0317999 0 0 
0.51705 0.51705 0 0 0 1 1 1 1 1 1 1 1 0 0.137165 0 0.487063 1 0.0875378 0 0 0 0 0.324116 0.151294 0 0 0 0 0 0 0 0 0 0 0 0.0226609 0 0 
0.51705 0.51705 0 0 0 1 1 1 1 1 1 1 1 0 0.0880055 0 0.312501 1 0.108173 0 0 0 0 0.217789 0.16875 0 0 0 0 0 0 0 0 0 0 0 0.0145393 0 0 
0.51705 0.51705 0 0 0 1 1 1 1 1 1 1 1 0 0.0474666 0 0.16855 1 0.131241 0 0 0 0 0.127082 0.183145 0 0 0 0 0 0 0 0 0 0 0 0.0078419 0 0 
0.51705 0.51705 0 0 0 1 1 1 1 1 1 1 1 0 0.0180117 0 0.0639582 1 0.156811 0 0 0 0 0.0567717 0.193604 0 0 0 0 0 0 0 0 0 0 0 0.00297569 0 0 
0.51705 0.51705 0 0 0 1 1 1 1 1 1 1 1 0 0.00210397 0 0.00747104 1 0.184947 0 0 0 0 0.0116354 0.199253 0 0 0 0 0 0 0 0 0 0 0 0.000347595 0 0 
0.51705 0.51705 0 0 0 1 1 1 1 1 1 1 1 0 0.00287938 0 0 1 0.216901 0 0 0 0 0.00542119 0.2 0 0 0 0 0 0 0 0 0 0 0 0 0 0 
0.51705 0.51705 0 0 0 1 1 1 1 1 1 1 1 0 0.0236615 0 0 1 0.25893 0 0 0 0 0.0860208 0.2 0 0 0 0 0 0 0 0 0 0 0 0 0 0 
0.51705 0.51705 0 0 0 1 1 1 1 1 1 1 1 0 0.0594669 0 0 1 0.309987 0 0 0 0 0.239797 0.2 0 0 0 0 0 0 0 0 0 0 0 0 0 0 
0.51705 0.51705 0 0 0 1 1 1 1 1 1 1 1 0 0.104287 0 0 1 0.367743 0 0 0 0 0.442952 0.2 0 0 0 0 0 0 0 0 0 0 0 0 0 0 
0.51705 0.51705 0 0 0 1 1 1 1 1 1 1 1 0 0.152111 0 0 1 0.429868 0 0 0 0 0.67168 0.2 0 0 0 0 0 0 0 0 0 0 0 0 0 0 
0.51705 0.51705 0 0 0 1 1 1 1 1 1 1 1 0 0.196931 0 0 1 0.494034 0 0 0 0 0.902183 0.2 0 0 0 0 0 0 0 0 0 0 0 0 0 0 
0.51705 0.51705 0 0 0 1 1 1 1 1 1 1 1 0 0.232736 0 0 1 0.557911 0 0 0 0 1 0.2 0 0 0 0 0 0 0 0 0 0 0 0 0 0 
0.51705 0.51705 0 0 0 1 1 1 1 1 1 1 1 0 0.253518 0 0 1 0.619171 0 0 0 0 1 0.2 0 0 0 0 0 0 0 0 0 0 0 0 0 0 
0.51705 0.51705 0 0 0 1 1 1 1 1 1 1 1 0 0.253268 0 0 1 0.675484 0 0 0 0 1 0.2 0 0 0 0 0 0 0 0 0 0 0 0 0 0 
0.487461 0.487461 0 0 0 1 1 1 1 1 1 1 1 0 0.225976 0 0 1 0.724521 0 0 0 0 1 0.2 0 0 0 0 0 0 0 0 0 0 0 0 0 0 
0.422366 0.422366 0 0 0 1 1 1 1 1 1 1 1 0 0.165633 0 0 1 0.763954 0 0 0 0 1 0.2 0 0 0 0 0 0 0 0 0 0 0 0 0 0 
0.35727 0.35727 0 0 0 1 1 1 1 1 1 1 1 0 0.0662286 0 0 1 0.791453 0 0 0 0 0.989653 0.2 0 0 0 0 0 0 0 0 0 0 0 0 0 0 
0.327681 0.327681 0 0 0 1 1 1 1 1 1 1 1 0 0 0.112408 0 1 0.763427 0 0 0 0 0.594045 0.2 0 0 0 0 0.010574 0 0 0 0 0.0273141 0 0 0 0 
0.327681 0.327681 0 0 0 1 1 1 1 1 1 1 1 0 0 0.474187 0 1 0.542502 0.172568 0 0 0 0.241568 0.2 0 0 0 0 0.0971004 0 0 0 0 0.187499 0 0 0 0 
0.327681 0.327681 0 0 0 1 1 1 1 1 1 0.25232 0.25232 0 0 0.787785 0 0.40744 0.372685 0.991369 0 0 0 0.0299204 0.2 0 0 0 0 0.275092 0 0 0 0 0.358795 0 0.537233 0 0 
0.327681 0.327681 0 0 0 1 1 1 1 1 1 0 0 0 0 0.839968 0 0.297411 0.547682 1 0 0 0 0 0.2 0 0 0 0 0.476221 0 0 0 0.0148144 0.39676 0 1 0 0 
0.418311 0.418311 0 0 0 1 1 1 1 1 1 0 0 0 0 0.839968 0 0.297411 1 1 0 0 0 0 0.2 0 0 0 0 0.400001 0 0 0 0.0999993 0.312501 0 1 0 0 
0.892347 0.892347 0 0 0 1 1 1 1 1 1 0.151725 0.151725 0 0 0.839968 0 0.297411 1 0.927158 0 0 0 0 0.2 0 0 0 0 0.323778 0 0 0 0.185185 0.21713 0 1 0 0 
1 1 0 0 0 1 1 1 1 1 1 0.190303 0.190303 0 0 0.839968 0 0.297411 1 0.781747 0 0 0 0 0.2 0 0 0 0 0.549057 0 0 0 0.2 0.2 0 1 0 0 
0.919392 0.919392 0 0 0 1 1 1 1 1 1 0.112727 0.112727 0 0 0.839968 0 0.297411 1 0.680037 0 0 0 0 0.2 0 0 0 0 0.885473 0 0 0 0.2 0.2 0 1 0 0 
0.453959 0.453959 0 0 0 1 1 1 1 1 1 0.2 0.2 0 0 0.839968 0 0.297411 1 0.537874 0 0 0 0 0.2 0 0 0 0 1 0 0 0 0.2 0.2 0 1 0 0 
0.286959 0.286959 0 0 0 1 1 1 1 1 1 0.877778 0.877778 0 0 0.820197 0 0.166328 1 0.222257 0 0 0 0 0.2 0 0 0 0.0611799 1 0 0 0 0.1 0.311111 0 1 0 0 
0.296205 0.296205 0 0 0 1 1 1 1 1 1 1 1 0 0 0.707097 0 0.035245 0.4 0 0 0 0 0 0.2 0 0 0 0.166804 1 0 0 0 0 0.4 0 1 0 0 
0.367362 0.367362 0.0684762 0 0 1 1 1 1 1 1 0.891198 0.891198 0 0 0.410283 0 0.0228387 0.1152 0 0.090134 0.578447 0 0 0.2 0 0.153601 0.153601 0.280889 1 0 0 0 0 0.243199 0 0.724195 0.156705 0.184377 
0.434523 0.434523 0.517671 0 0 1 1 1 1 1 1 0.142041 0.142041 0 0 0.0843131 0 0.00366541 0.0095998 0 0.229432 1 0 0 0.2 0 0.460802 0.460802 0.382859 0.186663 0 0 0 0 0.0380436 0 0.393445 0.398885 0.595201 
0.446007 0.446007 1 0 0 1 1 1 1 1 1 0 0 0.0742711 0 0.00605192 0 0 0 0.0706907 0.256061 1 0 0 0.204572 0 0.739202 0.739202 0.4 0 0 0 0 0 0 0 0.180973 0.445184 1 
0.446007 0.446007 1 0 0 1 1 1 1 1 1 0 0 0.511038 0 0.178612 0 0 0 0.47832 0.256061 0.774503 0 0 0.220571 0 1 1 0.4 0 0 0 0 0 0 0 0.0729996 0.445184 1 
0.446007 0.446007 1 0 0 1 1 1 1 1 1 0 0 0.982356 0 0.305391 0 0 0 0.890097 0.256061 0.263523 0 0 0.2 0 1 1 0.4 0 0 0 0 0 0 0 0 0.445184 1 
0.446007 0.446007 1 0 0 1 1 1 1 1 1 0 0 1 0 0.305391 0 0 0 0.957289 0.256061 0.263523 0 0 0 0.2 1 1 0.4 0 0 0 0 0 0 0 0 0.447664 1 
0.446007 0.446007 1 0 0 1 1 1 1 1 1 0 0 0.776562 0 0.305391 0 0 0 1 0.189675 0.329684 0 0 0.180207 0.148148 1 1 0.4 0 0 0 0 0 0 0 0.0330657 0.344867 1 
0.446007 0.446007 1 0 0 1 1 1 1 1 1 0 0 0.222472 0 0.305391 0 0 0 1 0.0663863 0.450833 0 0 0.385868 0.0518519 1 1 0.4 0 0 0 0 0 0 0 0.0710912 0.142589 1 
0.446007 0.446007 1 0.00039212 0.00039212 1 1 1 1 1 1 0 0 0 0 0.305391 0 0.135926 0 1 0 0.510971 0 0 0.608659 0 1 1 0.4 0 0 0 0 0 0 0 0.0892774 0 1 
0.446007 0.446007 1 0.00339209 0.00339209 1 1 1 1 1 1 0 0 0 0 0.305391 0 0.136815 0.00419871 1 0 0.465727 0 0 0.840255 0 1 1 0.4 0 0 0 0 0 0 0 0.0780106 0 1 
0.446007 0.446007 1 0.0090419 0.0090419 1 1 1 1 1 1 0 0 0 0 0.305391 0 0.138863 0.0232842 1 0 0.37395 0 0 1 0 1 1 0.4 0 0 0 0 0 0 0 0.0520475 0 1 
0.446007 0.446007 1 0.0169759 0.0169759 1 1 1 1 1 1 0 0 0 0 0.305391 0 0.141142 0.0669893 0.748743 0 0.274474 0 0 1 0 1 1 0.4 0 0 0 0 0 0 0 0.0231457 0 1 
0.446007 0.446007 1 0.0268287 0.0268287 1 1 1 1 1 1 0 0 0 0 0.305391 0 0.142726 0.145048 0.526497 0 0.206129 0 0 1 0 1 1 0.4 0 0 0 0 0 0 0 0.00306154 0 1 
0.446007 0.446007 1 0.0382348 0.0382348 1 1 1 1 1 1 0.0204087 0.0184188 0 0 0.305391 0 0.156043 0.269978 0.492996 0 0.195766 0 0.00817336 1 0 1 1 0.4 0 0 0 0 0 0 0 0 0 0.634216 
0.446007 0.446007 1 0.0508286 0.0508286 1 1 1 1 1 1 0.165307 0.150154 0 0 0.305391 0 0.248229 0.454425 0.492996 0 0.195766 0 0.0664807 1 0 1 1 0.4 0 0 0 0 0 0 0 0 0 0.362576 
0.446007 0.446007 1 0.0642449 0.0642449 1 1 1 1 1 1 0.408164 0.373725 0 0 0.305391 0 0.400876 0.675631 0.492996 0 0.195766 0 0.165007 1 0 0.908454 0.908454 0.4 0 0 0 0 0 0 0 0 0 0.178698 
0.46442 0.46442 1 0.0781179 0.0781179 1 1 1 1 1 1 0.7 0.6475 0 0 0.305391 0 0.580884 0.906522 0.492996 0 0.195766 0 0.284877 1 0 0.7 0.7 0.4 0 0 0 0 0 0 0 0 0 0.0692408 
0.588011 0.588011 1 0.0920824 0.0920824 1 1 1 1 1 1 0.991836 0.929846 0 0 0.305391 0 0.755149 1 0.492996 0 0.195766 0 0.407216 1 0 0.491546 0.491546 0.4 0 0 0 0 0 0 0 0 0 0.0208634 
0.774601 0.774601 1 0.105773 0.105773 1 1 1 1 1 1 1 1 0 0 0.305391 0 0.890569 1 0.492996 0 0.195766 0 0.513149 0.885242 0 0.318076 0.318076 0.4 0 0 0 0 0 0 0 0 0 0.0202253 
0.960964 0.960964 1 0.118823 0.118823 1 1 1 1 1 1 1 1 0 0 0.305391 0 0.954043 1 0.492996 0 0.195766 0 0.583802 0.597247 0 0.214578 0.214578 0.4 0 0 0 0 0 0 0 0 0 0.0539858 
1 1 1 0.130869 0.130869 1 1 1 1 1 1 1 1 0 0 0.335061 0 0.859803 1 0.402833 0 0.207424 0 0.554168 0.336214 0 0.2 0.2 0.4 0.0136495 0 0 0 0 0.0296288 0 0 0 0.107805 
1 1 1 0.141544 0.141544 1 1 1 1 1 1 0.750005 1 0 0 0.505666 0 0.409281 1 0.0797716 0 0.274458 0 0.282872 0.132376 0 0.2 0.2 0.4 0.118709 0 0 0 0 0.199999 0 0 0 0.160988 
0.956852 0.956852 1 0.150483 0.150483 1 1 1 1 1 1 0.150003 0.675002 0.0358638 0 0.676273 0 0 1 0.74314 0 0.341493 0 0.0527791 0.0159685 0 0.2 0.2 0.4 0.361997 0 0 0 0 0.37037 0 0.422267 0 0.195713 
0.767519 0.767519 1 0.157321 0.157321 1 1 1 1 1 1 0 0.62361 0.126928 0 0.676274 0 0 1 1 0 0.353151 0 0 0 0 0.185186 0.185186 0.4 0.888922 0 0 0 0 0.4 0 0.918365 0 0.20085 
0.578413 0.578413 1 0.161692 0.161692 1 1 1 1 1 1 0.199998 0.837498 0.16319 0 0.505669 0 0 1 0.305333 0 0.353151 0 0 0 0 0.100001 0.100001 0.4 1 0 0 0 0 0.4 0 0.935079 0 0.20085 
0.453301 0.453301 1 0.16323 0.16323 1 1 1 1 1 1 0.500002 1 0.173713 0 0.335061 0 0 0.844443 0.0194122 0 0.353151 0 0 0 0 0.0148144 0.0148144 0.4 1 0 0 0 0 0.4 0 0.756548 0 0.20085 
0.434674 0.434674 1 0.16323 0.16323 1 1 1 1 1 1 0.596296 1 0.174284 0 0.305391 0 0 0.795062 0 0 0.327447 0 0 0 0 0 0 0.451853 1 0 0 0 0 0.4 0 0.488736 0 0.20085 
0.434674 0.434674 1 0.16323 0.16323 1 1 1 1 1 1 0.6 1 0.174284 0 0.305391 0 0 0.8 0 0 0.353151 0 0 0 0 0 0 0.6 1 0 0 0 0 0.4 0 0.237601 0 0.20085 
0.434674 0.434674 1 0.16323 0.16323 1 1 1 1 1 1 1 1 0.0854293 0 0.363169 0 0 0.534399 0 0 0.712224 0 0 0 0 0.0959995 0.0959995 0.5296 1 0 0 0 0.352002 0.630401 0 0.0792739 0.344885 0.508535 
0.434674 0.434674 1 0.16323 0.16323 1 1 1 1 1 1 1 1 0 0 0.478717 0 0.153121 0.0867537 0 0 1 0 0 0 0 0.0213328 0.0213328 0.4208 1 0 0 0 0.896002 0.963201 0 0.00811225 0.877887 1 
0.434674 0.434674 1 0.16323 0.16323 1 1 1 1 1 1 1 1 0 0 0.579967 0 0.0981241 0 0.00941098 0.016715 1 0 0.0624013 0 0 0 0 0.427912 1 0 0 0 0.913776 0.888176 0 0 0.979782 1 
0.434674 0.434674 1 0.16323 0.16323 1 1 1 1 1 1 0.604797 1 0.122176 0 0.683417 0 0 0 0.0586366 0.104145 1 0 0.388801 0 0 0 0 0.5616 1 0 0 0 0.431999 0.412799 0 0 0.979782 1 
0.434674 0.434674 1 0.16323 0.16323 1 1 1 1 1 1 0 1 0 0 0.756641 0 0.239318 0 0.0904883 0.160718 1 0 0.6 0 0 0 0 0.6 1 0 0 0 0 0 0 0 0.979782 0.994945 
0.434674 0.434674 1 0.16323 0.16323 1 1 1 1 1 1 0 0.926667 0.0142904 0 0.789073 0 0 0 0.0452442 0.0803589 1 0 0.3 0 0 0 0 0.277778 1 0 0 0 0 0 0 0 0.979782 0.994945 
0.434674 0.434674 1 0.16323 0.16323 1 1 1 1 1 1 0 0 0.135447 0 0.724589 0 0 0 0 0 0.700885 0 0 0 0 0 0 0 1 0 0 0 0 0 0 0 0.979782 0.994945 
0.434674 0.434674 1 0.16323 0.16323 1 1 1 1 1 1 0 0.0218606 0.148624 0 0.442665 0 0 0 0 0 0.700104 0 0 0 0 0 0 0 1 0 0 0 0 0 0 0 0.97131 0.971441 
0.434674 0.434674 1 0.16323 0.16323 1 1 1 1 1 1 0 0.233153 0.125138 0 0.133109 0 0 0 0 0 0.784371 0 0 0 0 0 0 0 1 0 0 0 0 0 0 0 0.968485 0.900619 
0.434674 0.434674 1 0.178781 0.178781 1 1 1 1 1 1 0 0.532443 0.105764 0 0.0779202 0 0 0.0318173 0.00996536 0 0.696982 0 0 0 0 0 0 0 1 0 0 0 0 0 0 0.00638289 1 0.783795 
0.434674 0.434674 1 0.284787 0.284787 1 1 1 1 1 1 0 0.818298 0.105852 0 0.0779202 0 0 0.231816 0.0672675 0 0.473793 0 0 0 0 0 0 0 1 0 0 0 0 0 0 0.0430853 1 0.631707 
0.434674 0.434674 1 0.449769 0.449769 1 1 1 1 1 1 0 0.989282 0.0630859 0 0.0779202 0 0 0.492423 0.12457 0 0.225493 0 0 0 0 0 0 0 1 0 0 0 0 0 0 0.0797881 1 0.447013 
0.550792 0.550792 1 0.624648 0.624648 1 1 1 1 1 1 0.208004 1 0 0 0.112586 0 0.311333 0.699783 0.120544 0 0.0517234 0 0 0 0 0 0 0 0.835343 0 0 0 0.0303035 0.0186671 0 0.0772093 1 0.241491 
1 1 1 0.760341 0.760341 1 1 1 1 1 1 1 1 0 0 0.293912 0 1 0.902837 0.0473564 0 0 0 0 0 0 0 0 0 0.420508 0 0 0 0.128728 0.12 0 0.0303322 0.426819 0.0851547 
1 1 1 0.807773 0.807773 1 1 1 1 1 1 1 1 0 0 0.411241 0 1 1 0 0 0 0 0 0 0 0 0 0 0.2 0 0 0 0.2 0.2 0 0 0 0 
0.547948 0.547948 1 0.756736 0.756736 1 1 1 1 1 1 1 1 0 0 0.411241 0 1 1 0 0 0 0 0 0 0 0 0 0 0.168 0 0 0 0.217067 0.217067 0 0 0 0 
0.341062 0.341062 1 0.645314 0.645314 1 1 1 1 1 1 1 1 0 0 0.411241 0 1 1 0 0 0 0 0 0 0 0 0 0 0.104 0 0 0 0.2192 0.2192 0 0 0 2.81693e-08 
0.174296 0.174296 1 0.496866 0.496866 1 1 1 1 1 1 1 1 0 0 0.411241 0 1 1 0 0 0 0 0 0 0 0 0 0 0.056 0 0 0 0.2128 0.2128 0 0 0.0826122 0.0274184 
0.0441533 0.0441533 1 0.334752 0.334752 1 1 1 1 1 1 1 1 0 0 0.411241 0 1 1 0 0 0 0 0 0 0 0 0 0 0.072 0 0 0 0.204267 0.204267 0 0 0.115173 0.0365579 
0 0 1 0.18233 0.18233 1 1 1 1 1 1 1 1 0 0 0.411241 0 1 1 0 0 0 0 0 0 0 0 0 0 0.2 0 0 0 0.2 0.2 0 0 0 0 
0 0 1 0.0629594 0.0629594 1 1 1 1 1 1 1 1 0 0 0.411241 0 1 0.9656 0 0 0 0 0.0391999 0.0112 0 0 0 0 0.344 0 0 0 0.2 0.2 0 0 0 0 
0 0 1 0 0 1 1 1 1 1 1 1 1 0 0 0.411241 0 1 0.9408 0 0 0 0 0.1456 0.0415999 0 0 0 0 0.392 0 0 0 0.2 0.2 0 0 0 0 
0 0 1 0 0 1 1 1 1 1 1 1 1 0 0 0.411241 0 1 0.9232 0 0 0 0 0.302399 0.0863998 0 0 0 0 0.368 0 0 0 0.2 0.2 0 0 0 0 
0 0 1 0 0 1 1 1 1 1 1 1 1 0 0 0.411241 0 1 0.9104 0 0 0 0 0.492799 0.1408 0 0 0 0 0.296001 0 0 0 0.2 0.2 0 0 0 0 
0 0 1 0 0 1 1 1 1 1 1 1 1 0 0 0.411241 0 1 0.9 0 0 0 0 0.699998 0.2 0 0 0 0 0.200001 0 0 0 0.2 0.2 0 0 0 0 
0 0 1 0 0 1 1 1 1 1 1 1 1 0 0 0.411241 0 1 0.8896 0 0 0 0 0.907198 0.2592 0 0 0 0 0.104001 0 0 0 0.2 0.2 0 0 0.105162 0.0329019 
0 0 1 0 0 1 1 1 1 1 1 1 1 0 0 0.411241 0 1 0.8768 0 0 0 0 1 0.313599 0 0 0 0 0.0320003 0 0 0 0.2 0.2 0 0 0.184034 0.0575785 
0 0 1 0 0 1 1 1 1 1 1 1 1 0 0 0.411241 0 1 0.8592 0 0 0 0 1 0.3584 0 0 0 0 0.00799975 0 0 0 0.2 0.2 0 0 0.210326 0.0658042 
0 0 1 0 0 1 1 1 1 1 1 1 1 0 0 0.411241 0 1 0.8344 0 0 0 0 1 0.3888 0 0 0 0 0.0559999 0 0 0 0.2 0.2 0 0 0.157744 0.0493531 
0.0294547 0.0294547 1 0 0 1 1 1 1 1 1 1 1 0 0 0.411241 0 1 0.8 0 0 0 0 1 0.4 0 0 0 0 0.2 0 0 0 0.2 0.2 0 0 0 0 
0.0659918 0.0659918 1 0 0 1 1 1 1 1 1 1 1 0 0 0.345159 0 1 0.700291 0 0 0.0747309 0 1 0.320699 0 0 0 0.4416 0.658893 0 0 0 0.16035 0.16035 0 0.364242 0 0.115289 
0.0936855 0.0936855 1 0 0 1 1 1 1 1 1 1 1 0 0 0.20911 0 0.316522 0.54274 0.142099 0 0.228589 0 0.9072 0.157434 0 0 0 0.4351 1 0 0 0 0.0787169 0.0787169 0 1 0 0.434442 
0.109039 0.109039 1 0 0 1 1 1 1 1 1 1 1 0.101516 0 0.0963836 0 0 0.419708 0.44882 0 0.35607 0 0.4928 0.0221569 0 0 0 0.4208 1 0 0 0 0.0110785 0.0110785 0 1 0.0607311 0.711753 
0.108553 0.108553 1 0 0 1 1 1 1 1 1 1 1 0 0 0.0779202 0 0.268548 0.4 0.740803 0 0.37695 0 0.1456 0 0 0 0 0.4065 1 0 0 0 0 0 0 1 0.0784923 0.757933 
0.129507 0.129507 1 0.0222663 0.0222663 1 1 1 1 1 1 1 1 0 0 0.0779202 0 1 0.4 0.838686 0 0.37695 0 0 0 0 0 0 0.4 1 0 0 0 0 0 0 0.92601 0.0784923 0.757933 
0.191701 0.191701 1 0.0517144 0.0517144 1 1 1 1 1 1 1 1 0 0 0.0779202 0 1 0.9 0.823948 0 0.37695 0 0 0 0 0 0 0.4 1 0 0 0 0 0 0 0.92601 0.0784923 0.757933 
0.265422 0.265422 1 0.0846423 0.0846423 1 1 1 1 1 1 1 1 0 0 0.0779202 0 1 1 0.838686 0 0.37695 0 0 0 0 0 0 0.4 1 0 0 0 0 0 0 0.92601 0.0784923 0.757933 
0.320959 0.320959 1 0.120954 0.120954 1 1 1 1 1 1 1 1 0.0387184 0 0.0779202 0 0 1 0.436338 0 0.0977294 0 0 0 0 0 0 0.4 1 0 0 0 0 0 0 0.258706 0.0784923 0.757933 
0.334657 0.334657 1 0.160552 0.160552 1 1 1 1 1 1 1 1 0.0958318 0 0.0779202 0 0 1 0.493587 0 0 0 0 0 0 0 0 0.4 1 0 0 0 0 0 0 0.156259 0.0784923 0.757933 
0.326276 0.326276 1 0.280502 0.280502 1 1 1 1 1 1 1 1 0 0 0.0779202 0 0.569983 1 0.979219 0 0 0 0 0 0 0 0 0.4 1 0 0 0 0 0 0 0.674567 0.0784923 0.757933 
0.305722 0.305722 1 0.498421 0.498421 1 1 1 1 1 1 1 1 0.327386 0 0.0779202 0 0 1 0.309566 0 0 0 0 0 0 0 0 0.4 1 0 0 0 0 0 0 0 0.0784923 0.757933 
0.278302 0.278302 1 0.72504 0.72504 1 1 1 1 1 1 1 1 1 0 0.0779202 0 0 0.711119 0.529276 0 0 0 0 0 0 0 0 0.4 0.53334 0 0 0 0 0 0 0.00663121 0.0784923 0.757933 
0.249323 0.249323 1 0.871091 0.871091 1 1 1 1 1 1 1 1 1 0 0.0779202 0 0 0 1 0 0 0 0 0 0 0 0 0.4 0 0 0 0 0 0 0 0.109064 0.0784923 0.757933 
0.224094 0.224094 1 0.831318 0.831318 1 1 1 1 1 1 1 1 0.953539 0 0.0779202 0 0 0.392688 1 0 0 0 0 0 0 0 0 0.4 0.704003 0 0 0 0 0 0 0.374968 0.0784923 0.757933 
0.207922 0.207922 1 0.538046 0.538046 1 1 1 1 1 1 1 1 0.132135 0 0.0779202 0 0 1 1 0 0 0 0 0 0 0 0 0.4 1 0 0 0 0 0 0 0.904288 0.0784923 0.757933 
0.206115 0.206115 1 0.186265 0.186265 1 1 1 1 1 1 1 1 0 0 0.0779202 0 0.140928 1 0.812158 0 0.0124513 0 0 0 0 0 0 0.4 1 0 0 0 0 0 0 1 0.0784923 0.768302 
0.223981 0.223981 1 0 0 1 1 1 1 1 1 1 1 0.148209 0 0.0779202 0 0 1 0.812158 0 0.0941299 0 0 0 0 0 0 0.4 1 0 0 0 0 0 0 1 0.0784923 0.836325 
0.264976 0.264976 1 0 0 1 1 1 1 1 1 1 1 0.106327 0 0.0779202 0 0 0.761826 0.812158 0 0.211667 0 0 0 0 0 0 0.4 1 0 0 0 0 0 0 1 0.0784923 0.934211 
0.325494 0.325494 1 0 0 1 1 1 1 1 1 1 1 0.0409811 0 0.0779202 0 0 0.510836 0.812158 0 0.317251 0 0 0 0 0 0 0.4 1 0 0 0 0 0 0 1 0.0784923 1 
0.400245 0.400245 1 0 0 1 1 1 1 1 1 1 1 0.00701186 0 0.0779202 0 0 0.4 0.812158 0 0.36307 0 0 0 0 0 0 0.4 1 0 0 0 0 0 0 1 0.0784923 1 
0.483943 0.483943 1 0 0 1 1 1 1 1 1 1 1 0.00889792 0 0.0779202 0 0 0.4 0.812158 0 0.36307 0 0 0 0 1 1 0.4 1 0 0 0 0 0 0 1 0.0784923 1 
0.571297 0.571297 1 0.00695869 0.00695869 1 1 1 1 1 1 1 1 0 0 0.275388 0 0.042835 0.4 0.830069 0.0475413 0.36307 0 0 0 0 1 1 0.4 1 0 0 0 0 0 0 1 0.0784923 1 
0.657022 0.657022 1 0.0348731 0.0348731 1 1 1 1 1 1 1 1 0 0 0.472864 0 0.13888 0.4 0.877307 0.157097 0.36307 0 0 0 0 1 1 0.4 1 0 0 0 0 0 0 1 0.0784923 1 
0.735826 0.735826 1 0.0678374 0.0678374 1 1 1 1 1 1 1 1 0 0 0.333847 0 0.123727 0.4 0.944126 0.279052 0.36307 0 0 0 0 1 1 0.4 1 0 0 0 0 0 0 1 0.0784923 1 
0.802424 0.802424 1 0.104229 0.104229 1 1 1 1 1 1 1 1 0.0546714 0 0.118994 0 0 0.4 1 0.363803 0.36307 0 0 0 0 1 1 0.4 1 0 0 0 0 0 0 1 0.0784923 1 
0.851526 0.851526 1 0.142421 0.142421 1 1 1 1 1 1 1 1 0.278276 0 0.0779202 0 0 0.4 1 0.376722 0.36307 0 0 0 0 1 1 0.4 1 0 0 0 0 0 0 1 0.0784923 1 
0.877844 0.877844 1 0.180793 0.180793 1 1 1 1 1 1 1 1 0.418193 0 0.0779202 0 0 0.4 1 0.376722 0.36307 0 0 0 0 1 1 0.4 1 0 0 0 0 0 0 1 0.0784923 1 
0.857251 0.857251 1 0.217716 0.217716 1 1 1 1 1 1 1 1 0.269674 0 0.0779202 0 0 0.4 0.958279 0.376722 0.36307 0 0 0 0 1 1 0.4 1 0 0 0 0 0 0 1 0.0784923 1 
0.784543 0.784543 1 0.251569 0.251569 1 1 1 1 1 1 1 1 0 0 0.0779202 0 0.0668064 0.4 0.680323 0.376722 0.36307 0 0 0 0 1 1 0.4 1 0 0 0 0 0 0 1 0.0784923 1 
0.682823 0.682823 1 0.280727 0.280727 1 1 1 1 1 1 1 1 0 0 0.0779202 0 0.0668064 0.259203 0.308917 0.376722 0.36307 0 0 0 0.422392 1 1 0.470399 1 0 0 0 0 0 0 0.828727 0.0784923 1 
0.57519 0.57519 1 0.303565 0.303565 1 1 1 1 1 1 1 1 0 0 0.0779202 0 0.0668064 0.0415991 0.0414335 0.376722 0.36307 0 0 0 1 0.708618 0.708618 0.5792 1 0 0 0 0 0 0 0.345158 0.0784923 1 
0.48475 0.48475 1 0.318459 0.318459 1 1 1 1 1 1 1 1 0 0 0.154153 0 0.00187123 0.0624984 0 0.376722 0.36307 0 0 0 1 0.212502 0.212502 0.6 1 0 0 0 0 0 0 0.0904344 0.0784923 1 
0.4346 0.4346 1 0.323785 0.323785 1 1 1 1 1 1 1 1 0.0986358 0 0.49592 0 0 0.337502 0.251379 0.376722 0.36307 0 0 0 0.599994 0.0208327 0.0208327 0.6 1 0 0 0 0 0 0 0.840781 0.0784923 1 
0.422075 0.422075 1 0.323785 0.323785 1 1 1 1 1 1 1 1 0.0841107 0 0.552387 0 0 0.4 0.733726 0.376722 0.36307 0 0 0 0 0 0 0.6 1 0 0 0 0 0 0 1 0.0784923 1 
0.426128 0.426128 1 0.323785 0.323785 1 1 1 1 1 1 1 1 0 0 0.344429 0 0.10916 0.4 0.986813 0.376722 0.36307 0 0 0 0 0 0 0.6 1 0 0 0 0 0 0 0.940795 0.0784923 1 
0.442291 0.442291 0.867176 0.323785 0.323785 1 1 1 1 1 1 1 1 0 0 0.204568 0 0.318916 0.4 1 0.376722 0.36307 0 0 0 0 0 0 0.6 1 0 0 0 0 0 0 0.673127 0.0784923 1 
0.466093 0.466093 0.482206 0.323785 0.323785 1 1 1 1 1 1 1 1 0 0 0.204568 0 0.318916 0.4 1 0.501751 0.295794 0 0 0 0 0 0 0.6 1 0 0 0 0 0 0 0.673127 0.269557 1 
0.493067 0.493067 0.169816 0.323785 0.323785 1 1 1 1 1 1 1 1 0 0 0.204568 0 0.318916 0.4 1 0.626785 0.228515 0 0 0 0 0 0 0.6 1 0 0 0 0 0 0 0.673127 0.46063 1 
0.518743 0.518743 0 0.323785 0.323785 1 1 1 1 1 1 1 1 0 0 0.30264 0 0.13514 0.4 1 0.626785 0.228515 0 0 0 0 0 0 0.6 1 0 0 0 0 0 0 0.673127 0.46063 1 
0.538654 0.538654 0 0.32373 0.32373 1 1 1 1 1 1 1 1 0.189846 0 0.582856 0 0 0.4 0.545919 0.626785 0.228515 0 0 0 0 0 0 0.6 1 0 0 0 0 0 0 0.673127 0.46063 1 
0.54833 0.54833 0 0.323581 0.323581 1 1 1 1 1 1 1 1 0.224885 0 0.582856 0 0 0.103704 0.0808766 0.1625 0.0592446 0 0 0 0.592593 0 0 0.6 0.851852 0 0 0 0.888889 0.740741 0 0.236852 0.119423 0.291337 
0.543302 0.543302 0 0.323358 0.323358 1 1 1 1 1 1 1 1 0.220334 0 0.582856 0 0 0 0 0 0 0 0.312516 0.0937548 0.8 0 0 0.6 0.8 0 0 0 1 1 0 0.084156 0 0 
0.525365 0.525365 0 0.323082 0.323082 1 1 1 1 1 1 1 1 0.220334 0 0.582856 0 0 0 0 0 0 0 1 0.506245 0.8 0 0 0.6 0.8 0 0 0 1 1 0 0.084156 0 0 
0.500164 0.500164 0.0403628 0.322775 0.322775 1 1 1 1 1 1 1 1 0.207415 0 0.582856 0 0 0.0424099 0 0 0 0 1 0.566764 0.755686 0 0 0.566764 0.8 0 0 0 1 1 0 0.084156 0 0 
0.469017 0.469017 0.113226 0.322458 0.322458 1 1 1 1 1 1 1 1 0.127586 0 0.582856 0 0 0.301334 0 0 0 0 1 0.363851 0.485135 0 0 0.363851 0.8 0 0 0 1 1 0 0.084156 0 0 
0.433238 0.433238 0.194019 0.32215 0.32215 1 1 1 1 1 1 1 1 0.028046 0 0.582856 0 0 0.613839 0 0 0 0 0.396496 0.118949 0.158598 0 0 0.118949 0.8 0 0 0 1 1 0 0.084156 0 0 
0.394142 0.394142 0.27688 0.321875 0.321875 1 1 1 1 1 1 1 1 0 0 0.582856 0 0.0782768 0.765622 0 0 0 0 0 0 0 0 0 0 0.8 0 0 0 1 1 0 0.084156 0 0 
0.353042 0.353042 0.355954 0.321652 0.321652 1 1 1 1 1 1 1 1 0.000703691 0 0.643595 0 0 0.774535 0 0 0 0 0 0 0 0 0 0 0.8 0 0 0 1 1 0 0 0 0.195338 
0.311257 0.311257 0.425379 0.321503 0.321503 1 1 1 1 1 1 1 1 0.0742027 0 0.732322 0 0 0.791087 0.238945 0 0.207635 0 0.0518502 0.0518502 0.207401 0 0 0.15555 0.8 0 0 0 1 1 0 0.604341 0 0.558096 
0.270098 0.270098 0.4793 0.321448 0.321448 1 1 1 1 1 1 1 1 0.128776 0 0.708812 0 0 0.8 0.921673 0 0.800905 0 0.2 0.2 0.8 0 0 0.6 0.8 0 0 0 1 1 0 1 0 0.753434 
0.230882 0.230882 0.518112 0.337454 0.337454 1 1 1 1 1 1 1 1 0.0676258 0 0.0773629 0 0 0.8 0.921673 0 0.800905 0 0.2 0.2 0.8 0 0 0.6 0.8 0 0 0 1 1 0 1 0 0.753434 
0.194924 0.194924 0.548861 0.379967 0.379967 1 1 1 1 1 1 1 1 0.0676258 0 0.0773629 0 0 0.729601 0.705113 0 0.571477 0 0.844255 0.2 0.8 0 0 0.6 1 0 0 0 1 1 0 1 0 0.753434 
0.163538 0.163538 0.575667 0.440736 0.440736 1 1 1 1 1 1 1 1 0.0676258 0 0.0773629 0 0 0.6208 0.276099 0 0.216894 0 1 0.2 0.8 0 0 0.6 1 0 0 0 1 1 0 1 0 0.753434 
0.138041 0.138041 0.602648 0.511503 0.511503 1 1 1 1 1 1 0.875003 1 0.0805456 0 0.0773629 0 0 0.6 0.0425583 0 0.149109 0 1 0.168751 0.675003 0 0 0.693748 1 0 0 0 1 0.843754 0 0.309484 0 0.635713 
0.119746 0.119746 0.633921 0.584018 0.584018 1 1 1 1 1 1 0.324997 0.518743 0.123732 0 0.0773629 0 0 0.6 0.379216 0 0.149109 0 0.308325 0.0312492 0.124997 0 0 1 1 0 0 0 0.187495 0.156246 0 0 0 0.117721 
0.109968 0.109968 0.673604 0.650022 0.650022 1 1 1 1 1 1 0.283198 0.282131 0.0596676 0 0.0773629 0 0 0.6 0.740525 0.031395 0.149109 0 0.207996 0.0207996 0.0831982 0 0 1 1 0 0 0 0.124797 0.103998 0 0.27429 0 0.0783554 
0.108685 0.108685 0.725818 0.701267 0.701267 1 1 1 1 1 1 0.718405 0.945608 0 0 0.0773629 0 0.315505 0.6 1 0.195621 0.149109 0 1 0.129601 0.518405 0 0 0.811196 1 0 0 0 0.777608 0.648007 0 1 0 0.48823 
0.108685 0.108685 0.794676 0.729493 0.729493 1 1 1 1 1 1 1 1 0 0 0.0773629 0 0.565473 0.6 1 0.301882 0.149109 0 1 0.2 0.8 0 0 0.6 1 0 0 0 1 1 0 1 0 0.753434 
0.108685 0.108685 0.884302 0.72645 0.72645 1 1 1 1 1 1 1 1 0.0366831 0 0.0773629 0 0 0.6 0.548884 0.301882 0.149109 0 1 0.2 0.8 0 0 0.6 1 0 0 0 1 1 0 1 0 0.753434 
0.108685 0.108685 1 0.653195 0.653195 1 1 1 1 1 1 1 1 0.30114 0 0.0773629 0 0 0.6 0.658485 0.301882 0.149109 0 1 0.2 0.8 0 0 0.6 1 0 0 0 1 1 0 1 0 0.753434 
0.108685 0.108685 1 0.504459 0.504459 1 1 1 1 1 1 1 1 0.549982 0 0.0773629 0 0 0.6 1 0.301882 0.149109 0 1 0.2 0.8 0 0 0.6 1 0 0 0 1 1 0 1 0 0.753434 
0.108685 0.108685 1 0.322513 0.322513 1 1 1 1 1 1 1 1 0.381536 0 0.0773629 0 0 0.6 0.839304 0.301882 0.149109 0 1 0.2 0.8 0 0 0.6 1 0 0 0 0.700021 1 0 0.991056 0 0.753434 
0.108685 0.108685 1 0.149608 0.149608 1 1 1 1 1 1 1 1 0.175743 0 0.0773629 0 0 0.6 0.190746 0.301882 0.149109 0 1 0.1792 0.758401 0 0 0.6 1 0 0 0 0.2 1 0 0.0301063 0 0.753434 
0.108685 0.108685 1 0.0280185 0.0280185 1 1 1 1 1 1 1 1 0.175743 0 0.0773629 0 0 0.6 0 0.301882 0.149109 0 1 0.070402 0.540804 0 0 0.6 1 0 0 0 0.2 1 0 0 0 0.753434 
0.108685 0.108685 1 0 0 1 1 1 1 1 1 1 1 0.175743 0 0.0773629 0 0 0.6 0 0.301882 0.149109 0 1 0 0.4 0 0 0.6 1 0 0 0 0.2 1 0 0 0 0.753434 
0.254979 0.254979 1 0.0959911 0.0959911 1 1 1 1 1 1 1 1 0.163362 0 0.0773629 0 0 0.346149 0.897898 0.301882 0.149109 0 0.999979 0 0.4 0 0 0.6 1 0 0 0 0.2 1 0 0.567091 0 0.950489 
0.912592 0.912592 1 0.288226 0.288226 1 1 1 1 1 1 1 1 0.117193 0 0.0773629 0 0 0.2 1 0.301882 0.149109 0 0 0 0.4 0 0 0.6 1 0 0 0 0.2 1 0 1 0 1 
0.899922 0.899922 1 0.53169 0.53169 1 1 1 1 1 1 1 1 0.00540709 0 0.0773629 0 0 0.561783 1 0.33369 0.149109 0 0 0 0.349518 0 0 0.6 0.783789 0 0 0 0.174759 0.873796 0 1 0 1 
0.326056 0.326056 1 0.781348 0.781348 1 1 1 1 1 1 1 1 0 0 0.0773629 0 0.408613 1 1 0.406984 0.149109 0 0 0 0.233196 0 0 0.6 0.553529 0 0 0 0.116598 0.582989 0 1 0 0.979955 
0.32621 0.32621 1 0.99219 0.99219 1 1 1 1 1 1 1 1 0 0 0.0773629 0 0.757637 1 1 0.488577 0.149109 0 0 0 0.103701 0 0 0.6 0.382904 0 0 0 0.0518507 0.259254 0 1 0 0.850887 
0.326595 0.326595 1 1 1 1 1 1 1 1 1 1 1 0 0 0.0773629 0 0.841631 1 1 0.545275 0.149109 0 0 0 0.0137171 0 0 0.6 0.345616 0 0 0 0.00685854 0.0342927 0 1 0 0.761277 
0.327096 0.327096 1 1 1 1 1 1 1 1 1 1 1 0 0 0.0773629 0 0.373796 1 0.746973 0.553918 0.149109 0 0 0 0 0 0 0.670904 0.864578 0 0 0 0.0137577 0.221179 0 0.969601 0 0.747622 
0.327598 0.327598 1 0.589689 0.589689 1 1 1 1 1 1 1 1 0.363439 0 0.0773629 0 0 1 0 0.553918 0.149109 0 0 0 0 0 0 0.8 1 0 0 0 0.2 1 0 0.279133 0 0.747622 
0.327983 0.327983 1 0.103774 0.103774 1 1 1 1 1 1 0.799983 0.799983 0.911276 0 0.0773629 0 0 0.391388 0.30979 0.276953 0.0701646 0 0 0 0 0 0 0.357135 1 0 0 0 0.760723 1 0 0.0531277 0.42122 0.795023 
0.328137 0.328137 1 0 0 1 1 1 1 1 1 0 0 1 0 0.0773629 0 0 0 0.801799 0 0 0 0 0 0 0 0 0 0 0 0 0 1 1 0 0 0.842422 0.842422 
0.335243 0.335243 1 0 0 1 1 1 1 1 1 0 0 0.488396 0 0.0773629 0 0 0 0.955803 0 0.11405 0 0 0 0.400009 0 0 0 0.437512 0 0 0 0.924993 0.874994 0 0 0.842422 0.842422 
0.3533 0.3533 1 0 0 1 1 1 1 1 1 0 0 0 0 0.0773629 0 0.560051 0 1 0 0.219319 0 0 0 0.8 0 0 0 1 0 0 0 0.6 0.6 0 0 0.842422 0.842422 
0.377418 0.377418 1 0.0310101 0.0310101 1 1 1 1 1 1 0 0 0 0 0.0773629 0 0.560051 0 1 0 0.219319 0 0 0 0.8 0 0 0 1 0 0 0 0.6 0.6 0 0 0.842422 0.842422 
0.402702 0.402702 1 0.095807 0.095807 1 1 1 1 1 1 0 0 0 0 0.0773629 0 0.560051 0 1 0 0.219319 0 0 0 0.8 0 0 0 1 0 0 0 0.6 0.6 0 0 0.842422 0.842422 
0.424264 0.424264 1 0.170356 0.170356 1 1 1 1 1 1 0 0 0 0 0.0773629 0 0.487111 0 1 0 0.219319 0 0 0 0.8 0 0 0 1 0 0 0 0.6 0.6 0 0 0.842422 0.842422 
0.437211 0.437211 1 0.246411 0.246411 1 1 1 1 1 1 0 0 0 0 0.0773629 0 0.130553 0 0.688701 0 0.219319 0 0 0 0.8 0 0 0 1 0 0 0 0.6 0.6 0 0 0.842422 0.842422 
0.432647 0.432647 1 0.315729 0.315729 1 1 1 1 1 1 0 0 0 0 0.0773629 0 0.0220147 1 0.219689 0 0.219319 0 0 0 0.8 0 0 0 1 0 0 0 0.6 0.6 0 0 0.842422 0.842422 
0.392186 0.392186 1 0.370071 0.370071 1 1 1 1 1 1 0 0 0 0 0.0773629 0 0.0853196 0.6 0.366318 0.199084 0.219319 0 0 0 0.8 0 0 0 1 0 0 0 0.491662 0.491662 0 0 0.842422 0.842422 
0.333848 0.333848 1 0.40119 0.40119 1 1 1 1 1 1 0 0 0 0 0.0773629 0 0.0234779 0.506252 0.853424 0.335941 0.185051 0 0 0 0.706252 0 0 0.156246 1 0 0 0 0.439674 0.454463 0 0 0.842422 0.842422 
0.28082 0.28082 1 0.405466 0.405466 1 1 1 1 1 1 0 0 0.0904129 0 0.0773629 0 0 0.0937476 0.483645 0.0622094 0.0342677 0 0 0 0.293748 0 0 0.843754 1 0 0 0 0.619027 0.663395 0 0 0.842422 0.842422 
0.256297 0.256297 1 0.405466 0.405466 1 1 1 1 1 1 0 0.15555 0.112901 0 0.0773629 0 0 0 0 0 0 0 0 0 0.2 0 0 1 1 0 0 0 1 1 0 0 0.842422 0.842422 
0.28347 0.28347 1 0.405466 0.405466 1 1 1 1 1 1 0 0.6 0.112901 0 0.0773629 0 0 0 0 0 0 0 0 0 0.2 0 0 1 1 0 0 0 1 1 0 0 0.842422 0.842422 
0.564305 0.564305 1 0.405466 0.405466 1 1 1 1 1 1 0 0.6 0 0 0.122479 0 0.135506 0 1 0 0 0 0 0 0.299998 0 0 0.700006 1 0 0 0 1 1 0 0 0.842422 0.799958 
1 1 0.892796 0.405466 0.405466 1 1 1 1 1 1 0 0.6 0 0 0.339657 0 0.581508 0 1 0 0 0 0 0 0.4 0 0 0.4 1 0 0 0 1 1 0 0 0.842422 0.760729 
0.796239 0.796239 0.684801 0.405466 0.405466 1 1 1 1 1 1 0 0.6 0 0 0.916281 0 0.581508 0 1 0 0.240066 0 0 0 0.4 0 0 0.4 1 0 0 0 1 1 0 0 0.842422 0.760185 
0.470703 0.470703 0.484151 0.405466 0.405466 1 1 1 1 1 1 0 0.6 0 0 1 0 0.581508 0 1 0 0.614859 0 0 0 0.4 0 0 0.4 1 0 0 0 1 1 0 0 0.842422 0.804703 
0.987658 0.987658 0.303082 0.405466 0.405466 1 1 1 1 1 1 0 0.6 0 0 1 0 0.321646 0 1 0 0.661651 0 0 0 0.4 0 0 0.4 1 0 0 0 1 1 0 0 0.680983 1 
1 1 0.153811 0.405466 0.405466 1 1 1 1 1 1 0 0.6 0.37474 0 1 0 0 0 1 0 0.455887 0 0 0 0.4 0 0 0.4 1 0 0 0 1 1 0 0 0.219708 1 
0.955569 0.955569 0.0485708 0.405466 0.405466 1 1 1 1 1 1 0 0.6 0.541905 0 0.814305 0 0 0 0.55658 0 0.201941 0 0 0 0.300002 0 0 0.599996 1 0 0 0 1 1 0 0 0.219708 1 
0.445934 0.445934 0 0.405466 0.405466 1 1 1 1 1 1 0 0.6 0 0 0 0 0 0 0 0 0.0777446 0 0 0 0.2 0 0 0.8 1 0 0 0 1 1 0 0 0.219708 1 
0.873821 0.873821 0.0174621 0.405466 0.405466 1 1 1 1 1 1 0 0.506243 0.0129148 0.235263 0 0 0 0 0.100987 0 0.244145 0 0 0 0.16339 0 0 0.8 1 0 0 0 1 1 0 0.0377979 0.219708 1 
1 1 0.0967165 0.405466 0.405466 1 1 1 1 1 1 0 0.0937476 0.0829724 0.222301 0 0 0 0 0.545288 0 0.976243 0 0 0 0.0151779 0 0 0.8 1 0 0 0 1 0.218744 0 0.204094 0.219708 1 
0.58555 0.58555 0.227306 0.405466 0.405466 1 1 1 1 1 1 0 0 0.144959 0.313122 0 0 0 0 0.646264 0 1 0 0 0 0.116409 0 0 0.8 1 0 0 0 1 0 0 0.241888 0.219708 1 
0.335714 0.335714 0.399891 0.405466 0.405466 1 1 1 1 1 1 0 0 0.205919 0.48371 0 0 0 0 0.646264 0 1 0 0 0 0.4 0 0 0.8 1 0 0 0 1 0 0 0.241888 0.219708 1 
0.335714 0.335714 0.605148 0.405466 0.405466 1 1 1 1 1 1 0 0 0.33123 0.505487 0 0 0 0 0.646264 0 1 0 0 0 0.4 0 0 0.8 1 0 0 0 1 0 0 0.241888 0.219708 1 
0.589845 0.589845 0.833731 0.405466 0.405466 1 1 1 1 1 1 0 0 0.439796 0.48855 0 0 0 0 0.646264 0 0.70112 0 0 0 0.4 0 0 0.8 1 0 0 0 1 0 0 0.241888 0.219708 1 
1 1 1 0.405466 0.405466 1 1 1 1 1 1 0 0 0.396792 0.48371 0 0 0 0 0.631192 0 0.380342 0 0 0 0.390671 0 0 0.781343 1 0 0 0 1 0 0 0.253184 0.214584 1 
0.606503 0.606503 1 0.405466 0.405466 1 1 1 1 1 1 0 0 0.270919 0.48371 0 0 0 0 0.526585 0 0.166912 0 0 0 0.325926 0 0 0.651852 1 0 0 0 1 0 0 0.331585 0.179021 1 
0.37983 0.37983 1 0.405466 0.405466 1 1 1 1 1 1 0 0 0.106645 0.48371 0 0 0 0 0.358147 0 0.0491865 0 0 0 0.221672 0 0 0.443345 1 0 0 0 0.775854 0 0 0.457828 0.121758 0.923071 
0.714047 0.714047 1 0.405466 0.405466 1 1 1 1 1 1 0 0 0 0.48371 0 0 0.193664 0 0.168438 0 0.00195598 0 0 0 0.104254 0 0 0.208507 1 0 0 0 0.364887 0 0 0.600013 0.0572633 0.570268 
1 1 1 0.405466 0.405466 1 1 1 1 1 1 0 0 0 0.48371 0 0 0.645418 0 0 0 0 0 0 0 0 0 0 0 1 0 0 0 0 0 0 0.726256 0 0.257022 
