0 0 0 0 0 0 0 0 0 0 0 0.4 0.4 0.0632367 0 0 0 0 0.5 0 0 0 0 0 0 0 0 0 0 0.7 0 0.2 0.2 0 0 0 0.588869 0 0 
0.296875 0.296875 0.003325 0.003325 0.003325 0.0623438 0.0623438 0 0 0 0 0.397596 0.397596 0.0585525 0 0 0 0 0.462963 0.0163977 0 0 0 0 0.00235776 0 0 0 0 0.681553 0 0.207766 0.207766 0.00776595 0.00776595 0 0.588815 0 0 
0.625 0.625 0.0116375 0.0116375 0.0116375 0.13125 0.13125 0 0 0 0 0.390684 0.390684 0.046842 0 0 0 0 0.37037 0.0573919 0 0 0 0 0.00892126 0 0 0 0 0.633191 0 0.227295 0.227295 0.0272955 0.0272955 0 0.588251 0 0 
0.890625 0.890625 0.0224438 0.0224438 0.0224438 0.187031 0.187031 0 0 0 0 0.379714 0.379714 0.0316183 0 0 0 0 0.25 0.110684 0 0 0 0 0.0189258 0 0 0 0 0.565385 0 0.252936 0.252936 0.0529361 0.0529361 0 0.586582 0 0 
1 1 0.03325 0.03325 0.03325 0.21 0.21 0 0 0 0 0.365139 0.365139 0.0163947 0 0 0 0 0.12963 0.163977 0 0 0 0 0.0316067 0 0 0 0 0.488604 0 0.279035 0.279035 0.0790354 0.0790354 0 0.583209 0 0 
1 1 0.0415626 0.0415626 0.0415626 0.211951 0.211951 0 0 0 0 0.347408 0.347408 0.0046842 0 0 0 0 0.037037 0.204971 0 0 0 0 0.0461994 0 0 0 0 0.413319 0 0.299941 0.299941 0.0999408 0.0999408 0 0.577535 0 0 
0.927017 0.927017 0.0448876 0.0448876 0.0448876 0.196251 0.196251 0 0 0 0 0.326972 0.326972 0 0 0 0 0 0 0.221369 0 0 0 0 0.061939 0 0 0 0 0.35 0 0.31 0.31 0.11 0.11 0 0.56896 0 0 
0.741613 0.741613 0.043531 0.043531 0.043531 0.157001 0.157001 0 0 0 0 0.304282 0.304282 0.0467227 0 0 0 0 0 0.18678 0 0 0 0.00775511 0.078061 0 0 0 0.0161218 0.291052 0 0.312061 0.312061 0.111723 0.111723 0 0.555163 0 0 
0.500589 0.500589 0.0399481 0.0399481 0.0399481 0.105975 0.105975 0 0 0 0 0.27979 0.27979 0.149513 0 0 0 0 0 0.110684 0 0 0 0.0277551 0.0938006 0 0 0 0.0576989 0.225667 0 0.312785 0.312785 0.111548 0.111548 0 0.533092 0 0 
0.259565 0.259565 0.034869 0.034869 0.034869 0.0549502 0.0549502 0 0 0 0 0.253944 0.253944 0.252302 0 0 0 0 0 0.0345889 0 0 0 0.055102 0.108393 0 0 0 0.114549 0.159498 0 0.312242 0.312242 0.109712 0.109712 0 0.501062 0 0 
0.0741613 0.0741613 0.0290241 0.0290241 0.0290241 0.0157001 0.0157001 0 0 0 0 0.227198 0.227198 0.299025 0 0 0 0 0 0 0 0 0 0.084898 0.121074 0 0 0 0.176491 0.0981947 0 0.3105 0.3105 0.106453 0.106453 0 0.457384 0 0 
0 0 0.0231435 0.0231435 0.0231435 0 0 0 0 0 0 0.2 0.2 0.227579 0 0 0 0 0 0 0 0 0 0.112245 0.131079 0 0 0 0.233341 0.0474097 0 0.307629 0.307629 0.102008 0.102008 0 0.385761 0 0 
0 0 0.0179574 0.0179574 0.0179574 0 0 0 0 0 0 0.172802 0.172802 0.123542 0 0 0 0 0 0 0 0 0 0.132245 0.137642 0 0 0 0.274918 0.0127943 0 0.303698 0.303698 0.0966154 0.0966154 0 0.294431 0 0 
0 0 0.0141962 0.0141962 0.0141962 0 0 0 0 0 0 0.146056 0.146056 0.103485 0 0 0 0 0 0 0 0 0 0.14 0.14 0 0 0 0.29104 0 0 0.298776 0.298776 0.0905123 0.0905123 0 0.218516 0 0 
0 0 0.0114927 0.0114927 0.0114927 0 0 0 0 0 0 0.12021 0.12021 0.117965 0 0 0 0 0 0 0 0 0 0.103704 0.103704 0 0 0 0.285361 0 0 0.292931 0.292931 0.0839365 0.0839365 0 0.231382 0 0 
0 0 0.00901034 0.00901034 0.00901034 0 0 0 0 0 0 0.0957175 0.0957175 0.154165 0 0 0 0 0 0 0 0 0 0.0362962 0.0362962 0 0 0 0.264418 0 0 0.286232 0.286232 0.0771257 0.0771257 0 0.272607 0 0 
0 0 0.00677506 0.00677506 0.00677506 0 0 0 0 0 0 0.0730278 0.0730278 0.201226 0 0 0 0 0 0 0 0 0 0 0 0 0 0 0.136343 0 0 0.27875 0.27875 0.0703176 0.0703176 0 0.316177 0 0 
0 0 0.00481269 0.00481269 0.00481269 0 0 0 0 0 0 0.052592 0.052592 0.248286 0 0 0 0 0 0 0 0 0 0.0103704 0.0103704 0 0 0 0.0298436 0 0 0.270551 0.270551 0.0637497 0.0637497 0 0.343105 0 0 
0 0 0.0031491 0.0031491 0.0031491 0 0 0 0 0 0 0.034861 0.034861 0.284486 0 0 0 0 0 0 0 0 0 0.0362963 0.0362963 0 0 0 0.0740284 0 0 0.261707 0.261707 0.0576596 0.0576596 0 0.338437 0 0 
0 0 0.00181017 0.00181017 0.00181017 0 0 0 0 0 0 0.0202855 0.0202855 0.298966 0 0 0 0 0 0 0 0 0 0.07 0.07 0 0 0 0.160906 0 0 0.252285 0.252285 0.0522852 0.0522852 0 0.319376 0 0 
0 0 0.000821768 0.000821768 0.000821768 0 0 0 0 0 0 0.0093163 0.0093163 0.219131 0 0 0 0 0 0 0 0 0 0.103704 0.103704 0 0 0 0.259832 0 0 0.232101 0.232101 0.0465088 0.0465088 0 0.277279 0 0 
0 0 0.000209753 0.000209753 0.000209753 0 0 0 0 0 0 0.0024042 0.0024042 0.11973 0 0 0 0 0 0 0 0 0 0.12963 0.12963 0 0 0 0.340167 0 0 0.196757 0.196757 0.0392941 0.0392941 0 0.228135 0 0 
0 0 0 0 0 0 0 0 0 0 0 0 0 0.103485 0 0 0 0 0 0 0 0 0 0.14 0.14 0 0 0 0.382682 0 0 0.155 0.155 0.031 0.031 0 0.204517 0 0 
0 0 0 0 0 0 0 0.0417157 0.0368216 0.0348153 0.0348153 0 0 0.144355 0 0 0 0 0 0.0163946 0 0 0 0.103704 0.103704 0.000769896 0 0 0.394785 0 0 0.096127 0.096127 0.01909 0.01909 0 0.238494 0 0 
0 0 0 0 0 0 0 0.145392 0.126389 0.121032 0.121032 0 0 0.231209 0 0 0 0 0 0.0468416 0 0 0 0.0362963 0.0362963 0.00294569 0 0 0.197393 0 0 0.0308413 0.0308413 0.00610056 0.00610056 0 0.328711 0 0 
0 0 0 0 0 0 0 0.278822 0.237359 0.231306 0.231306 0 0 0.31041 0 0 0 0 0 0.0632362 0 0 0 0 0 0.00632653 0 0 0 0 0 0 0 0 0 0 0.414137 0 0 
0 0 0 0 0 0 0 0.4098 0.338383 0.338294 0.338294 0 0 0.33347 0 0 0 0 0 0.0614656 0 0 0 0.0017764 0 0.0107116 0 0 0.00202925 0 0 0 0 0 0 0 0.477126 0 0 
0 0 0 0 0 0 0 0.50612 0.398118 0.414652 0.414652 0.0904727 0.0904727 0.35733 0 0 0 0 0 0.0566597 0 0 0 0.00672154 0 0.0159 0 0 0.00780868 0.0792137 0 0 0 0 0 0 0.537327 0 0 
0 0 0 0 0 0 0 0.558551 0.422439 0.457682 0.457682 0.258493 0.258493 0.380542 0 0 0 0 0 0.0495772 0 0 0 0.0142593 0 0.021691 0 0 0.0168758 0.238427 0 0 0 0 0 0 0.582455 0 0 
0 0 0.0581975 0 0 0 0 0.586695 0.439462 0.48659 0.48659 0.348966 0.348966 0.390974 0 0 0 0 0 0.0409771 0 0 0 0.0238134 0 0.0278836 0 0 0.0287681 0.36 0 0 0 0 0 0 0.600227 0 0 
0 0 0.202104 0 0 0 0 0.601597 0.451203 0.506887 0.506887 0.347178 0.347178 0.362334 0 0 0 0 0.03016 0.0316181 0 0 0 0.0348079 0.00344272 0.0342771 0 0 0.043023 0.416089 0 0 0 0 0 0 0.586376 0 0 
0 0 0.385692 0 0 0 0 0.614298 0.459677 0.524082 0.524082 0.342404 0.342404 0.290732 0 0 0 0 0.10208 0.0222591 0 0 0 0.0466667 0.0126693 0.0406706 0 0 0.0591782 0.457953 0 0 0 0 0 0 0.550042 0 0 
0.000373082 0.000373109 0.562932 0 0 0.000277696 0.000277596 0.628596 0.466475 0.543687 0.543687 0.335525 0.335525 0.197649 0 0 0 0 0.18792 0.013659 0 0 0 0.0588134 0.026027 0.0468632 0 0 0.0767709 0.486603 0 0 0 0 0 0 0.499055 0 0 
0.00714187 0.00714187 0.687796 0 0 0.0121481 0.0121481 0.641128 0.472005 0.571212 0.571212 0.327422 0.327422 0.104567 0 0 0 0 0.25984 0.00657658 0 0 0 0.0706721 0.0418636 0.0526541 0 0 0.0953389 0.503051 0 0 0 0 0 0 0.441245 0 0 
0.0215819 0.0215818 0.766315 0 3.76574e-05 0.0385477 0.0385482 0.652195 0.476513 0.607793 0.607793 0.318977 0.318977 0.032965 0 0 0 0 0.29 0.00177062 0 0 0 0.0816666 0.0585264 0.0578426 0 0 0.114419 0.508309 0 0 0 0 0 0 0.38444 0 0 
0.0384102 0.0384099 0.834725 0 0.000149514 0.0695647 0.0695659 0.662101 0.480243 0.64925 0.64925 0.311071 0.311071 0.00432408 0 0 0 0 0.273326 0 0 0 0 0.0912209 0.0743629 0.0622276 0 0 0.13355 0.4782 0 0 0 0 0 0 0.336472 0 0 
0.0562629 0.0562624 0.892308 0 0.000333894 0.102483 0.102485 0.671147 0.483439 0.693115 0.693115 0.304586 0.304586 0.00561515 0 0 0 0 0.230812 0 0 0 0 0.0987586 0.0877207 0.0656085 0 0 0.152269 0.401684 0 0 0 0 0 0 0.291128 0 0 
0.0737764 0.0737757 0.938345 0 0.000589123 0.134586 0.134589 0.679637 0.486347 0.736925 0.736925 0.300405 0.300405 0.0096645 0 0 0 0 0.173716 0 0 0 0 0.103704 0.0969472 0.0677842 0 0 0.170112 0.299478 0 0 0 0 0 0 0.249809 0 0 
0.0895871 0.0895863 0.972119 0 0.000913527 0.163159 0.163162 0.687874 0.489211 0.778212 0.778212 0.299407 0.299407 0.0167364 0 0 0 0 0.113299 0 0 0 0 0.10548 0.10039 0.0685541 0 0 0.186619 0.1923 0 0 0 0 0 0 0.231759 0 0 
0.102331 0.10233 0.99291 0 0.00130543 0.185484 0.185487 0.696158 0.492275 0.814512 0.814512 0.309455 0.309455 0.0270952 0 0 0 0 0.0608198 0 0 0 0 0.10548 0.10039 0.0685541 0 0 0.207941 0.100867 0 0 0 0 0 0 0.231759 0 0 
0.112159 0.112158 1 0 0.00176316 0.201695 0.201699 0.704795 0.495784 0.849019 0.849019 0.330406 0.330406 0.041005 0 0 0 0 0.027539 0 0 0 0 0.10548 0.10039 0.0685541 0 0 0.23446 0.0458959 0 0 0 0 0 0 0.231759 0 0 
0.120332 0.120331 1 0 0.00228505 0.214261 0.214265 0.71408 0.499817 0.884942 0.884942 0.351135 0.351135 0.0587301 0 0 0 0 0.0120262 0 0 0 0 0.10548 0.10039 0.0685541 0 0 0.257059 0.0219427 0 0 0 0 0 0 0.231759 0 0 
0.127153 0.127152 1 0 0.0028694 0.223971 0.223975 0.723723 0.504119 0.919828 0.919828 0.360517 0.360517 0.0805348 0 0 0 0 0.00380524 0 0 0 0 0.10548 0.10039 0.0685541 0 0 0.266619 0.00803069 0 0 0 0 0 0 0.231759 0 0 
0.132925 0.132923 1 0 0.00351457 0.231612 0.231616 0.733141 0.508432 0.951227 0.951227 0.345986 0.345986 0.123941 0 0 0 0 0.000566365 0.0316004 0 0 0 0.150793 0.10039 0.0685541 0.0224841 0.0224841 0.266619 0.00157725 0 0 0 0 0 0 0.231759 0 0 
0.13795 0.137949 1 0 0.00421886 0.237971 0.237975 0.741751 0.512503 0.97669 0.97669 0.314267 0.314267 0.18794 0 0 0 0 0 0.10712 0 0 0 0.25048 0.175575 0.0507809 0.0768124 0.0768124 0.266619 0 0 0 0 0 0 0 0.280893 0 0 
0.142532 0.142532 1 0 0.0049806 0.243838 0.243841 0.748969 0.516074 0.993764 0.993764 0.283173 0.283173 0.244998 0 0 0 0 0 0.197639 0 0 0 0.350167 0.315204 0.0177734 0.143299 0.143299 0.266619 0 0 0 0 0 0 0 0.383334 0 0 
0.146975 0.146975 1 0 0.00579812 0.25 0.25 0.754212 0.518889 1 1 0.270517 0.270517 0.267583 0 0 0 0 0 0.274236 0 0 0 0.39548 0.39039 0 0.20226 0.20226 0.266619 0 0 0 0 0 0 0 0.471636 0 0 
0.150774 0.150776 1 0 0.00666975 0.255516 0.255512 0.756899 0.520694 1 1 0.287524 0.287524 0.231803 0 0 0 0 0 0.340128 0 0 0 0.39548 0.39039 0 0.24983 0.24983 0.266619 0 0 0 0 0 0 0 0.531459 0 0 
0.153495 0.153498 1 0 0.0075938 0.259372 0.259364 0.757981 0.521906 1 1 0.322536 0.322536 0.157858 0 0 0 0 0 0.407096 0 0 0 0.39548 0.39039 0 0.296046 0.296046 0.266619 0 0 0 0 0 0 0 0.586697 0 0 
0.155538 0.155542 1 0 0.00856861 0.262247 0.262233 0.758841 0.52312 1 1 0.359039 0.359039 0.0843547 0 0 0 0 0 0.459065 0 0 0 0.39548 0.39039 0 0.342074 0.342074 0.266619 0 0 0 0 0 0 0 0.627247 0 0 
0.157304 0.15731 1 0 0.00959251 0.264818 0.264798 0.759536 0.524342 1 1 0.380517 0.380517 0.0498963 0 0 0 0 0 0.47996 0 0 0 0.39548 0.39039 0 0.38908 0.38908 0.266619 0 0 0 0 0 0 0 0.643008 0 0 
0.159195 0.159202 1 0 0.0106638 0.267764 0.267737 0.760125 0.525578 1 1 0.38612 0.38612 0.045579 0 0 0 0 0 0.478669 0 0 0 0.39548 0.39039 0 0.438886 0.438886 0.266619 0 0 0 0 0 0 0 0.641717 0 0 
0.161611 0.161621 1 0 0.0117808 0.271763 0.271728 0.760663 0.526834 1 1 0.386965 0.386965 0.0444334 0 0 0 0 0 0.475209 0 0 0 0.39548 0.39039 0 0.490804 0.490804 0.266619 0 0 0 0 0 0 0 0.638257 0 0 
0.164954 0.164966 1 0 0.0129419 0.277492 0.277449 0.761211 0.528115 1 1 0.384491 0.384491 0.0534251 0 0 0 0 0 0.4702 0 0 0 0.39548 0.39039 0 0.542231 0.542231 0.266619 0 0 0 0 0 0 0 0.633248 0 0 
0.168972 0.168986 1 0 0.0141454 0.284458 0.284407 0.761825 0.529429 1 1 0.380136 0.380136 0.0655313 0 0 0 0 0 0.464261 0 0 0 0.39548 0.39039 0 0.590564 0.590564 0.266619 0 0 0 0 0 0 0 0.627309 0 0 
0.173136 0.173153 1 0 0.0153896 0.291694 0.291635 0.762563 0.53078 1 1 0.37534 0.37534 0.0712773 0 0 0 0 0 0.458012 0 0 0 0.39548 0.39039 0 0.633201 0.633201 0.266619 0 0 0 0 0 0 0 0.62106 0 0 
0.177432 0.17745 1 0 0.0166728 0.299174 0.299107 0.763483 0.532175 1 1 0.371541 0.371541 0.0661019 0 0 0 0 0 0.452073 0 0 0 0.39548 0.39039 0 0.669859 0.669859 0.266619 0 0 0 0 0 0 0 0.615121 0 0 
0.181843 0.181863 1 0 0.0179934 0.306871 0.306796 0.764643 0.53362 1 1 0.370178 0.370178 0.055486 0 0 0 0 0 0.447064 0 0 0 0.39548 0.39039 0 0.700883 0.700883 0.266619 0 0 0 0 0 0 0 0.610112 0 0 
0.186355 0.186378 1 0 0.0193496 0.314759 0.314675 0.7661 0.535121 1 1 0.372691 0.372691 0.0450182 0 0 0 0 0 0.443604 0 0 0 0.39548 0.39039 0 0.724606 0.724606 0.266619 0 0 0 0 0 0 0 0.606652 0 0 
0.190954 0.190979 1 0 0.0207399 0.322809 0.322718 0.767914 0.536684 1 1 0.380517 0.380517 0.040287 0 0 0 0 0 0.442313 0 0 0 0.39548 0.39039 0 0.739364 0.739364 0.266619 0 0 0 0 0 0 0 0.605361 0 0 
0.195624 0.195651 1 0 0.0221625 0.330996 0.330897 0.77014 0.538314 1 1 0.441389 0.441389 0.0452154 0.0098863 0 0 0 0 0.443337 0 0 0 0.397012 0.38293 0 0.7484 0.7484 0.266619 0 0 0 0 0 0 0 0.613802 0 0 
0.20035 0.200379 1 0 0.0236157 0.339292 0.339185 0.772837 0.540018 1 1 0.50111 0.50111 0.0598739 0.0386986 0 0 0 0 0.44599 0 0 0 0.401449 0.363691 0 0.756173 0.756173 0.266619 0 0 0 0 0 0 0 0.635828 0 0 
0.205117 0.205148 1 0 0.025098 0.34767 0.347556 0.776064 0.541802 1 1 0.506893 0.506893 0.109392 0.0851672 0 0 0 0 0.449637 0 0 0 0.408557 0.337384 0 0.762841 0.762841 0.266619 0 0 0 0 0 0 0 0.666496 0 0 
0.209911 0.209944 1 0 0.0266076 0.356104 0.355982 0.779877 0.543672 1 1 0.507725 0.507725 0.185159 0.157084 0 0 0 0 0.453646 0 0 0 0.418098 0.308722 0 0.768559 0.768559 0.266619 0 0 0 0 0 0 0 0.700861 0 0 
0.214716 0.214751 1 0 0.0281428 0.364567 0.364437 0.787708 0.549675 1 1 0.504805 0.504805 0.236377 0.249221 0 0 0 0 0.457383 0 0 0 0.429838 0.282415 0 0.773487 0.773487 0.266619 0 0 0 0 0 0 0 0.733976 0 0 
0.219517 0.219555 1 0 0.0297019 0.373031 0.372893 0.801944 0.562778 1 1 0.499336 0.499336 0.252006 0.340782 0 0 0 0 0.460216 0 0 0 0.44354 0.263176 0 0.77778 0.77778 0.266619 0 0 0 0 0 0 0 0.760899 0 0 
0.2243 0.22434 1 0 0.0312834 0.381471 0.381324 0.821078 0.581364 1 1 0.492517 0.492517 0.25663 0.41097 0 0 0 0 0.461511 0 0 0 0.458968 0.255716 0 0.781596 0.781596 0.266619 0 0 0 0 0 0 0 0.776684 0 0 
0.22905 0.229092 1 0 0.0328854 0.389858 0.389703 0.843603 0.603817 1 1 0.485552 0.485552 0.236869 0.438987 0 0 0 0.0113855 0.460551 0 0 0 0.475886 0.27924 0 0.785092 0.785092 0.266619 0.0113855 0 0 0 0 0 0 0.783686 0 0 
0.233751 0.233795 1 0 0.0345064 0.398166 0.398003 0.868014 0.62852 1 1 0.47964 0.47964 0.193291 0.426635 0 0 0 0.0383104 0.457635 0 0 0 0.494059 0.339908 0 0.788426 0.788426 0.266619 0.0383104 0 0 0 0 0 0 0.788251 0 0 
0.238388 0.238435 1 0 0.0361447 0.406369 0.406197 0.892803 0.653857 1 1 0.475983 0.475983 0.149454 0.395101 0 0 0 0.069927 0.453658 0 0 0 0.51325 0.422861 0 0.791755 0.791755 0.266619 0.069927 0 0 0 0 0 0 0.791424 0 0 
0.242948 0.242997 1 0 0.0377986 0.414439 0.414259 0.916464 0.678212 1 1 0.475782 0.475782 0.105013 0.352671 0 0 0 0.0953877 0.449516 0 0 0 0.533223 0.513244 0 0.795236 0.795236 0.266619 0.0953877 0 0 0 0 0 0 0.79425 0 0 
0.247414 0.247465 1 0 0.0394663 0.422349 0.42216 0.937489 0.699969 1 1 0.487056 0.487056 0.0603119 0.307629 0 0 0 0.108686 0.446103 0 0 0 0.553743 0.596198 0 0.799027 0.799027 0.266619 0.108686 0 0 0 0 0 0 0.797774 0 0 
0.251771 0.251825 1 0 0.0411464 0.430072 0.429874 0.954373 0.71751 1 1 0.507813 0.507813 0.0399463 0.268262 0 0 0 0.112601 0.443496 0 0 0 0.621712 0.656866 0 0.803284 0.803284 0.266619 0.112601 0 0 0 0 0 0 0.803039 0 0 
0.256006 0.256062 1 0 0.0428369 0.437583 0.437375 0.965608 0.72922 1 1 0.524244 0.524244 0.0462854 0.230881 0 0 0 0.10426 0.442264 0 0 0 0.68548 0.68039 0 0.808164 0.808164 0.266619 0.10426 0 0 0 0 0 0 0.811091 0 0 
0.260102 0.260161 1 0 0.0445364 0.444852 0.444635 0.969688 0.733483 1 1 0.534195 0.534195 0.0676628 0.188357 0 0 0 0.0834083 0.442264 0 0 0 0.697563 0.673714 0 0.813624 0.813624 0.267952 0.0834083 0 0 0 0 0 0 0.823223 0 0 
0.264045 0.264107 1 0 0.0462431 0.451855 0.451628 0.969396 0.733193 1 1 0.544455 0.544455 0.0789726 0.14381 0 0 0 0.0563007 0.442264 0 0 0 0.70922 0.655963 0 0.819434 0.819434 0.269285 0.0563007 0 0 0 0 0 0 0.838939 0 0 
0.26782 0.267885 1 0 0.0479554 0.458563 0.458326 0.968548 0.732348 1 1 0.554631 0.554631 0.0880596 0.100363 0 0 0 0.029193 0.442264 0 0 0 0.720501 0.630551 0 0.825477 0.825477 0.266619 0.029193 0 0 0 0 0 0 0.856597 0 0 
0.271412 0.271479 1 0 0.0496715 0.464951 0.464703 0.967181 0.730987 1 1 0.564326 0.564326 0.0917859 0.0611366 0 0 0 0.00834092 0.442264 0 0 0 0.731523 0.600894 0 0.831634 0.831634 0.259102 0.00834092 0 0 0 0 0 0 0.874553 0 0 
0.274806 0.274876 1 0 0.0513898 0.47099 0.470731 0.965333 0.729148 1 1 0.573144 0.573144 0.0891733 0.0292528 0 0 0 0 0.442264 0 0 0 0.7424 0.570406 0 0.837788 0.837788 0.249318 0 0 0 0 0 0 0 0.891166 0 0 
0.277987 0.27806 1 0 0.0531086 0.476654 0.476385 0.963045 0.72687 1 1 0.580692 0.580692 0.0829433 0.00783346 0 0 0 0 0.442264 0 0 0 0.753183 0.542503 0 0.843819 0.843819 0.238415 0 0 0 0 0 0 0 0.904792 0 0 
0.280939 0.281016 1 0 0.0548263 0.481917 0.481636 0.960353 0.72419 1 1 0.586572 0.586572 0.0755074 0 0 0 0 0 0.442264 0 0 0 0.763923 0.5206 0 0.849611 0.849611 0.227545 0 0 0 0 0 0 0 0.913791 0 0 
0.283622 0.283702 1 0 0.0565411 0.486717 0.486423 0.957297 0.721146 1 1 0.59039 0.59039 0.0692774 0 0 0 0 0 0.442264 0 0 0 0.774672 0.503322 0 0.855043 0.855043 0.217856 0 0 0 0 0 0 0 0.919282 0 0 
0.286012 0.286097 1 0 0.0582514 0.491028 0.490719 0.953915 0.717778 1 1 0.591751 0.591751 0.0666648 0 0 0 0 0 0.442264 0 0 0 0.78548 0.486934 0 0.86 0.86 0.210497 0 0 0 0 0 0 0 0.923581 0 0 
0.288128 0.288217 1 0 0.0599556 0.494878 0.494551 0.950246 0.714123 1 1 0.591421 0.591421 0.0712356 0 0 0 0 0 0.442264 0 0 0 0.796371 0.471302 0 0.864793 0.864793 0.206619 0 0 0 0 0.0038467 0.0038467 0 0.926832 0 0 
0.289984 0.290078 1 0 0.0616519 0.498291 0.497946 0.946329 0.71022 1 1 0.590434 0.590434 0.0839373 0 0 0 0 0 0.442264 0 0 0 0.807319 0.456294 0 0.869797 0.869797 0.205872 0 0 0 0 0.0144842 0.0144842 0 0.929181 0 0 
0.291599 0.291699 1 0 0.0633387 0.501294 0.50093 0.942201 0.706107 1 1 0.588795 0.588795 0.103254 0 0 0 0 0 0.442264 0 0 0 0.818301 0.441778 0 0.874989 0.874989 0.206905 0 0 0 0 0.0305585 0.0305585 0 0.930775 0 0 
0.292989 0.293094 1 0 0.0650142 0.503914 0.503529 0.937901 0.701822 1 1 0.586507 0.586507 0.127669 0 0 0 0 0 0.442264 0 0 0 0.829293 0.427623 0 0.880345 0.880345 0.209365 0 0 0 0 0.0507159 0.0507159 0 0.931759 0 0 
0.29417 0.294281 1 0 0.0666769 0.506176 0.50577 0.933468 0.697403 1 1 0.583575 0.583575 0.155666 0 0 0 0 0 0.442264 0 0 0 0.840273 0.413695 0 0.885841 0.885841 0.212898 0 0 0 0 0.073602 0.073602 0 0.932279 0 0 
0.29516 0.295276 1 0 0.0683251 0.508107 0.50768 0.928941 0.69289 1 1 0.580003 0.580003 0.18573 0 0 0 0 0 0.442264 0 0 0 0.851218 0.399862 0 0.891453 0.891453 0.217148 0 0 0 0 0.0978632 0.0978632 0 0.932481 0 0 
0.295974 0.296096 1 0 0.069957 0.509732 0.509284 0.924358 0.688319 1 1 0.575795 0.575795 0.216344 0 0 0 0 0 0.442264 0 0 0 0.862104 0.385993 0 0.897157 0.897157 0.221763 0 0 0 0 0.122145 0.122145 0 0.932511 0 0 
0.29663 0.296758 1 0 0.071571 0.511079 0.51061 0.919757 0.683729 1 1 0.570955 0.570955 0.245992 0 0 0 0 0 0.442264 0 0 0 0.872908 0.371954 0 0.90293 0.90293 0.226387 0 0 0 0 0.145095 0.145095 0 0.932515 0 0 
0.297144 0.297278 1 0 0.0731655 0.512174 0.511684 0.915178 0.679159 1 1 0.565488 0.565488 0.273158 0 0 0 0 0 0.442264 0 0 0 0.883607 0.357615 0 0.908748 0.908748 0.230667 0 0 0 0 0.165357 0.165357 0 0.932638 0 0 
0.297534 0.297673 1 0 0.0747387 0.513042 0.512532 0.910658 0.674647 1 1 0.559397 0.559397 0.296325 0 0 0 0 0 0.442264 0 0 0 0.894177 0.342843 0 0.914586 0.914586 0.234249 0 0 0 0 0.181579 0.181579 0 0.933027 0 0 
0.297815 0.297959 1 0 0.0762889 0.513709 0.513181 0.906237 0.670231 1 1 0.552688 0.552688 0.3135 0 0 0 0 0 0.442264 0 0 0 0.90586 0.325525 0 0.920421 0.920421 0.236779 0 0 0 0 0.193974 0.193974 0 0.933827 0 0 
0.298004 0.298152 1 0 0.0778146 0.514203 0.513658 0.901952 0.66595 1 1 0.545363 0.545363 0.325556 0 0 0 0 0 0.442264 0 0 0 0.918881 0.305409 0 0.926229 0.926229 0.238088 0 0 0 0 0.203762 0.203762 0 0.93456 0 0 
0.298118 0.298271 1 0 0.079314 0.514549 0.513989 0.897843 0.661841 1 1 0.537428 0.537428 0.335285 0 0 0 0 0 0.442264 0 0 0 0.931697 0.285146 0 0.931987 0.931987 0.238454 0 0 0 0 0.211102 0.211102 0 0.934765 0 0 
0.298175 0.298331 1 0 0.0807855 0.514773 0.5142 0.893948 0.657943 1 1 0.528886 0.528886 0.342829 0 0 0 0 0 0.442264 0 0 0 0.942762 0.267389 0 0.93767 0.93767 0.238192 0 0 0 0 0.21615 0.21615 0 0.934618 0 0 
0.298189 0.298348 1 0 0.0822273 0.514902 0.514318 0.890305 0.654295 1 1 0.519742 0.519742 0.348046 0 0 0 0 0 0.442264 0 0 0 0.950533 0.254789 0 0.943254 0.943254 0.237616 0 0 0 0 0.219064 0.219064 0 0.934296 0 0 
0.298179 0.29834 1 0 0.0836379 0.514961 0.51437 0.886953 0.650933 1 1 0.51 0.51 0.353293 0 0 0 0 0 0.442264 0 0 0 0.953467 0.25 0 0.948716 0.948716 0.23704 0 0 0 0 0.22 0.22 0 0.933974 0 0 
0.298161 0.298323 1 0 0.0850154 0.514978 0.514381 0.883931 0.647898 1 1 0.49932 0.49932 0.358654 0 0 0 0 0 0.440612 0 0 0 0.953467 0.25 0 0.954031 0.954031 0.236779 0 0 0 0 0.219178 0.219178 0 0.933827 0 0 
0.298151 0.298314 1 0 0.0863584 0.514977 0.514379 0.881276 0.645227 1 1 0.487439 0.487439 0.364045 0 0 0 0 0 0.435817 0 0 0 0.953467 0.25 0 0.959177 0.959177 0.236429 0 0 0 0 0.216793 0.216793 0 0.933336 0 0 
0.296355 0.296517 1 0 0.087665 0.511878 0.511284 0.879029 0.642958 1 1 0.474477 0.474477 0.371579 0 0 0 0 0 0.428121 0 0 0 0.953467 0.25 0 0.964129 0.964129 0.235416 0 0 0 0 0.212965 0.212965 0 0.931887 0 0 
0.29134 0.291499 1 0 0.0889336 0.503226 0.502643 0.877226 0.64113 1 1 0.460554 0.460554 0.382894 0 0 0 0 0 0.417765 0 0 0 0.953467 0.25 0 0.968863 0.968863 0.233793 0 0 0 0 0.207813 0.207813 0 0.929512 0 0 
0.283666 0.283821 1 0 0.0901625 0.489985 0.489419 0.875908 0.63978 1 1 0.44579 0.44579 0.396832 0 0 0 0 0 0.404992 0 0 0 0.953467 0.25 0 0.973355 0.973355 0.231612 0 0 0 0 0.20146 0.20146 0 0.926247 0 0 
0.273893 0.274042 1 0 0.0913501 0.473121 0.472577 0.875112 0.638948 1 1 0.430304 0.430304 0.411306 0 0 0 0 0 0.390043 0 0 0 0.953467 0.25 0 0.977582 0.977582 0.228927 0 0 0 0 0.194023 0.194023 0 0.922125 0 0 
0.26258 0.262722 1 0 0.0924947 0.4536 0.45308 0.874876 0.638671 1 1 0.414218 0.414218 0.424228 0 0 0 0 0 0.37316 0 0 0 0.953467 0.25 0 0.981519 0.981519 0.225791 0 0 0 0 0.185625 0.185625 0 0.917182 0 0 
0.250287 0.250422 1 0 0.0935946 0.432388 0.431893 0.878253 0.641952 1 1 0.397651 0.397651 0.433512 0 0 0 0 0 0.354585 0 0 0 0.953467 0.25 0 0.985143 0.985143 0.222257 0 0 0 0 0.176385 0.176385 0 0.91145 0 0 
0.237573 0.237701 1 0 0.0946481 0.410449 0.40998 0.887204 0.650722 1 1 0.380723 0.380723 0.43707 0 0 0 0 0 0.334559 0 0 0 0.953467 0.25 0 0.988431 0.988431 0.218378 0 0 0 0 0.166423 0.166423 0 0.904966 0 0 
0.224998 0.225119 1 0 0.0956536 0.388749 0.388305 0.900135 0.663412 1 1 0.363553 0.363553 0.437077 0 0 0 0 0 0.313324 0 0 0 0.953467 0.25 0 0.991357 0.991357 0.214207 0 0 0 0 0.15586 0.15586 0 0.897761 0 0 
0.213122 0.213237 1 0 0.0966094 0.368254 0.367833 0.915452 0.678454 1 1 0.346262 0.346262 0.4368 0 0.00601232 0 0 0 0.291122 0 0 0 0.953467 0.25 0 0.993898 0.993898 0.209797 0 0 0 0 0.144816 0.144816 0 0.889872 0 0 
0.202504 0.202614 1 0 0.0975137 0.34993 0.349526 0.931559 0.694278 1 1 0.328969 0.328969 0.435796 0 0.0224977 0 0 0 0.268195 0 0 0 0.953467 0.25 0 0.996031 0.996031 0.205202 0 0 0 0 0.133411 0.133411 0 0.881332 0 0 
0.193704 0.193811 1 0 0.0983651 0.334742 0.33435 0.946862 0.709317 1 1 0.311796 0.311796 0.43362 0 0.0471288 0 0 0 0.244784 0 0 0 0.953467 0.25 0 0.997732 0.997732 0.200473 0 0 0 0 0.121766 0.121766 0 0.872175 0 0 
0.187282 0.187387 1 0 0.0991616 0.323655 0.323269 0.959768 0.722001 1 1 0.294861 0.294861 0.429828 0 0.0775784 0 0 0 0.221132 0 0 0 0.953467 0.25 0 0.998976 0.998976 0.195665 0 0 0 0 0.11 0.11 0 0.862435 0 0 
0.183797 0.183903 1 0 0.0999018 0.317635 0.317247 0.96868 0.730762 1 1 0.278284 0.278284 0.423973 0 0.111519 0 0 0 0.19748 0 0 0 0.953467 0.25 0 0.99974 0.99974 0.190831 0 0 0 0 0.0982343 0.0982343 0 0.852148 0 0 
0.183915 0.184025 1 0 0.100586 0.317832 0.317429 0.972005 0.734031 1 1 0.262186 0.262186 0.415613 0 0.146623 0 0 0 0.174069 0 0 0 0.953467 0.25 0 1 1 0.186023 0 0 0 0 0.0865889 0.0865889 0 0.841347 0 0 
0.187451 0.187568 1 0 0.101215 0.323922 0.323494 0.971793 0.733925 1 1 0.246687 0.246687 0.400675 0 0.180564 0 0 0 0.151142 0 0 0.00841523 0.953467 0.25 0 0.997354 0.997354 0.181295 0 0 0 0 0.075184 0.075184 0 0.830066 0 0 
0.193684 0.19381 1 0 0.101792 0.334664 0.334201 0.971185 0.733601 1 1 0.231906 0.231906 0.378379 0 0.211013 0 0 0 0.12894 0 0 0.0318044 0.953467 0.25 0 0.990005 0.990005 0.176699 0 0 0 0 0.0641399 0.0641399 0 0.818339 0 0 
0.201893 0.202031 1 0 0.102318 0.348816 0.348312 0.970229 0.73305 1 1 0.217963 0.217963 0.353222 0 0.235645 0 0 0 0.107705 0 0 0.067382 0.953467 0.25 0 0.978838 0.978838 0.172289 0 0 0 0 0.0535768 0.0535768 0 0.806201 0 0 
0.21136 0.21151 1 0 0.102795 0.365136 0.364586 0.968967 0.73226 1 1 0.204979 0.204979 0.329699 0 0.25213 0 0 0 0.087679 0 0 0.112363 0.953467 0.25 0 0.964737 0.964737 0.168118 0 0 0 0 0.0436151 0.0436151 0 0.793687 0 0 
0.221363 0.221526 1 0 0.103224 0.382381 0.381784 0.967447 0.731221 1 1 0.193073 0.193073 0.314027 0 0.258142 0 0 0 0.0691037 0 0 0.163963 0.953467 0.25 0 0.948584 0.948584 0.164239 0 0 0 0 0.034375 0.034375 0 0.780829 0 0 
0.231183 0.231359 1 0 0.103608 0.399311 0.398667 0.965713 0.729925 1 1 0.182365 0.182365 0.298596 0 0.243843 0 0 0 0.0522206 0 0 0.219396 0.953467 0.25 0 0.931265 0.931265 0.160705 0 0 0 0 0.0259766 0.0259766 0 0.767663 0 0 
0.2401 0.240287 1 0 0.103946 0.414683 0.413996 0.96381 0.728359 1 1 0.172976 0.172976 0.267159 0 0.206965 0 0 0 0.0372716 0 0 0.275877 0.953467 0.25 0 0.913664 0.913664 0.157569 0 0 0 0 0.0185404 0.0185404 0 0.744112 0 0 
0.247394 0.247592 1 0 0.104243 0.427255 0.426529 0.961783 0.726515 1 1 0.165024 0.165024 0.204131 0 0.156541 0 0 0 0.0244986 0 0 0.330621 0.953467 0.25 0 0.896663 0.896663 0.154884 0 0 0 0 0.0121866 0.0121866 0 0.705751 0 0 
0.252344 0.25255 1 0 0.104498 0.435785 0.435029 0.959678 0.724382 1 1 0.158631 0.158631 0.125097 0 0.101601 0 0 0 0.0141431 0 0 0.380843 0.953467 0.25 0 0.881148 0.881148 0.152704 0 0 0 0 0.00703534 0.00703534 0 0.661094 0 0 
0.254231 0.254442 1 0 0.104713 0.439031 0.438255 0.95754 0.721951 1 1 0.153916 0.153916 0.0605663 0 0.0511769 0 0 0 0.00644699 0 0 0.423759 0.953467 0.25 0 0.868002 0.868002 0.15108 0 0 0 0 0.00320699 0.00320699 0 0.618656 0 0 
0.252885 0.2531 1 0 0.104891 0.436694 0.435909 0.955415 0.71921 1 1 0.150999 0.150999 0.0342867 0 0.0142994 0 0 0 0.00165204 0 0 0.451463 0.953467 0.25 0 0.861084 0.861084 0.150067 0 0 0 0 0.000821792 0.000821792 0 0.586949 0 0 
0.248961 0.249175 1 0 0.105033 0.429894 0.429108 0.953193 0.71612 1 1 0.15 0.15 0.0316136 0 0 0 0 0 0 0 0 0.46 0.953467 0.25 0 0.86 0.86 0.149718 0 0 0 0 0 0 0 0.574488 0 0 
0.242969 0.243182 1 0 0.10514 0.41952 0.418741 0.950755 0.712675 1 1 0.15 0.15 0.032587 0 0 0 0 0 0 0 0 0.456318 0.953467 0.25 0 0.861714 0.861714 0.154278 0 0 0 0 0 0 0 0.577408 0 0 
0.235424 0.235633 1 0 0.105214 0.406465 0.405697 0.948128 0.708917 1 1 0.15 0.15 0.035116 0 0 0 0 0 0 0 0 0.44592 0.953467 0.25 0 0.865714 0.865714 0.166278 0 0 0 0 0 0 0 0.584943 0 0 
0.226836 0.227042 1 0 0.105257 0.391616 0.390863 0.94534 0.704885 1 1 0.15 0.15 0.0389266 0 0 0 0 0 0 0 0 0.429775 0.953467 0.25 0 0.870286 0.870286 0.183199 0 0 0 0 0 0 0 0.595253 0 0 
0.21772 0.217921 1 0 0.10527 0.375865 0.375129 0.94242 0.700622 1 1 0.15 0.15 0.0437448 0 0 0 0 0 0 0 0 0.408855 0.953467 0.25 0 0.873714 0.873714 0.202523 0 0 0 0 0 0 0 0.6065 0 0 
0.208587 0.208784 1 0 0.105255 0.360102 0.359382 0.939393 0.696167 1 1 0.15 0.15 0.0492964 0 0 0 0 0 0 0 0 0.38413 0.953467 0.25 0 0.874286 0.874286 0.22173 0 0 0 0 0 0 0 0.616846 0 0 
0.199951 0.200143 1 0 0.105214 0.345216 0.344512 0.936289 0.691563 1 1 0.15 0.15 0.0553073 0 0 0 0 0 0 0 0 0.35657 0.953467 0.25 0 0.870286 0.870286 0.238301 0 0 0 0 0 0 0 0.624452 0 0 
0.192323 0.192512 1 0 0.105148 0.332098 0.331405 0.933134 0.686849 1 1 0.15 0.15 0.0615034 0 0 0 0 0 0 0 0 0.327147 0.953467 0.25 0 0.86 0.86 0.249718 0 0 0 0 0 0 0 0.62748 0 0 
0.186216 0.186403 1 0 0.105059 0.321637 0.320951 0.929957 0.682067 1 1 0.159444 0.159444 0.081193 0 0 0 0 0 0 0 0 0.27038 0.798342 0.200628 0 0.840258 0.840258 0.256702 0 0 0 0 0 0 0 0.625381 0 0 
0.181878 0.182065 1 0 0.104949 0.314324 0.313638 0.926784 0.677258 1 1 0.184341 0.184341 0.158813 0 0 0 0 0 0 0 0 0.196419 0.510251 0.109179 0 0.811437 0.811437 0.261843 0 0 0 0 0 0 0 0.619639 0 0 
0.178905 0.179093 1 0 0.104819 0.309481 0.30879 0.923644 0.672462 1 1 0.21954 0.21954 0.211444 0 0 0 0 0 0 0 0 0.159674 0.355126 0.0606585 0 0.777148 0.777148 0.265421 0 0 0 0 0 0 0 0.611461 0 0 
0.176835 0.177026 1 0 0.104671 0.306252 0.305553 0.920563 0.667721 1 1 0.25989 0.25989 0.186083 0 0 0 0 0 0 0 0 0.165452 0.417353 0.0817938 0 0.741 0.741 0.267718 0 0 0 0 0 0 0 0.602058 0 0 
0.175207 0.175401 1 0 0.104506 0.30378 0.303071 0.917571 0.663075 1 1 0.300241 0.300241 0.133303 0 0 0 0 0 0 0 0 0.180023 0.565742 0.130514 0 0.706602 0.706602 0.269015 0 0 0 0 0 0 0 0.592639 0 0 
0.173558 0.173754 1 0 0.104326 0.301205 0.300488 0.914694 0.658566 1 1 0.33544 0.33544 0.0880553 0 0 0 0 0 0 0 0 0.199243 0.742851 0.188623 0 0.677563 0.677563 0.269593 0 0 0 0 0 0 0 0.584414 0 0 
0.171427 0.171624 1 0 0.104133 0.297672 0.296948 0.911959 0.654234 1 1 0.360337 0.360337 0.0677142 0 0 0 0 0 0 0 0 0.218966 0.89124 0.237923 0 0.657492 0.657492 0.269734 0 0 0 0 0 0 0 0.578592 0 0 
0.168787 0.168986 1 0 0.103929 0.293161 0.292435 0.909396 0.65012 1 1 0.369781 0.369781 0.0622887 0 0 0 0 0 0 0 0 0.235049 0.953467 0.26022 0 0.65 0.65 0.269718 0 0 0 0 0 0 0 0.576383 0 0 
0.165961 0.166159 1 0 0.103714 0.288294 0.287565 0.90703 0.646266 1 1 0.369726 0.369726 0.0864526 0.0191883 0 0 0 0.00105153 0 0 0 0.248825 0.953467 0.262972 0 0.649613 0.649613 0.270857 0 0 0 0 0 0 0 0.576383 0 0 
0.163001 0.1632 1 0 0.103491 0.28317 0.28244 0.90489 0.642712 1 1 0.369575 0.369575 0.220694 0.0671579 0 0 0 0.00425248 0 0 0 0.263877 0.953467 0.265743 0 0.648413 0.648413 0.273953 0 0 0 0 0 0 0 0.576383 0 0 
0.159964 0.160163 1 0 0.103262 0.27789 0.27716 0.903004 0.639498 1 1 0.369348 0.369348 0.390161 0.129518 0 0 0 0.00967249 0 0 0 0.279432 0.953467 0.268492 0 0.64634 0.64634 0.27852 0 0 0 0 0 0 0 0.576383 0 0 
0.156905 0.157104 1 0 0.103027 0.272555 0.271826 0.901399 0.636667 1 1 0.369067 0.369067 0.473595 0.191878 0 0 0 0.0173812 0 0 0 0.294716 0.953467 0.271177 0 0.643335 0.643335 0.284074 0 0 0 0 0 0 0 0.576383 0 0 
0.153877 0.154076 1 0 0.102789 0.267266 0.266536 0.900102 0.634259 1 1 0.368751 0.368751 0.439861 0.239848 0 0 0 0.0274482 0 0 0 0.308956 0.953467 0.273756 0 0.63934 0.63934 0.290133 0 0 0 0 0 0 0 0.576383 0 0 
0.150937 0.151136 1 0 0.102549 0.262122 0.261393 0.899142 0.632315 1 1 0.368421 0.368421 0.359417 0.259036 0 0 0 0.0399433 0 0 0 0.321377 0.953467 0.276187 0 0.634295 0.634295 0.29621 0 0 0 0 0 0 0 0.576383 0 0 
0.148138 0.148338 1 0 0.102309 0.257225 0.256495 0.898545 0.630875 1 1 0.368099 0.368099 0.263404 0.232096 0 0 0 0.0549359 0 0 0 0.331208 0.953467 0.27843 0 0.628142 0.628142 0.301823 0 0 0 0 0 0 0 0.576383 0 0 
0.145537 0.145737 1 0 0.10207 0.252676 0.251943 0.89834 0.629982 1 1 0.367803 0.367803 0.18296 0.167855 0 0 0 0.0724958 0 0 0 0.337673 0.953467 0.280441 0 0.620821 0.620821 0.306487 0 0 0 0 0 0 0 0.576383 0 0 
0.143187 0.143388 1 0 0.101835 0.248574 0.247837 0.898298 0.629675 1 1 0.367556 0.367556 0.149226 0.0911805 0 0 0 0.0926926 0 0 0 0.34 0.953467 0.282181 0 0.612272 0.612272 0.309718 0 0 0 0 0 0 0 0.576383 0 0 
0.141144 0.141346 1 0 0.101604 0.245021 0.244279 0.89818 0.629659 1 1 0.367378 0.367378 0.155938 0.0269397 0 0 0 0.134075 0 0 0 0.325391 0.953467 0.283606 0 0.602438 0.602438 0.311519 0 0 0 0 0 0 0 0.576383 0 0 
0.139462 0.139667 1 0 0.10138 0.242117 0.241366 0.897998 0.629617 1 1 0.367289 0.367289 0.174665 0 0 0 0 0.197116 0 0 0 0.286875 0.953467 0.284675 0 0.591259 0.591259 0.312365 0 0 0 0 0 0 0 0.576383 0 0 
0.138197 0.138405 1 0 0.101163 0.239962 0.239202 0.897766 0.629559 1 1 0.367309 0.367309 0.203293 0 0.00195909 0 0 0.254772 0 0 0 0.232422 0.953467 0.285348 0 0.578676 0.578676 0.312475 0 0 0 0 0 0 0 0.576383 0 0 
0.137924 0.138136 1 0 0.100957 0.239589 0.238813 0.897496 0.629494 1 1 0.36746 0.36746 0.239708 0 0.0112195 0 0 0.28 0 0 0 0.17 0.953467 0.285581 0 0.564629 0.564629 0.312071 0 0 0 0 0 0 0 0.576383 0 0 
0.138939 0.139157 1 0 0.100761 0.241525 0.240724 0.8972 0.629433 1 1 0.367762 0.367762 0.281798 0 0.032856 0 0 0.274683 0 0 0 0.107579 0.953467 0.285722 0 0.492632 0.492632 0.311372 0 0 0 0 0 0 0 0.576383 0 0 
0.14088 0.141106 1 0 0.100579 0.245109 0.244279 0.896892 0.629385 1 1 0.368236 0.368236 0.327448 0 0.0772927 0 0 0.245476 0 0 0 0.0531255 0.953467 0.283844 0 0.428034 0.428034 0.3106 0 0 0 0 0 0 0 0.576383 0 0 
0.143385 0.14362 1 0 0.100411 0.249682 0.24882 0.896584 0.62936 1 1 0.368902 0.368902 0.436921 0 0.136318 0 0 0.155236 0 0 0 0.0146093 0.953467 0.276494 0 0.464153 0.464153 0.309975 0 0 0 0 0 0 0 0.576383 0 0 
0.14609 0.146335 1 0 0.100259 0.254586 0.25369 0.896289 0.629367 1 1 0.369781 0.369781 0.523029 0 0.187051 0 0 0.0888873 0 0 0 0 0.953467 0.26022 0 0.529418 0.529418 0.309718 0 0 0 0 0 0 0 0.576383 0 0 
0.148635 0.148888 1 0 0.100126 0.25916 0.258232 0.896019 0.629417 1 1 0.373593 0.373593 0.478007 0 0.206613 0 0 0.0972579 0 0 0 0 0.900651 0.225606 0 0.59819 0.59819 0.288817 0.0132945 0 0 0 0 0 0 0.576383 0.00106401 0.00376799 
0.150656 0.150918 1 0 0.100011 0.262746 0.261789 0.895787 0.629519 1 1 0.380692 0.380692 0.371843 0 0.182789 0 0 0.118845 0 0 0 0 0.764441 0.177173 0 0.661201 0.661201 0.239839 0.0475802 0 0 0 0 0 0 0.576383 0.00401523 0.0142107 
0.151485 0.151751 1 0 0.0999181 0.263949 0.262971 0.895607 0.629683 1 1 0.387543 0.387543 0.247889 0 0.131257 0 0 0.148363 0 0 0 0 0.578196 0.132369 0 0.6951 0.6951 0.183371 0.0944606 0 0 0 0 0 0 0.576383 0.0084924 0.0300365 
0.15169 0.151961 1 0 0.0998477 0.263815 0.262823 0.895489 0.629918 1 1 0.390611 0.390611 0.149499 0 0.0709754 0 0 0.180524 0 0 0 0 0.375271 0.0907756 0 0.716494 0.716494 0.14 0.145539 0 0 0 0 0 0 0.576383 0.0141343 0.0499533 
0.15277 0.153047 1 0 0.0998016 0.26535 0.264335 0.895448 0.630235 1 1 0.369712 0.369712 0.0855784 0 0.0209036 0 0 0.210042 0 0 0 0 0.189026 0.0475972 0 0.740037 0.740037 0.120759 0.19242 0 0 0 0 0 0 0.576383 0.0205797 0.0726696 
0.156222 0.15651 1 0 0.0997817 0.271554 0.270498 0.895495 0.630643 1 1 0.330899 0.330899 0.0414134 0 0 0 0 0.231629 0 0 0 0 0.052816 0.0137124 0 0.760964 0.760964 0.112602 0.226706 0 0 0 0 0 0 0.576383 0.0274672 0.0968933 
0.162352 0.162657 1 0 0.0997894 0.282956 0.281836 0.895644 0.631151 1 1 0.31 0.31 0.0249304 0 0 0 0 0.24 0 0 0 0 0 0 0 0.77 0.77 0.1 0.24 0 0 0 0 0 0 0.576383 0.0344358 0.121333 
0.170034 0.17036 1 0 0.0998263 0.297277 0.296081 0.895908 0.63177 1 1 0.327879 0.316184 0.0303645 0 0 0 0 0.2025 0.028832 0 0 0 0 0.000659479 0 0.706112 0.718121 0.073125 0.2025 0 0 0 0 0 0 0.554049 0.0411241 0.144696 
0.178617 0.178966 1 0 0.0998943 0.313317 0.312038 0.896298 0.632509 1 1 0.369012 0.330666 0.0439402 0 0 0 0 0.12 0.0968808 0 0 0 0 0.00246773 0 0.565558 0.603988 0.04 0.12 0 0 0 0 0 0 0.504394 0.0471709 0.165692 
0.187452 0.187824 1 0 0.0999948 0.329874 0.32851 0.896828 0.633378 1 1 0.414642 0.347343 0.0615669 0 0 0 0 0.0375 0.176475 0 0 0 0 0.00516947 0 0.425004 0.489855 0.011875 0.0375 0 0 0 0 0 0 0.453439 0.052215 0.183028 
0.195888 0.196282 1 0 0.10013 0.345746 0.3443 0.897509 0.634387 1 1 0.446012 0.360109 0.0791544 0 0 0 0 0 0.239944 0 0 0 0 0.00850942 0 0.361115 0.437976 0 0 0 0 0 0 0 0 0.427202 0.0564104 0.19724 
0.203274 0.203689 1 0 0.1003 0.359732 0.358212 0.898356 0.635546 1 1 0.462653 0.369129 0.0979299 0 0 0 0 0 0.282074 0 0 0 0 0.0122323 0.00147366 0.371106 0.448319 0.00314387 0 0 0 0 0 0 0 0.427458 0.0602105 0.209931 
0.208961 0.209393 1 0 0.100508 0.37063 0.36905 0.899381 0.636864 1 1 0.476628 0.378269 0.120278 0 0 0 0 0 0.311934 0 0 0 0 0.0160828 0.00541195 0.397436 0.475609 0.0115699 0 0 0 0 0 0 0 0.436678 0.0637025 0.221408 
0.212299 0.212741 1 0 0.100755 0.37724 0.375617 0.900595 0.63835 1 1 0.487975 0.38698 0.143843 0 0 0 0 0 0.323276 0 0 0 0 0.0198057 0.0110909 0.43464 0.514239 0.0237701 0 0 0 0 0 0 0 0.45193 0.0669739 0.231979 
0.210063 0.210505 1 0 0.101043 0.373836 0.372216 0.902013 0.640015 1 1 0.496733 0.394713 0.16627 0 0 0 0 0 0.316244 0 0 0 0 0.0231457 0.0177864 0.477255 0.5586 0.0382356 0 0 0 0 0 0 0 0.470279 0.070112 0.241952 
0.202026 0.202455 1 0 0.101374 0.360038 0.358467 0.903646 0.641869 1 1 0.502941 0.400916 0.185206 0 0 0 0 0 0.300437 0 0 0 0 0.0258474 0.0247744 0.519816 0.603086 0.0534584 0 0 0 0 0 0 0 0.488792 0.0732043 0.251634 
0.192028 0.192439 1 0 0.101748 0.342657 0.34115 0.905508 0.643921 1 1 0.506637 0.405042 0.198294 0 0 0 0 0 0.283786 0 0 0 0 0.0276557 0.0313309 0.556859 0.642088 0.0679301 0 0 0 0 0 0 0 0.504535 0.0763382 0.261334 
0.18391 0.184308 1 0 0.102168 0.328504 0.327044 0.907611 0.646181 1 1 0.507861 0.406539 0.203179 0 0 0 0 0 0.274223 0 0 0 0 0.0283151 0.0367319 0.582921 0.67 0.0801424 0 0 0 0 0 0 0 0.514576 0.079601 0.271358 
0.181511 0.18191 1 0 0.102636 0.32439 0.322929 0.909967 0.648659 1 1 0.507861 0.406539 0.203081 0 0 0 0 0 0.279316 0 0 0 0 0.0283151 0.0406899 0.58705 0.676787 0.0875491 0 0 0 0 0 0 0 0.51689 0.0835293 0.281213 
0.184072 0.184482 1 0 0.103152 0.32898 0.327478 0.91259 0.651364 1 1 0.507861 0.406539 0.201425 0 0 0 0 0 0.292309 0 0 0 0 0.0283151 0.0436126 0.571055 0.663897 0.0936039 0 0 0 0 0 0 0 0.509451 0.0857794 0.285922 
0.188074 0.188499 1 0 0.103713 0.336063 0.334506 0.919706 0.657964 1 1 0.507861 0.406539 0.196171 0 0 0 0 0 0.299651 0 0 0 0 0.0283151 0.0458189 0.54861 0.642946 0.105799 0 0 0 0 0 0 0 0.489321 0.0831888 0.277385 
0.193222 0.193664 1 0 0.104312 0.345129 0.343508 0.933512 0.670372 1 1 0.507861 0.406539 0.175025 0 0 0 0 0 0.268059 0 0 0 0.0244444 0.0506622 0.0478059 0.522417 0.616215 0.128074 0 0 0 0 0 0 0 0.453834 0.0765077 0.255368 
0.19922 0.199681 1 0 0.104947 0.355669 0.353978 0.950973 0.685965 1 1 0.507861 0.406539 0.135911 0 0 0 0 0 0.193561 0 0 0 0.0855556 0.10653 0.0497605 0.489481 0.581935 0.15638 0 0 0 0 0 0 0 0.408232 0.0673723 0.225263 
0.205772 0.206254 1 0 0.105619 0.367177 0.36541 0.969054 0.702119 1 1 0.507861 0.406539 0.0921151 0 0 0 0 0 0.106578 0 0 0 0.165 0.179158 0.0515359 0.454932 0.545639 0.186221 0 0 0 0 0 0 0 0.361444 0.0574189 0.192462 
0.212583 0.213086 1 0 0.106325 0.379142 0.377297 0.984723 0.716212 1 1 0.507861 0.406539 0.0569215 0 0 0 0 0 0.0375286 0 0 0 0.244444 0.251785 0.0529856 0.423902 0.512862 0.213101 0 0 0 0 0 0 0 0.322398 0.0482835 0.162357 
0.219356 0.219881 1 0 0.107064 0.391057 0.389134 0.994943 0.725619 1 1 0.507861 0.406539 0.0405381 0 0 0 0 0 0.00627885 0 0 0 0.305556 0.307653 0.053963 0.401522 0.489138 0.232526 0 0 0 0 0 0 0 0.306375 0.0416024 0.14034 
0.225796 0.226341 1 0 0.107836 0.402414 0.400416 1 0.731374 1 1 0.507861 0.406539 0.0373867 0 0 0 0 0 0 0 0 0 0.33 0.33 0.0543213 0.392921 0.48 0.24 0 0 0 0 0 0 0 0.296127 0.0390118 0.131803 
0.231608 0.232172 1 0 0.108639 0.412704 0.410635 1 0.736311 1 1 0.508373 0.408283 0.0730552 0 0 0 0 0 0.0284874 0 0 0 0.294038 0.312339 0.0533671 0.428942 0.514876 0.210868 0 0 0 0 0 0 0 0.195076 0.0488405 0.149189 
0.236496 0.237077 1 0 0.109473 0.421418 0.419287 1 0.740506 1 1 0.509324 0.41152 0.14203 0 0 0 0 0 0.0856634 0 0 0 0.222345 0.27692 0.051176 0.498748 0.582631 0.152958 0 0 0 0 0 0 0 0.201681 0.0683207 0.183973 
0.240163 0.240758 1 0 0.110335 0.428049 0.425865 1 0.744036 1 1 0.509836 0.413264 0.187258 0 0 0 0 0 0.129096 0 0 0 0.169217 0.25009 0.0487559 0.544955 0.627952 0.110504 0 0 0 0 0 0 0 0.224094 0.0824429 0.210092 
0.242262 0.24287 1 0 0.111225 0.432932 0.430704 1 0.746978 1 1 0.509631 0.412565 0.198957 0 0 0 0 0 0.148668 0 0 0 0.148036 0.238794 0.0466484 0.560358 0.643098 0.0945576 0 0 0 0 0 0 0 0.280046 0.0871659 0.221232 
0.24282 0.243438 1 0 0.112142 0.436835 0.434568 1 0.74941 1 1 0.509141 0.410897 0.206116 0 0 0 0 0 0.162922 0 0 0 0.134765 0.231502 0.0445909 0.574347 0.656272 0.0854294 0 0 0 0 0 0 0 0.321544 0.0892074 0.228854 
0.242096 0.242724 1 0 0.113085 0.439896 0.437594 1 0.751408 1 1 0.508556 0.408906 0.20985 0 0 0 0 0 0.172414 0 0 0 0.127564 0.226845 0.0423848 0.584431 0.666079 0.0812382 0 0 0 0 0 0 0 0.324259 0.0896965 0.233556 
0.240355 0.240991 1 0 0.114053 0.442252 0.439919 1 0.753048 1 1 0.508066 0.407239 0.211273 0 0 0 0 0 0.177701 0 0 0 0.124592 0.223457 0.0398313 0.588119 0.67112 0.0801028 0 0 0 0 0 0 0 0.326849 0.0897621 0.235937 
0.237857 0.238502 1 0 0.115043 0.444042 0.441681 1 0.754408 1 1 0.507861 0.406539 0.211499 0 0 0 0 0 0.179339 0 0 0 0.124011 0.219968 0.0367319 0.582921 0.67 0.0801424 0 0 0 0 0 0 0 0.329108 0.0905333 0.236598 
0.234866 0.235517 1 0 0.116057 0.445405 0.443018 1 0.755565 1 1 0.488101 0.386779 0.199876 0 0 0 0 0 0.160688 0 0 0.0316173 0.145434 0.21639 0.0322056 0.556459 0.647253 0.090376 0 0 0 0 0 0 0 0.331129 0.0867785 0.227318 
0.231642 0.2323 1 0 0.117091 0.446477 0.444065 1 0.756596 1 1 0.440981 0.339659 0.172158 0 0 0 0 0 0.116212 0 0 0.0971924 0.196519 0.213635 0.0263848 0.508501 0.59976 0.114837 0 0 0 0 0 0 0 0.333019 0.0754074 0.204566 
0.228448 0.229113 1 0 0.118146 0.447397 0.444961 1 0.757607 1 1 0.384741 0.283419 0.139076 0 0 0 0 0 0.0631274 0 0 0.15281 0.257492 0.211686 0.020591 0.454775 0.54464 0.144168 0 0 0 0 0 0 0 0.334596 0.0607616 0.175975 
0.225547 0.226218 1 0 0.119219 0.448303 0.445844 1 0.758648 1 1 0.337621 0.236299 0.111358 0 0 0 0 0 0.0186513 0 0 0.175405 0.308577 0.210529 0.0161456 0.411006 0.499013 0.169008 0 0 0 0 0 0 0 0.335677 0.0471826 0.149176 
0.2232 0.223877 1 0 0.12031 0.449333 0.446849 1 0.759716 1 1 0.317861 0.216539 0.099735 0 0 0 0 0 0 0 0 0.18 0.33 0.210146 0.0143701 0.392921 0.48 0.18 0 0 0 0 0 0 0 0.336078 0.0390118 0.131803 
0.221669 0.222354 1 0 0.121419 0.450626 0.448115 1 0.760803 1 1 0.317742 0.216421 0.100524 0 0 0 0 0 0 0 0 0.180241 0.33 0.210146 0.014409 0.405108 0.492187 0.18108 0 0 0 0 0 0 0 0.335652 0.0352292 0.122041 
0.221216 0.221909 1 0 0.122543 0.452319 0.449779 1 0.761904 1 1 0.317421 0.216099 0.117569 0 0 0 0 0 0 0 0 0.17579 0.33 0.210146 0.0145145 0.436536 0.523615 0.182395 0 0 0 0 0 0 0 0.334495 0.0318928 0.112954 
0.222105 0.222806 1 0 0.123681 0.45455 0.451978 1 0.763014 1 1 0.316947 0.215625 0.172823 0 0 0 0 0 0 0 0 0.158888 0.33 0.210146 0.01467 0.47951 0.566589 0.183899 0 0 0 0 0 0 0 0.33279 0.0289608 0.104495 
0.224595 0.225307 1 0 0.124833 0.457458 0.454849 1 0.764127 1 1 0.316371 0.215049 0.257562 0 0 0 0 0 0 0 0 0.119267 0.33 0.210146 0.0148589 0.526333 0.613411 0.185546 0 0 0 0 0 0 0 0.33072 0.0263914 0.096615 
0.228951 0.229674 1 0 0.125997 0.46118 0.45853 1 0.765237 1 1 0.315744 0.214423 0.347793 0 0 0 0 0 0 0 0 0.0657069 0.33 0.210146 0.0150643 0.569306 0.656385 0.187291 0 0 0 0 0 0 0 0.328467 0.0241431 0.0892654 
0.235433 0.236169 1 0 0.127172 0.465855 0.463158 1 0.766339 1 1 0.315118 0.213796 0.419525 0 0 0 0 0 0 0 0 0.0190151 0.33 0.210146 0.0152698 0.600735 0.687813 0.189087 0 0 0 0 0 0 0 0.326214 0.0221742 0.0823976 
0.244304 0.245054 1 0 0.128357 0.471621 0.468871 1 0.767427 1 1 0.314542 0.213221 0.448766 0 0 0 0 0 0 0 0 0 0.33 0.210146 0.0154587 0.612921 0.7 0.190888 0 0 0 0 0 0 0 0.324144 0.0204428 0.0759633 
0.255827 0.256593 1 0 0.129552 0.478615 0.475805 1 0.768495 1 1 0.314068 0.212747 0.444588 0 0 0 0 0 0 0 0 0.00908135 0.33 0.210146 0.0156142 0.603702 0.690781 0.192649 0 0 0 0 0 0 0 0.322439 0.0189074 0.0699138 
0.270262 0.271047 1 0 0.130754 0.486976 0.484098 1 0.769538 1 1 0.313747 0.212425 0.430555 0 0 0 0 0 0 0 0 0.0301042 0.33 0.210146 0.0157197 0.57935 0.666429 0.194325 0 0 0 0 0 0 0 0.321282 0.0175262 0.0642006 
0.332093 0.332925 1 0 0.131963 0.512788 0.509736 1 0.770549 1 1 0.313628 0.212306 0.404424 0 0 0 0 0 0 0 0 0.0590148 0.33 0.210146 0.0157586 0.544819 0.631897 0.195868 0 0 0 0 0 0 0 0.320856 0.0162576 0.0587754 
0.447283 0.448197 1 0 0.133177 0.55923 0.555882 1 0.771525 1 1 0.313763 0.212442 0.363949 0 0 0 0 0 0 0 0 0.0917593 0.33 0.210146 0.0157141 0.505064 0.592143 0.197233 0 0 0 0 0 0 0 0.321343 0.0150598 0.0535894 
0.558319 0.559315 1 0 0.134396 0.607084 0.603431 1 0.772458 1 1 0.314204 0.212882 0.282477 0 0 0 0 0 0 0 0 0.124284 0.33 0.210146 0.0155697 0.465042 0.552121 0.198375 0 0 0 0 0 0 0 0.322926 0.0138911 0.0485943 
0.607686 0.608734 1 0 0.135618 0.637128 0.633282 1 0.773343 1 1 0.314999 0.213678 0.176835 0 0 0 0 0 0 0 0 0.152535 0.33 0.210146 0.0153087 0.429707 0.516786 0.199247 0 0 0 0 0 0 0 0.325788 0.0127099 0.0437415 
0.587802 0.588875 1 0 0.136843 0.650001 0.64607 1 0.774175 1 1 0.316202 0.21488 0.109997 0 0 0 0 0.0140875 0 0 0 0.172458 0.33 0.210146 0.0149144 0.404015 0.491094 0.199804 0.0140875 0 0 0 0 0 0 0.330111 0.0114745 0.0389825 
0.537272 0.53836 1 0 0.138069 0.658616 0.654628 1 0.774947 1 1 0.317861 0.216539 0.099735 0 0 0 0 0.04945 0 0 0 0.18 0.33 0.210146 0.0143701 0.392921 0.48 0.2 0.04945 0 0 0 0 0 0 0.336078 0.0101431 0.0342687 
0.467854 0.468949 1 0 0.139294 0.662164 0.65815 1 0.775655 1 1 0.321367 0.220045 0.13702 0 0 0 0 0.0957375 0 0 0 0.166667 0.305556 0.19458 0.0132743 0.402082 0.489161 0.199936 0.0957375 0 0 0 0 0 0 0.35149 0.00878507 0.0296807 
0.391307 0.392399 1 0 0.140519 0.659834 0.65583 1 0.776292 1 1 0.32743 0.226108 0.175517 0 0 0 0 0.1426 0 0 0 0.133334 0.244445 0.155664 0.0114219 0.429315 0.516394 0.199794 0.1426 0 0 0 0 0 0 0.379459 0.00750161 0.0253445 
0.319392 0.32047 1 0 0.141742 0.650817 0.646863 1 0.776853 1 1 0.33508 0.233758 0.159079 0 0 0 0 0.179688 0 0 0 0.0900003 0.165001 0.105074 0.00909118 0.467818 0.554897 0.199652 0.179688 0 0 0 0 0 0 0.413137 0.00629861 0.0212801 
0.263866 0.264919 1 0 0.142961 0.634304 0.630442 1 0.777332 1 1 0.343348 0.242026 0.127449 0 0 0 0 0.205002 0 0 0 0.0466665 0.0855552 0.0544822 0.00656026 0.510789 0.597868 0.199588 0.205002 0 0 0 0 0 0 0.445673 0.00518199 0.0175076 
0.226847 0.227837 1 0 0.144175 0.594758 0.591126 1 0.777724 1 1 0.351265 0.249943 0.0946634 0 0 0 0 0.222329 0 0 0 0.0133333 0.0244443 0.0155663 0.00410748 0.551424 0.638503 0.199678 0.222329 0 0 0 0 0 0 0.470218 0.00415773 0.0140471 
0.201034 0.201926 1 0 0.145384 0.532506 0.529238 1 0.778023 1 1 0.357861 0.256539 0.0747572 0 0 0 0 0.23 0 0 0 0 0 0 0.00201103 0.582921 0.67 0.2 0.23 0 0 0 0 0 0 0.479922 0.00323174 0.0109186 
0.184069 0.184862 1 0 0.146587 0.47053 0.467623 1 0.778223 1 1 0.356975 0.255653 0.0952812 0 0 0 0 0.232233 0.0164417 0 0 0 0.00686947 0 0.000549129 0.608273 0.695352 0.200585 0.232233 0 0 0 0 0 0 0.466925 0.00240995 0.00814212 
0.173591 0.174324 1 0 0.147782 0.431812 0.429124 1 0.778319 1 1 0.362764 0.261442 0.12279 0 0 0 0 0.234315 0.0342738 0 0 0 0.0253258 0 0 0.633974 0.721053 0.201371 0.234315 0 0 0 0 0 0 0.453929 0.00169831 0.00573781 
0.166258 0.166965 1 0 0.148967 0.413694 0.411099 1 0.778305 1 1 0.388197 0.286875 0.112833 0 0 0 0 0.236175 0.0350124 0 0 0 0.0521408 0.00972259 0 0.658476 0.745555 0.202292 0.236175 0 0 0 0 0 0 0.461469 0.00110275 0.00372568 
0.160216 0.160902 1 0 0.150143 0.398082 0.395566 1 0.778175 1 1 0.421419 0.320097 0.0954821 0 0 0 0 0.237744 0.0325599 0 0 0 0.0840863 0.0346974 0 0.68023 0.767308 0.203282 0.237744 0 0 0 0 0 0 0.47903 0.0006292 0.00212578 
0.155342 0.156011 1 0 0.151308 0.384812 0.38236 1 0.777924 1 1 0.454709 0.353387 0.0858394 0 0 0 0 0.23895 0.0282575 0 0 0 0.117934 0.0686352 0 0.697686 0.784764 0.204278 0.23895 0 0 0 0 0 0 0.49902 0.000283601 0.000958159 
0.151513 0.152168 1 0 0.15246 0.373714 0.371314 1 0.777546 1 1 0.480346 0.379024 0.0779956 0 0 0 0 0.239726 0.0234463 0 0 0 0.150457 0.105246 0 0.709295 0.796374 0.205214 0.239726 0 0 0 0 0 0 0.51385 7.18897e-05 0.000242882 
0.148604 0.149248 1 0 0.153599 0.364624 0.362262 1 0.777035 1 1 0.490607 0.389286 0.0747572 0 0 0 0 0.24 0.0194674 0 0 0 0.178425 0.138242 0 0.713509 0.800588 0.206025 0.24 0 0 0 0 0 0 0.515929 0 0 
0.146492 0.147129 1 0 0.154723 0.357374 0.355039 1 0.776387 1 1 0.490607 0.389286 0.105052 0 0 0 0 0.21626 0.0158616 0 0 0 0.206006 0.173827 0 0.703747 0.790826 0.206769 0.21626 0 0 0 0 0 0 0.504951 0 0 
0.145054 0.145686 1 0 0.155832 0.351797 0.349479 1 0.775594 1 1 0.490607 0.389286 0.160271 0 0 0 0 0.160031 0.0116507 0 0 0 0.23701 0.217367 0 0.678176 0.765255 0.207494 0.160031 0 0 0 0 0 0 0.486854 0 0 
0.144165 0.144795 1 0 0.156924 0.347727 0.345415 1 0.774652 1 1 0.490607 0.389286 0.186916 0 0 0 0 0.0938026 0.00739686 0 0 0 0.267674 0.261307 0 0.642367 0.729445 0.208116 0.0938026 0 0 0 0 0 0 0.463417 0 0 
0.143701 0.144332 1 0 0.157999 0.344997 0.342682 1 0.773555 1 1 0.490607 0.389286 0.128438 0 0 0 0 0.0400624 0.00366232 0 0 0 0.294235 0.298095 0 0.601891 0.688969 0.208551 0.0400624 0 0 0 0 0 0 0.436417 0 0 
0.14354 0.144174 1 0 0.159054 0.34344 0.341114 1 0.772296 1 1 0.490607 0.389286 0.0473788 0 0 0 0 0.0100313 0.0010093 0 0 0 0.312932 0.320177 0 0.562319 0.649398 0.208714 0.0100313 0 0 0 0 0 0 0.407633 0 0 
0.143556 0.144196 1 0 0.160089 0.34289 0.340545 1 0.770101 1 1 0.490607 0.389286 0.0350037 0 0 0 0 0 0 0 0 0 0.32 0.32 0 0.529224 0.616302 0.20168 0 0 0 0 0 0 0 0.378843 0 0 
0.144309 0.144958 1 0 0.161103 0.344746 0.342365 1 0.766357 1 1 0.489588 0.387888 0.0496956 0 0 0 0 0 0 0 0 0 0.27 0.262224 0 0.503463 0.591708 0.170167 0 0 0 0 0 0 0 0.31853 0 0 
0.146264 0.146929 1 0 0.162095 0.350029 0.347589 1 0.761307 1 1 0.486673 0.383963 0.0853503 0 0 0 0 0 0 0 0 0 0.16 0.153088 0 0.480553 0.570742 0.10084 0 0 0 0 0 0 0 0.308388 0 0 
0.149163 0.14985 1 0 0.163064 0.358004 0.355487 1 0.755192 1 1 0.482072 0.377911 0.129336 0 0.0322039 0 0 0 0 0 0 0 0.05 0.047408 0 0.458049 0.548627 0.0315125 0 0 0 0 0 0 0 0.321643 0 0 
0.152748 0.153459 1 0 0.164008 0.367935 0.365326 0.997459 0.748255 1 1 0.475999 0.370133 0.169021 0 0.108998 0 0 0 0 0 0 0 0 0 0 0.433509 0.520588 0 0 0 0 0 0 0 0 0.325841 0 0 
0.15676 0.157498 1 0 0.164926 0.379084 0.376376 0.989039 0.740738 1 1 0.468665 0.361032 0.201622 0 0.200655 0 0 0 0 0 0 0 0.0185293 0 0 0.404489 0.484091 0.0124627 0 0 0 0 0 0 0 0.328248 0 0 
0.16094 0.161707 1 0 0.165817 0.390717 0.387907 0.980226 0.732882 1 1 0.460281 0.351008 0.298848 0 0.277449 0 0 0 0 0 0 0 0.0696278 0 0 0.371307 0.441368 0.0458628 0 0 0 0 0 0 0 0.331249 0 0 
0.16503 0.165824 1 0 0.166681 0.402098 0.399187 0.971263 0.72493 1 1 0.451061 0.340462 0.426978 0 0.309653 0 0 0 0 0 0 0 0.146561 0 0 0.335663 0.394789 0.0942181 0 0 0 0 0 0 0 0.334192 0 0 
0.168772 0.169591 1 0 0.167515 0.412489 0.409485 0.962395 0.717124 1 1 0.441215 0.329796 0.516672 0 0.286715 0 0 0 0 0 0 0 0.242598 0 0 0.299256 0.346727 0.151547 0 0 0 0 0 0 0 0.337101 0 0 
0.171906 0.172747 1 0 0.16832 0.421155 0.418071 0.953864 0.709706 1 1 0.430956 0.319411 0.549429 0 0.229372 0 0 0 0 0 0 0 0.350998 0 0 0.263788 0.299553 0.211866 0 0 0 0 0 0 0 0.339999 0 0 
0.174175 0.175033 1 0 0.169093 0.42736 0.424213 0.945915 0.702917 1 1 0.420495 0.309707 0.558508 0 0.154825 0 0 0 0 0 0 0 0.465034 0 0 0.230957 0.255637 0.269195 0 0 0 0 0 0 0 0.34291 0 0 
0.175319 0.176188 1 0 0.169834 0.430368 0.427181 0.938791 0.697001 1 1 0.410045 0.301087 0.432329 0 0.0802803 0.101634 0 0 0 0 0 0 0.577966 0.0499987 0 0.202463 0.217354 0.31755 0 0 0 0 0 0 0 0.366242 0 0 
0.17508 0.175953 1 0 0.170541 0.429442 0.426244 0.932736 0.692199 1 1 0.399817 0.293952 0.192462 0 0.0229366 0.306463 0 0 0 0 0 0 0.683066 0.16 0 0.180006 0.187071 0.35095 0 0 0 0 0 0 0 0.413772 0 0 
0.169223 0.170067 1 0 0.171214 0.413151 0.410055 0.927994 0.688752 1 1 0.390024 0.288703 0.0469459 0 0 0.464352 0 0 0 0 0 0 0.773594 0.269999 0 0.165285 0.167163 0.363413 0 0 0 0 0 0 0 0.46057 0 0 
0.156775 0.157554 1 0 0.171851 0.378736 0.375878 0.924807 0.686904 1 1 0.377495 0.287382 0.0350037 0 0 0.51 0 0 0 0 0 0 0.81 0.32 0 0.16 0.16 0.34168 0 0 0 0 0 0 0 0.48171 0 0 
0.142376 0.14308 1 0 0.172452 0.338479 0.335899 0.923421 0.686896 1 1 0.360828 0.290515 0.0409792 0 0 0.51 0 0 0.0427799 0 0 0 0.763366 0.286721 0 0.183919 0.183919 0.302659 0 0 0 0 0 0 0 0.467266 0 0 
0.130665 0.131307 1 0 0.173019 0.304658 0.302303 0.923118 0.688008 1 1 0.342883 0.296222 0.0804934 0 0 0.51 0 0 0.144797 0 0 0 0.652157 0.207359 0 0.24096 0.24096 0.259226 0 0 0.000897993 0.00137806 0.000897993 0.00137184 0 0.432823 0 0 
0.126281 0.126902 1 0 0.173559 0.289553 0.287277 0.923016 0.689351 1 1 0.326522 0.302624 0.154358 0 0 0.51 0 0 0.266556 0 0 0 0.519427 0.112641 0 0.30904 0.30904 0.21639 0 0 0.00333531 0.00511835 0.00333531 0.00509528 0 0.391714 0 0 
0.127494 0.128123 1 0 0.174072 0.288867 0.286559 0.923107 0.690916 1 1 0.314607 0.307843 0.221267 0 0 0.51 0 0 0.368574 0 0 0 0.408218 0.0332793 0 0.36608 0.36608 0.179154 0 0 0.00692725 0.0106305 0.00692725 0.0105826 0 0.35727 0 0 
0.129435 0.130077 1 0 0.174559 0.290008 0.287653 0.923383 0.692695 1 1 0.31 0.31 0.250414 0 0 0.51 0 0 0.411354 0 0 0 0.361584 0 0 0.39 0.39 0.152526 0 0 0.0112888 0.0173237 0.0112888 0.0172456 0 0.342827 0 0 
0.132041 0.132699 1 0 0.17502 0.292812 0.290397 0.923837 0.694676 1 1 0.305555 0.305555 0.220861 0 0 0.51 0 0 0.401302 0 0 0 0.373319 0 0 0.39 0.39 0.136871 0 0 0.0160352 0.0246076 0.0160352 0.0244967 0 0.343184 0 0 
0.135247 0.135925 1 0 0.175456 0.297114 0.294628 0.92446 0.696852 1 1 0.294445 0.294445 0.165978 0 0 0.51 0 0 0.374812 0 0 0 0.402654 0 0 0.39 0.39 0.128037 0 0 0.0207816 0.0318913 0.0207816 0.0317475 0 0.344732 0 0 
0.138988 0.139688 1 0 0.175868 0.30275 0.300183 0.925245 0.699211 1 1 0.28 0.28 0.136425 0 0 0.51 0 0 0.337381 0 0 0 0.440792 0 0 0.39 0.39 0.124251 0 0 0.0251432 0.0385847 0.0251432 0.0384107 0 0.348185 0 0 
0.143199 0.143924 1 0 0.176256 0.309556 0.306898 0.926184 0.701746 1 1 0.265555 0.265555 0.140766 0 0 0.51 0 0.0167583 0.294507 0 0 0 0.47893 0 0 0.39 0.39 0.123741 0.0167583 0 0.0287352 0.0440968 0.0287352 0.043898 0 0.354257 0 0 
0.147816 0.148568 1 0 0.176621 0.317368 0.314611 0.92727 0.704446 1 1 0.254445 0.254445 0.148828 0 0 0.51 0 0.0609375 0.251689 0 0 0 0.508265 0 0 0.39 0.39 0.124735 0.0609375 0 0.0311725 0.0478371 0.0311725 0.0476215 0 0.363662 0 0 
0.152775 0.153556 1 0 0.176964 0.326022 0.323158 0.928495 0.707301 1 1 0.25 0.25 0.153169 0 0 0.51 0 0.123399 0.214423 0 0 0 0.52 0 0 0.39 0.39 0.12546 0.123399 0 0.0320705 0.0492152 0.0320705 0.0489933 0 0.377115 0 0 
0.158009 0.158821 1 0 0.177285 0.335352 0.332377 0.929851 0.710303 1 1 0.267822 0.260317 0.147361 0 0.00656982 0.472223 0 0.195 0.177304 0 0 0 0.494699 0.0011847 0 0.4039 0.407642 0.131428 0.195 0 0.029695 0.0455697 0.029695 0.0453643 0 0.41609 0 0 
0.163456 0.1643 1 0 0.177585 0.345196 0.342104 0.93133 0.713442 1 1 0.31238 0.286111 0.13284 0 0.0241928 0.377778 0 0.266603 0.13485 0 0 0 0.431443 0.00437651 0 0.440548 0.454154 0.146347 0.266603 0 0.0237559 0.0364557 0.0237559 0.0362913 0 0.489304 0 0 
0.16905 0.169926 1 0 0.177865 0.355388 0.352177 0.932925 0.716708 1 1 0.370303 0.319642 0.113964 0 0.0497371 0.255002 0 0.329062 0.0924528 0 0 0 0.349214 0.00903163 0 0.49236 0.519912 0.165742 0.329062 0 0.0160354 0.0246078 0.0160354 0.0244968 0 0.578324 0 0 
0.174727 0.175636 1 0 0.178125 0.365764 0.362432 0.934629 0.720092 1 1 0.428228 0.353175 0.0950863 0 0.0800734 0.132222 0 0.373243 0.0554971 0 0 0 0.266981 0.0146067 0 0.551755 0.595294 0.185138 0.373243 0 0.00831457 0.0127595 0.00831457 0.012702 0 0.664728 0 0 
0.180422 0.181364 1 0 0.178365 0.376161 0.372707 0.936432 0.723584 1 1 0.472784 0.378968 0.0805657 0 0.112069 0.0377788 0 0.39 0.0293731 0 0 0 0.203727 0.0205577 0 0.611148 0.670674 0.200057 0.39 0 0.00237565 0.00364567 0.00237565 0.00362923 0 0.730083 0 0 
0.18607 0.187045 1 0 0.178588 0.386414 0.382838 0.938328 0.727176 1 1 0.490607 0.389286 0.0747572 0 0.142595 0 0 0.383432 0.0194674 0 0 0 0.178425 0.0263414 0 0.662961 0.736434 0.206025 0.383432 0 0 0 0 0 0 0.755964 0 0 
0.191606 0.192614 1 0 0.178793 0.396358 0.392663 0.940309 0.730856 1 1 0.490607 0.389286 0.0754 0 0.181355 0 0 0.365148 0.0203863 0 0 0 0.178737 0.0335322 0 0.699608 0.782945 0.204578 0.365148 0 0 0 0 0 0 0.752514 0 0 
0.198038 0.199084 1 0 0.17898 0.408353 0.404518 0.942367 0.734617 1 1 0.490607 0.389286 0.0766953 0 0.226756 0 0 0.337278 0.02303 0 0 0 0.17965 0.0437815 0 0.713509 0.800588 0.200436 0.337278 0 0 0 0 0 0 0.742756 0 0 
0.205992 0.207085 1 0 0.179152 0.423892 0.419886 0.944494 0.738448 1 1 0.490607 0.389286 0.0910269 0 0.25872 0 0 0.301953 0.0272285 0 0 0 0.181126 0.0566595 0 0.71128 0.798359 0.193891 0.301953 0 0 0 0 0 0 0.727578 0 0 
0.214834 0.215979 1 0 0.179307 0.441519 0.437322 0.946683 0.74234 1 1 0.490607 0.389286 0.120861 0 0.277303 0 0 0.261301 0.0328121 0 0 0 0.183131 0.0717376 0 0.704936 0.792015 0.185238 0.261301 0 0 0 0 0 0 0.707866 0 0 
0.223928 0.225127 1 0 0.179447 0.459775 0.455381 0.948926 0.746283 1 1 0.490607 0.389286 0.150369 0 0.29578 0 0 0.217456 0.0396107 0 0 0 0.185626 0.0885856 0 0.694991 0.78207 0.174771 0.217456 0 0 0 0 0 0 0.684508 0 0 
0.232642 0.233892 1 0 0.179573 0.477202 0.472619 0.951216 0.750269 1 1 0.490607 0.389286 0.163723 0 0.313909 0 0 0.172544 0.0474549 0 0 0 0.188576 0.106775 0 0.681959 0.769038 0.162784 0.172544 0 0 0 0 0 0 0.658392 0 0 
0.240339 0.241635 1 0 0.179685 0.492341 0.48759 0.953544 0.754287 1 1 0.490607 0.389286 0.152488 0 0.331443 0 0 0.128697 0.0561746 0 0 0 0.191945 0.125877 0 0.666355 0.753434 0.14957 0.128697 0 0 0 0 0 0 0.630404 0 0 
0.246385 0.247717 1 0 0.179784 0.503735 0.498849 0.955903 0.758327 1 1 0.490607 0.389286 0.127772 0 0.348137 0 0 0.0880472 0.0655996 0 0 0 0.195696 0.14546 0 0.648694 0.735773 0.135425 0.0880472 0 0 0 0 0 0 0.601433 0 0 
0.251193 0.252555 1 0 0.179871 0.512267 0.507272 0.958285 0.762382 1 1 0.490607 0.389286 0.103056 0 0.363746 0 0 0.0527213 0.0755607 0 0 0 0.199792 0.165098 0 0.62949 0.716569 0.120641 0.0527213 0 0 0 0 0 0 0.572365 0 0 
0.255577 0.256967 1 0 0.179945 0.51977 0.514677 0.960682 0.76644 1 1 0.490607 0.389286 0.0918213 0 0.378025 0 0 0.024852 0.0858875 0 0 0 0.204197 0.184359 0 0.609257 0.696336 0.105514 0.024852 0 0 0 0 0 0 0.544089 0 0 
0.259507 0.260921 1 0 0.180009 0.526215 0.521032 0.963088 0.770493 1 1 0.490607 0.389286 0.107532 0 0.390729 0 0 0.00656785 0.0964107 0 0 0 0.208876 0.202815 0 0.588509 0.675588 0.0903357 0.00656785 0 0 0 0 0 0 0.51749 0 0 
0.262949 0.264385 1 0 0.180061 0.53157 0.526307 0.965493 0.774531 1 1 0.490607 0.389286 0.144994 0 0.401612 0 0 0 0.10696 0 0 0 0.213791 0.220036 0 0.567762 0.65484 0.0754022 0 0 0 0 0 0 0 0.493458 0 0 
0.265874 0.267328 1 0 0.180104 0.535805 0.530472 0.967891 0.778544 1 1 0.490607 0.389286 0.189708 0 0.410429 0 0 0.000245122 0.117366 0 0 0 0.218906 0.235594 0 0.547528 0.634607 0.0610063 0.000855763 0 0 0 0 0 0 0.472879 0 0 
0.268248 0.269718 1 0 0.180138 0.538888 0.533496 0.970273 0.782524 1 1 0.490607 0.389286 0.22717 0 0.416935 0 0 0.000964379 0.127458 0 0 0 0.224185 0.249058 0 0.528324 0.615403 0.0474429 0.00335802 0 0 0 0 0 0 0.45664 0 0 
0.27004 0.271524 1 0 0.180163 0.540789 0.535348 0.972632 0.78646 1 1 0.490607 0.389286 0.242881 0 0.420885 0 0 0.00213369 0.137067 0 0 0 0.229591 0.26 0 0.510663 0.597741 0.0350052 0.00740953 0 0 0 0 0 0 0.445629 0 0 
0.271219 0.272713 1 0 0.180181 0.541477 0.535998 0.97496 0.790343 1 1 0.489739 0.388417 0.227993 0 0.423441 0 0 0.00372888 0.150161 0 0 0 0.235088 0.269334 0 0.495059 0.582138 0.0239879 0.0129127 0 0.000667471 0.00123778 0.000667471 0.00123308 0 0.439017 0 0 
0.271753 0.273255 1 0 0.180191 0.54092 0.535415 0.97725 0.794164 1 1 0.488002 0.38668 0.192491 0 0.425892 0 0 0.0057259 0.167923 0 0 0 0.24064 0.278255 0 0.482028 0.569106 0.0146845 0.0197703 0 0.00254989 0.00472867 0.00254989 0.00471089 0 0.435181 0 0 
0.271806 0.273313 1 0 0.180194 0.539431 0.533908 0.979493 0.797912 1 1 0.486699 0.385378 0.150119 0 0.42819 0 0 0.00810054 0.185998 0 0 0 0.24621 0.286757 0 0.472083 0.559161 0.00738955 0.0278848 0 0.00546706 0.0101386 0.00546706 0.0101009 0 0.433821 0 0 
0.271582 0.273092 1 0 0.180192 0.537378 0.531842 0.981683 0.80158 1 1 0.487134 0.385812 0.114617 0 0.430284 0 0 0.0108288 0.200036 0 0 0 0.251762 0.294833 0 0.465738 0.552817 0.0023966 0.037159 0 0.00923903 0.0171339 0.00923903 0.017071 0 0.434638 0 0 
0.271107 0.27262 1 0 0.180184 0.534818 0.529274 0.983811 0.805156 1 1 0.490607 0.389286 0.099729 0 0.432123 0 0 0.0138864 0.205682 0 0 0 0.257259 0.302475 0 0.463509 0.550588 0 0.0474951 0 0.0136855 0.0253805 0.0136855 0.0252884 0 0.43733 0 0 
0.27041 0.271924 1 0 0.180172 0.531807 0.526258 0.985869 0.808633 1 1 0.496253 0.394932 0.119823 0 0.433658 0 0 0.0172494 0.204792 0 0 0 0.262665 0.309675 0 0.46593 0.553009 0 0.0587964 0 0.0186266 0.0345448 0.0186266 0.0344213 0 0.441598 0 0 
0.269519 0.271032 1 0 0.180156 0.5284 0.522851 0.98785 0.811999 1 1 0.502308 0.400986 0.157945 0 0.434838 0 0 0.0208936 0.202218 0 0 0 0.267944 0.316428 0 0.472742 0.559821 0.000279506 0.070965 0 0.0238822 0.0442927 0.0238822 0.0441371 0 0.44714 0 0 
0.26846 0.269973 1 0 0.180136 0.524653 0.519107 0.989747 0.815246 1 1 0.508729 0.407408 0.18085 0 0.435613 0 0 0.0247948 0.198098 0 0 0 0.273059 0.322725 0 0.483269 0.570348 0.00201903 0.0839033 0 0.0292718 0.05429 0.0292718 0.0541031 0 0.453657 0 0 
0.267261 0.268772 1 0 0.180114 0.520622 0.515081 0.991551 0.818364 1 1 0.515476 0.414154 0.168254 0 0.435933 0 0 0.028929 0.192575 0 0 0 0.277974 0.328559 0 0.496837 0.583916 0.00472682 0.0975146 0 0.0346159 0.0642035 0.0346159 0.0639875 0 0.460848 0 0 
0.26595 0.26746 1 0 0.18009 0.516363 0.510829 0.993255 0.821344 1 1 0.522505 0.421183 0.140444 0 0.435748 0 0 0.033272 0.185787 0 0 0 0.282652 0.333924 0 0.512769 0.599847 0.00832898 0.111701 0 0.0397339 0.0736986 0.0397339 0.0734574 0 0.468413 0 0 
0.264555 0.266062 1 0 0.180065 0.511932 0.506407 0.994851 0.824176 1 1 0.529776 0.428454 0.125036 0 0.435007 0 0 0.0377998 0.177877 0 0 0 0.287058 0.338812 0 0.53039 0.617468 0.012752 0.126365 0 0.0444461 0.0824421 0.0444461 0.0821809 0 0.476052 0 0 
0.263102 0.264607 1 0 0.180039 0.507384 0.501869 0.996331 0.826851 1 1 0.537245 0.435924 0.125745 0 0.43366 0 0 0.0424881 0.168983 0 0 0 0.291154 0.343216 0 0.549024 0.636102 0.0179218 0.141409 0 0.048572 0.0900995 0.048572 0.0898252 0 0.483463 0 0 
0.261621 0.263122 1 0 0.180012 0.502776 0.497272 0.997687 0.829359 1 1 0.544873 0.443551 0.127986 0 0.431657 0 0 0.0473129 0.159246 0 0 0 0.294905 0.347129 0 0.567996 0.655074 0.023765 0.156737 0 0.0519318 0.0963374 0.0519318 0.0960584 0 0.490347 0 0 
0.260137 0.261635 1 0 0.179987 0.498164 0.49267 0.998913 0.831691 1 1 0.552616 0.451294 0.131932 0 0.428949 0 0 0.05225 0.148808 0 0 0 0.298273 0.350543 0 0.586629 0.673708 0.0302076 0.17225 0 0.0548075 0.101605 0.0548075 0.101322 0 0.496403 0 0 
0.258679 0.260175 1 0 0.179963 0.493603 0.488118 1 0.833837 1 1 0.560433 0.459111 0.137755 0 0.425483 0 0 0.0572755 0.137807 0 0 0 0.301224 0.353452 0 0.60425 0.691329 0.0371761 0.187852 0 0.0575712 0.106549 0.0575712 0.106257 0 0.501331 0 0 
0.257274 0.258768 1 0 0.17994 0.489149 0.483672 1 0.835643 1 1 0.568282 0.46696 0.145628 0 0.421212 0 0 0.0623649 0.126386 0 0 0 0.303719 0.355847 0 0.620182 0.707261 0.0445964 0.203444 0 0.060178 0.111129 0.060178 0.110827 0 0.504831 0 0 
0.25595 0.257442 1 0 0.179921 0.484859 0.479388 1 0.836982 1 1 0.576121 0.474799 0.187292 0 0.416083 0 0 0.0674945 0.114683 0 0 0 0.305723 0.357723 0 0.633749 0.720828 0.0523952 0.21893 0 0.0625832 0.115308 0.0625832 0.114997 0 0.508268 0 0 
0.254734 0.256225 1 0 0.179905 0.480787 0.475321 1 0.837882 1 1 0.583908 0.482587 0.25462 0 0.410048 0 0 0.0726398 0.102841 0 0 0 0.3072 0.359072 0 0.644277 0.731355 0.0604983 0.234211 0 0.0647417 0.119045 0.0647417 0.118731 0 0.512487 0 0 
0.253654 0.255145 1 0 0.179892 0.47699 0.471526 1 0.838371 1 1 0.591602 0.49028 0.287987 0 0.403055 0 0 0.077777 0.0909978 0 0 0 0.308113 0.359887 0 0.651089 0.738167 0.0688324 0.249192 0 0.0666087 0.122301 0.0666087 0.121994 0 0.516404 0 0 
0.252738 0.254229 1 0 0.179884 0.473524 0.468058 1 0.838479 1 1 0.59916 0.497838 0.272689 0 0.395055 0 0 0.0828817 0.0792956 0 0 0 0.308425 0.36016 0 0.653509 0.740588 0.0773233 0.263773 0 0.0681393 0.125037 0.0681393 0.12475 0 0.518937 0 0 
0.252013 0.253505 1 0 0.179882 0.470444 0.464972 1 0.838233 1 1 0.606651 0.505329 0.239827 0 0.385997 0 0 0.08793 0.0678739 0 0 0 0.301241 0.353522 0 0.63574 0.723638 0.0858978 0.277859 0 0.0692887 0.127214 0.0692887 0.126964 0 0.519001 0 0 
0.251455 0.25295 1 0 0.179885 0.467602 0.46212 1 0.837662 1 1 0.614176 0.512854 0.198474 0 0.375831 0 0 0.0928978 0.0568735 0 0 0 0.281544 0.335074 0 0.591 0.680538 0.0944818 0.291351 0 0.0700118 0.128793 0.0700118 0.128601 0 0.515515 0 0 
0.251015 0.252515 1 0 0.179895 0.464824 0.459326 0.99997 0.836794 1 1 0.621744 0.520422 0.157704 0 0.364508 0 0 0.0977607 0.0464351 0 0 0 0.252116 0.307012 0 0.532147 0.622914 0.103001 0.304152 0 0.0702639 0.129735 0.0702639 0.129625 0 0.507395 0 0 
0.250681 0.252186 1 0 0.179912 0.462128 0.456611 0.999105 0.835658 1 1 0.629366 0.528044 0.126588 0 0.351976 0 0 0.102495 0.0366986 0 0 0 0.215734 0.271532 0 0.472031 0.562388 0.111383 0.316165 0 0.07 0.13 0.07 0.13 0 0.493344 0 0 
0.25044 0.251952 1 0 0.179937 0.459536 0.453995 0.998118 0.834284 1 1 0.63705 0.535728 0.114201 0 0.329744 0 0 0.107076 0.0278049 0 0 0 0.175183 0.230832 0 0.423509 0.510588 0.119553 0.327292 0 0.069265 0.12981 0.069265 0.129967 0 0.473946 0 0 
0.250282 0.251801 1 0 0.17997 0.457067 0.4515 0.99703 0.832698 1 1 0.644806 0.543485 0.135489 0 0.292336 0 0 0.11148 0.019894 0 0 0 0.133241 0.187106 0 0.382874 0.463935 0.127438 0.337436 0 0.0681452 0.129364 0.0681452 0.129731 0 0.450945 0 0 
0.250195 0.251721 1 0 0.180013 0.454739 0.449145 0.995864 0.83093 1 1 0.652644 0.551322 0.157258 0 0.244233 0 0 0.115683 0.0131067 0 0 0 0.0926895 0.142555 0 0.338747 0.412261 0.134964 0.346499 0 0.0666579 0.128586 0.0666579 0.129205 0 0.426083 0 0 
0.250167 0.2517 1 0 0.180066 0.452573 0.446951 0.994639 0.829008 1 1 0.660573 0.559251 0.151977 0 0.18991 0 0 0.119661 0.00758308 0 0 0 0.0563084 0.0993707 0 0.292465 0.357294 0.142057 0.354385 0 0.0648203 0.127402 0.0648203 0.128301 0 0.4011 0 0 
0.250186 0.251727 1 0 0.180129 0.450589 0.444939 0.993376 0.826961 1 1 0.668601 0.56728 0.139104 0 0.133849 0 0 0.123389 0.00346391 0 0 0 0.0268799 0.0597533 0 0.24537 0.300767 0.148643 0.360995 0 0.0626499 0.125737 0.0626499 0.126932 0 0.377742 0 0 
0.250241 0.251789 1 0 0.180203 0.448805 0.443129 0.992098 0.824818 1 1 0.67674 0.575418 0.12599 0 0.0805234 0 0 0.126843 0.000889356 0 0 0 0.00718323 0.0258969 0 0.198799 0.244407 0.154648 0.366233 0 0.0601636 0.123517 0.0601636 0.125009 0 0.357748 0 0 
0.250319 0.251874 1 0 0.180289 0.447243 0.441541 0.990824 0.822606 1 1 0.684997 0.583676 0.119985 0 0.0344153 0 0 0.13 0 0 0 0 0 0 0 0.154093 0.189949 0.16 0.37 0 0.0573791 0.120667 0.0573791 0.122447 0 0.342861 0 0 
0.250409 0.25197 1 0 0.180387 0.44592 0.440196 0.989576 0.820354 1 1 0.694895 0.593573 0.13863 0 0 0 0 0.126829 0 0 0 0 0 0 0 0.112589 0.139119 0.164861 0.354433 0 0.0543133 0.117112 0.0543133 0.119156 0 0.3347 0 0 
0.2505 0.252066 1 0 0.180499 0.444857 0.439114 0.988375 0.818092 1 1 0.706811 0.605489 0.18524 0.0172889 0 0 0 0.11563 0 0 0 0 0 0 0 0.0756289 0.0936519 0.168889 0.31063 0 0.0509838 0.112778 0.0509838 0.115049 0 0.332414 0 0 
0.250579 0.25215 1 0 0.180565 0.444073 0.438316 0.98551 0.814143 1 1 0.719043 0.617721 0.245835 0.0194502 0 0 0 0.102875 0 0 0 0 0 0 0 0.0445501 0.0552749 0.17125 0.251938 0 0.0474076 0.10759 0.0474076 0.110039 0 0.334047 0 0 
0.250635 0.252208 1 0 0.180558 0.443589 0.437822 0.980727 0.806991 1 1 0.729888 0.628566 0.306428 0.012967 0 0 0 0.095037 0 0 0 0 0 0 0 0.0206933 0.0257208 0.171111 0.191705 0 0.0436023 0.101473 0.0436023 0.104039 0 0.337638 0 0 
0.250657 0.252231 1 0 0.180521 0.443423 0.437653 0.976237 0.796903 1 1 0.737644 0.636322 0.35304 0.00432236 0 0 0 0.0985878 0 0 0 0 0 0 0 0.00539654 0.00671864 0.167639 0.143276 0 0.0395848 0.0943522 0.0395848 0.0969601 0 0.341229 0 0 
0.249436 0.250208 1 0 0.180499 0.441538 0.434143 0.974249 0.784145 0.991981 0.991981 0.740607 0.639286 0.371685 0 0 0 0 0.12 0 0 0 0 0 0 0 0 0 0.16 0.12 0 0.0328326 0.0796452 0.0328326 0.0819819 0 0.342861 0 0 
0.245939 0.244435 1 0 0.193114 0.436137 0.424126 0.911548 0.712946 0.969092 0.969092 0.727151 0.628666 0.348328 0 0 0 0 0.161164 0 0 0 0 0 0 0 0 0 0.14742 0.119137 0 0.0226863 0.0556345 0.0226863 0.0573244 0 0.343824 0 0 
0.240416 0.235351 1 0 0.221964 0.427602 0.408365 0.773599 0.57371 0.93308 0.93308 0.690624 0.59984 0.293721 0 0 0 0 0.21672 0 0 0 0 0 0 0 0 0 0.13056 0.1276 0 0.0119573 0.0295412 0.0119573 0.0304592 0 0.346437 0 0 
0.233116 0.2234 1 0 0.253551 0.416316 0.387628 0.635653 0.435984 0.885698 0.885698 0.636797 0.557361 0.231067 0 0 0 0 0.282254 0 0 0 0 0 0 0 0 0 0.11074 0.143212 0 0.00345807 0.00858928 0.00345807 0.00886051 0 0.350288 0 0 
0.224286 0.209021 1 0 0.274383 0.402661 0.362679 0.572948 0.369301 0.828692 0.828692 0.571434 0.505777 0.183562 0 0 0 0 0.35336 0 0 0 0 0 0 0 0 0 0.08928 0.1638 0 0 0 0 0 0 0.354964 0 0 
0.214178 0.192657 0.985423 0 0.285332 0.38702 0.334286 0.576614 0.366541 0.763814 0.763814 0.500305 0.449644 0.15129 0 0 0 0 0.425624 0 0 0 0 0 0 0 0 0 0.0675003 0.187187 0 0 0 0 0 0 0.360053 0 0 
0.203038 0.174748 0.944606 0 0.296198 0.369773 0.303211 0.58691 0.373287 0.692812 0.692812 0.429174 0.393509 0.120244 0 0 0 0 0.49464 0 0 0 0 0 0 0 0 0 0.04672 0.2112 0 0 0 0 0 0 0.365141 0 0 
0.191117 0.155737 0.881925 0 0.306863 0.351305 0.270223 0.60278 0.388143 0.617437 0.617437 0.363812 0.341926 0.0924957 0 0 0 0 0.555994 0 0 0 0 0 0 0 0 0 0.0282603 0.233662 0 0 0 0 0 0 0.369818 0 0 
0.178664 0.136062 0.801749 0 0.317211 0.331996 0.236086 0.623169 0.409713 0.539437 0.539437 0.309983 0.299446 0.0701126 0 0 0 0 0.60528 0 0 0 0 0 0 0 0 0 0.01344 0.2524 0 0 0 0 0 0 0.373669 0 0 
0.165927 0.116168 0.708456 0 0.327126 0.31223 0.201567 0.647022 0.436602 0.460563 0.460563 0.273457 0.27062 0.0551655 0 0 0 0 0.638085 0 0 0 0 0 0 0 0 0 0.0035801 0.265237 0 0 0 0 0 0 0.376282 0 0 
0.153156 0.096494 0.606414 0 0.336491 0.292388 0.16743 0.673283 0.467414 0.382563 0.382563 0.26 0.26 0.049723 0 0 0 0 0.65 0 0 0 0 0 0 0 0 0 0 0.27 0 0 0 0 0 0 0.377244 0 0 
0.140599 0.0774823 0.500002 0 0.34519 0.272853 0.134442 0.700898 0.500752 0.307188 0.307188 0.299057 0.286434 0.0788317 0 0 0.0176044 0 0.613865 0.0119512 0.0168092 0 0 0 0 0 0 0 0 0.263772 0 0 0 0 0 0 0.373714 0 0 
0.128506 0.0595733 0.393586 0 0.353107 0.254006 0.103367 0.728811 0.535222 0.236186 0.236186 0.40013 0.354881 0.139941 0 0 0.0618267 0 0.521119 0.0429411 0.0603301 0 0 0 0 0 0 0 0 0.247552 0 0 0 0 0 0 0.364252 0 0 
0.117125 0.0432092 0.291547 0 0.360124 0.236231 0.0749736 0.755967 0.569426 0.171308 0.171308 0.539059 0.449055 0.193718 0 0 0.119775 0 0.39526 0.0856707 0.120198 0 0 0 0 0 0 0 0 0.22504 0 0 0 0 0 0 0.350554 0 0 
0.106706 0.0288305 0.198251 0 0.366127 0.219909 0.0500247 0.781311 0.60197 0.114302 0.114302 0.691695 0.552676 0.223247 0 0 0.178563 0 0.259775 0.132845 0.186052 0 0 0 0 0 0 0 0 0.199935 0 0 0 0 0 0 0.334313 0 0 
0.0974973 0.0168789 0.118075 0 0.370999 0.205423 0.0292872 0.803788 0.631457 0.0669187 0.0669187 0.83388 0.649458 0.234741 0 0 0.225299 0 0.138162 0.177166 0.247528 0 0 0 0 0 0 0 0 0.175938 0 0 0 0 0 0 0.317225 0 0 
0.0897486 0.00779601 0.0553936 0 0.374622 0.193154 0.0135271 0.822342 0.656491 0.0309083 0.0309083 0.941455 0.723113 0.23081 0 0 0.247094 0 0.053917 0.211334 0.294263 0 0 0 0 0 0 0 0 0.156746 0 0 0 0 0 0 0.300985 0 0 
0.0837084 0.00202249 0.0145769 0 0.376882 0.183486 0.00350929 0.837252 0.679572 0.00801842 0.00801842 0.993177 0.760454 0.220369 0 0 0.252064 0 0.0142793 0.230601 0.317725 0 0 0 0 0 0 0 0 0.142898 0 0 0 0 0 0 0.287286 0 0 
0.079626 0 0 0 0.377661 0.1768 0 0.849645 0.703378 0 0 1 0.770437 0.208265 0 0 0.25689 0 0.00114901 0.238452 0.323675 0 0 0 0 0 0 0 0 0.133477 0 0 0 0 0 0 0.277825 0 0 
0.0766807 0 0 0 0.377199 0.171835 0 0.859741 0.726781 0 0 1 0.77 0.19934 0 0 0.261532 0 0 0.239945 0.323196 0 0 0 0 0 0 0 0 0.13 0 0 0 0 0 0 0.274294 0 0 
0.0738837 0 0 0 0.375881 0.167072 0 0.867759 0.748653 0 0 1 0.77 0.194378 0 0 0.265947 0 0 0.24 0.323153 0 0 0 0 0 0 0 0 0.130129 0 0 0 0 0 0 0.274294 0 0 
0.0712313 0 0 0.000341886 0.373802 0.162507 0 0.873917 0.767869 0 0 1 0.77 0.190674 0 0 0.270093 0 0 0.24016 0.323027 0 0 0 0 0 0 0 0 0.130511 0 0 0 0 0 0 0.274294 0 0 
0.0687198 0 0 0.00108697 0.371062 0.158135 0 0.878436 0.783299 0 0 1 0.77 0.187844 0 0 0.27393 0 0 0.240424 0.322826 0 0 0 0 0 0 0 0 0.131139 0 0 0 0 0 0 0.274294 0 0 
0.0663455 0 0 0.00187566 0.367758 0.153952 0 0.881534 0.793817 0 0 1 0.77 0.185502 0 0 0.277415 0 0 0.240787 0.322557 0 0 0 0 0 0 0 0 0.132008 0 0 0 0 0 0 0.274294 0 0 
0.0641049 0 0 0.00270106 0.363988 0.149955 0 0.883505 0.80077 0 0 1 0.77 0.183263 0 0 0.280507 0 0 0.241247 0.322227 0 0 0 0 0 0 0 0 0.13311 0 0 0 0 0 0 0.274294 0 0 
0.0619942 0 0 0.00355637 0.35985 0.146139 0 0.884575 0.806334 0 0 1 0.77 0.180938 0 0 0.283056 0 0 0.241801 0.321844 0 0 0 0 0 0 0 0 0.13444 0 0 0 0 0 0 0.274294 0 0 
0.0600098 0 0 0.00443469 0.355441 0.1425 0 0.884865 0.810629 0 0 1 0.77 0.178664 0 0 0.285018 0 0 0.242444 0.321415 0 0 0 0 0 0 0 0 0.135991 0 0 0 0 0 0 0.274294 0 0 
0.058148 0 0 0.00532922 0.35086 0.139033 0 0.884498 0.813776 0 0 1 0.77 0.176539 0 0 0.286518 0 0 0.243173 0.320946 0 0 0 0 0 0 0 0 0.137756 0 0 0 0 0 0 0.274294 0 0 
0.0564053 0 0 0.00623307 0.346204 0.135734 0 0.883593 0.815895 0 0 1 0.77 0.174665 0 0 0.287675 0 0 0.243986 0.320446 0 0 0 0 0 0 0 0 0.139729 0 0 0 0 0 0 0.274294 0 0 
0.0547777 0 0 0.00713944 0.341571 0.1326 0 0.882273 0.817105 0 0 1 0.77 0.173141 0 0 0.288614 0 0 0.244879 0.319922 0 0 0 0 0 0 0 0 0.141903 0 0 0 0 0 0 0.274294 0 0 
0.0532619 0 0 0.00804145 0.33706 0.129626 0 0.880658 0.817527 0 0 1 0.77 0.172068 0 0 0.289455 0 0 0.245849 0.31938 0 0 0 0 0 0 0 0 0.144272 0 0 0 0 0 0 0.274294 0 0 
0.0518541 0 0 0.00893223 0.332767 0.126807 0 0.878869 0.817281 0 0 1 0.77 0.171545 0 0 0.29032 0 0 0.246893 0.318829 0 0 0 0 0 0 0 0 0.14683 0 0 0 0 0 0 0.274294 0 0 
0.0505505 0 0 0.00980497 0.328791 0.124141 0 0.877028 0.816486 0 0 1 0.77 0.171353 0 0 0.291256 0 0 0.248006 0.318274 0 0 0 0 0 0 0 0 0.14957 0 0 0 0 0 0 0.274294 0 0 
0.0493477 0 0 0.0106528 0.325229 0.121621 0 0.875256 0.815263 0 0 1 0.77 0.171202 0 0 0.292223 0 0 0.249187 0.317724 0 0 0 0 0 0 0 0 0.152486 0 0 0 0 0 0 0.274294 0 0 
0.0482418 0 0 0.0114689 0.32218 0.119245 0 0.873674 0.813731 0 0 1 0.77 0.171089 0 0 0.293219 0 0 0.250431 0.317186 0 0 0 0 0 0 0 0 0.155571 0 0 0 0 0 0 0.274294 0 0 
0.0472294 0 0 0.0122464 0.319741 0.117008 0 0.872403 0.812011 0 0 1 0.77 0.171014 0 0 0.294241 0 0 0.251735 0.316667 0 0 0 0 0 0 0 0 0.158818 0 0 0 0 0 0 0.274294 0 0 
0.0463066 0 0 0.0129784 0.31801 0.114906 0 0.871564 0.810223 0 0 1 0.77 0.170972 0 0 0.295284 0 0 0.253096 0.316174 0 0 0 0 0 0 0 0 0.162222 0 0 0 0 0 0 0.274294 0 0 
0.0454698 0 0 0.0137007 0.316723 0.112935 0 0.870972 0.808281 0 0 1 0.77 0.170963 0 0 0.296345 0 0 0.254511 0.315714 0 0 0 0 0 0 0 0 0.165776 0 0 0 0 0 0 0.274294 0 0 
0.0447154 0 0 0.0144515 0.315544 0.11109 0 0.870359 0.806036 0 0 1 0.77 0.170983 0 0 0.297422 0 0 0.255977 0.315295 0 0 0 0 0 0 0 0 0.169472 0 0 0 0 0 0 0.274294 0 0 
0.0440397 0 0 0.0152274 0.314471 0.109367 0 0.86973 0.803512 0 0 1 0.77 0.171031 0 0 0.298511 0 0 0.257489 0.314924 0 0 0 0 0 0 0 0 0.173306 0 0 0 0 0 0 0.274294 0 0 
0.0434391 0 0 0.0160254 0.313498 0.107763 0 0.869085 0.80073 0 0 1 0.77 0.171104 0 0 0.299607 0 0 0.259046 0.314608 0 0 0 0 0 0 0 0 0.17727 0 0 0 0 0 0 0.274294 0 0 
0.0429099 0 0 0.0168422 0.312621 0.106272 0 0.868429 0.797714 0 0 1 0.77 0.171199 0 0 0.300709 0 0 0.260643 0.314355 0 0 0 0 0 0 0 0 0.181358 0 0 0 0 0 0 0.274294 0 0 
0.0424484 0 0 0.0176746 0.311836 0.104892 0 0.867762 0.794488 0 0 1 0.77 0.171315 0 0 0.301812 0 0 0.262277 0.314171 0 0 0 0 0 0 0 0 0.185564 0 0 0 0 0 0 0.274294 0 0 
0.0420509 0 0 0.0185193 0.311139 0.103616 0 0.867087 0.791073 0 0 1 0.77 0.171449 0 0 0.302913 0 0 0.263945 0.314064 0 0 0 0 0 0 0 0 0.189881 0 0 0 0 0 0 0.274294 0 0 
0.0417139 0 0 0.0193731 0.310524 0.102442 0 0.866408 0.787494 0 0 1 0.77 0.171598 0 0 0.304009 0 0 0.265645 0.314041 0 0 0 0 0 0 0 0 0.194302 0 0 0 0 0 0 0.274294 0 0 
0.0414337 0 0 0.0202329 0.309987 0.101366 0 0.865725 0.783773 0 0 1 0.77 0.171761 0 0 0.305097 0 0 0.267371 0.31411 0 0 0 0 0 0 0 0 0.198821 0 0 0 0 0 0 0.274294 0 0 
0.0412065 0 0 0.0210954 0.309525 0.100382 0 0.865043 0.779933 0 0 1 0.77 0.171935 0 0 0.306172 0 0 0.269122 0.314277 0 0 0 0 0 0 0 0 0.203432 0 0 0 0 0 0 0.274294 0 0 
0.0410287 0 0 0.0219573 0.309132 0.0994867 0 0.864362 0.775997 0 0 1 0.77 0.172118 0 0 0.307232 0 0 0.270893 0.314549 0 0 0 0 0 0 0 0 0.208129 0 0 0 0 0 0 0.274294 0 0 
0.0408968 0 0 0.0228156 0.308804 0.0986763 0 0.863685 0.771989 0 0 1 0.77 0.172307 0 0 0.308274 0 0 0.272682 0.314935 0 0 0 0 0 0 0 0 0.212904 0 0 0 0 0 0 0.274294 0 0 
0.0408069 0 0 0.0236668 0.308537 0.0979462 0 0.863016 0.767931 0 0 1 0.77 0.1725 0 0 0.309293 0 0 0.274485 0.315441 0 0 0 0 0 0 0 0 0.217751 0 0 0 0 0 0 0.274294 0 0 
0.0407555 0 0 0.024508 0.308327 0.0972923 0 0.862355 0.763846 0 0 1 0.77 0.172695 0 0 0.310287 0 0 0.276299 0.316075 0 0 0 0 0 0 0 0 0.222664 0 0 0 0 0 0 0.274294 0 0 
0.0407389 0 0 0.0253357 0.308168 0.0967105 0 0.861707 0.759758 0 0 1 0.77 0.172889 0 0 0.311252 0 0 0.278121 0.316844 0 0 0 0 0 0 0 0 0.227637 0 0 0 0 0 0 0.274294 0 0 
0.0407534 0 0 0.0261468 0.308056 0.0961964 0 0.861072 0.755689 0 0 1 0.77 0.173081 0 0 0.312184 0 0 0.279947 0.317754 0 0 0 0 0 0 0 0 0.232662 0 0 0 0 0 0 0.274294 0 0 
0.0407954 0 0 0.0269382 0.307987 0.095746 0 0.860454 0.751663 0 0 1 0.77 0.173267 0 0 0.313081 0 0 0.281775 0.318814 0 0 0 0 0 0 0 0 0.237734 0 0 0 0 0 0 0.274294 0 0 
0.0408613 0 0 0.0277064 0.307957 0.095355 0 0.859854 0.747703 0 0 1 0.77 0.173445 0 0 0.313939 0 0 0.2836 0.32003 0 0 0 0 0 0 0 0 0.242845 0 0 0 0 0 0 0.274294 0 0 
0.0409472 0 0 0.0284485 0.307961 0.0950193 0 0.859276 0.74383 0 0 1 0.77 0.173614 0 0 0.314754 0 0 0.285419 0.32141 0 0 0 0 0 0 0 0 0.247991 0 0 0 0 0 0 0.274294 0 0 
0.0410497 0 0 0.029161 0.307995 0.0947346 0 0.858721 0.74007 0 0 1 0.77 0.17377 0 0 0.315524 0 0 0.28723 0.322961 0 0 0 0 0 0 0 0 0.253163 0 0 0 0 0 0 0.274294 0 0 
0.041165 0 0 0.0298409 0.308054 0.0944967 0 0.858193 0.736444 0 0 1 0.77 0.173912 0 0 0.316244 0 0 0.289029 0.32469 0 0 0 0 0 0 0 0 0.258356 0 0 0 0 0 0 0.274294 0 0 
0.0412895 0 0 0.0304849 0.308133 0.0943016 0 0.857693 0.732976 0 0 1 0.77 0.174037 0 0 0.316912 0 0 0.290813 0.326604 0 0 0 0 0 0 0 0 0.263564 0 0 0 0 0 0 0.274294 0 0 
0.0414194 0 0 0.0310898 0.308229 0.0941449 0 0.857224 0.729688 0 0 1 0.77 0.174143 0 0 0.317524 0 0 0.292577 0.328711 0 0 0 0 0 0 0 0 0.268779 0 0 0 0 0 0 0.274294 0 0 
0.0415513 0 0 0.0316523 0.308337 0.0940225 0 0.856788 0.726605 0 0 1 0.77 0.174227 0 0 0.318077 0 0 0.29432 0.331018 0 0 0 0 0 0 0 0 0.273995 0 0 0 0 0 0 0.274294 0 0 
0.0416813 0 0 0.0321693 0.308452 0.0939302 0 0.856388 0.723748 0 0 1 0.77 0.174287 0 0 0.318567 0 0 0.296038 0.333532 0 0 0 0 0 0 0 0 0.279206 0 0 0 0 0 0 0.274294 0 0 
0.0418059 0 0 0.0326375 0.308571 0.0938638 0 0.856026 0.721141 0 0 1 0.77 0.174321 0 0 0.318991 0 0 0.297727 0.336261 0 0 0 0 0 0 0 0 0.284405 0 0 0 0 0 0 0.274294 0 0 
0.0419214 0 0 0.0330537 0.308687 0.0938191 0 0.855704 0.718807 0 0 1 0.77 0.174327 0 0 0.319345 0 0 0.299384 0.339211 0 0 0 0 0 0 0 0 0.289586 0 0 0 0 0 0 0.274294 0 0 
0.042024 0 0 0.0334147 0.308799 0.093792 0 0.855425 0.716768 0 0 1 0.77 0.174301 0 0 0.319627 0 0 0.301007 0.34239 0 0 0 0 0 0 0 0 0.294743 0 0 0 0 0 0 0.274294 0 0 
0.0421102 0 0 0.0337172 0.308899 0.0937781 0 0.855192 0.715049 0 0 1 0.77 0.174243 0 0 0.319832 0 0 0.302591 0.345805 0 0 0 0 0 0 0 0 0.299868 0 0 0 0 0 0 0.274294 0 0 
0.0421764 0 0 0.0339582 0.308986 0.0937735 0 0.855006 0.713672 0 0 1 0.77 0.174149 0 0 0.319957 0 0 0.304133 0.349464 0 0 0 0 0 0 0 0 0.304956 0 0 0 0 0 0 0.274294 0 0 
0.0422187 0 0 0.0341343 0.309053 0.0937737 0 0.85487 0.712659 0 0 1 0.77 0.174017 0 0 0.32 0 0 0.30563 0.353373 0 0 0 0 0 0 0 0 0.31 0 0 0 0 0 0 0.274294 0 0 
0.0422336 0 0 0.0342423 0.309096 0.0937747 0 0.854787 0.712035 0 0 1 0.77 0.173845 0.000195799 0 0.324593 0 0 0.307079 0.357539 0 0 0 0 0 0 0 0 0.317491 0 0 0 0 0 0 0.274294 0 0 
0.0671363 0.0294181 0 0.034279 0.309112 0.103189 0.0107618 0.854759 0.711822 0 0 1 0.77 0.17363 0.021723 0 0.336901 0 0 0.308477 0.361971 0 0 0 0 0 0 0 0 0.329066 0 0 0 0 0 0 0.274294 0 0 
0.549763 0.534103 0 0.0301675 0.317415 0.199998 0.113193 0.873271 0.746111 0 0 1 0.77 0.172918 0.0959934 0 0.35472 0 0 0.308477 0.376694 0 0 0 0 0 0 0 0 0.343434 0 0 0 0 0 0 0.274294 0 0 
1 1 0 0.0217676 0.334539 0.283775 0.201201 0.911034 0.81609 0 0 1 0.77 0.171422 0.240115 0 0.375846 0 0 0.308477 0.407536 0 0 0 0 0 0 0 0 0.359308 0 0 0 0 0 0 0.274294 0 0 
0.935597 0.931572 0 0.0149803 0.348811 0.270298 0.188335 0.941391 0.872432 0 0 1 0.77 0.16939 0.429131 0 0.398074 0 0 0.308477 0.448212 0 0 0 0 0 0 0 0 0.375397 0 0 0 0 0 0 0.274294 0 0 
0.523404 0.490558 0 0.0116578 0.356663 0.186432 0.11986 0.956298 0.90035 0 0 1 0.77 0.167072 0.631327 0 0.4192 0 0 0.308477 0.492433 0 0 0 0 0 0 0 0 0.390413 0 0 0 0 0 0 0.274294 0 0 
0.188551 0.135104 0 0.00940086 0.362712 0.11131 0.0590091 0.966522 0.919713 0 0 1 0.77 0.164718 0.815011 0 0.437019 0 0 0.308477 0.533914 0 0 0 0 0 0 0 0 0.403068 0 0 0 0 0 0 0.274294 0 0 
0.134959 0.0886172 0 0.00773435 0.367553 0.0937747 0.0490188 0.973614 0.933171 0 0 1 0.77 0.162578 0.94847 0 0.449328 0 0 0.308477 0.566367 0 0 0 0 0 0 0 0 0.41207 0 0 0 0 0 0 0.274294 0 0 
0.134959 0.0886172 0 0.00618311 0.37178 0.0937747 0.0490188 0.979129 0.943375 0 0 1 0.77 0.1609 1 0 0.45392 0 0 0.308477 0.583504 0 0 0 0 0 0 0 0 0.416133 0 0 0 0 0 0 0.274294 0 0 
0.134959 0.0886172 0 0.00468866 0.375785 0.0937747 0.0490188 0.983324 0.950807 0 0 1 0.77 0.15957 0.998917 0 0.453762 0 0 0.308477 0.590261 0 0 0 0 0 0 0 0 0.416941 0 0 0 0 0 0 0.274294 0 0 
0.134959 0.0886172 0 0.00343941 0.379416 0.0937747 0.0490188 0.985799 0.954887 0 0 1 0.77 0.158303 0.995863 0 0.453315 0 0 0.308477 0.595816 0 0 0 0 0 0 0 0 0.417073 0 0 0 0 0 0 0.274294 0 0 
0.134959 0.0886172 0 0.00233022 0.382454 0.0937747 0.0490188 0.987123 0.956671 0 0 1 0.77 0.157092 0.991134 0 0.452618 0 0 0.308477 0.600256 0 0 0 0 0 0 0 0 0.416577 0 0 0 0 0 0 0.274294 0 0 
0.134959 0.0886172 0 0.00125609 0.384683 0.0937747 0.0490188 0.987863 0.957215 0 0 1 0.77 0.155928 0.985025 0 0.451713 0 0 0.308477 0.603662 0 0 0 0 0 0 0 0 0.415498 0 0 0 0 0 0 0.274294 0 0 
0.134959 0.0886172 0 0.000111877 0.385883 0.0937747 0.0490188 0.988588 0.957573 0 0 1 0.77 0.154805 0.97783 0 0.450638 0 0 0.308477 0.606118 0 0 0 0 0 0 0 0 0.413885 0 0 0 0 0 0 0.274294 0 0 
0.134959 0.0886172 0 0.000111877 0.38643 0.0937747 0.0490188 0.989466 0.958123 0 0 1 0.77 0.153714 0.969845 0 0.449436 0 0 0.308477 0.60771 0 0 0 0 0 0 0 0 0.411784 0 0 0 0 0 0 0.274294 0 0 
0.134959 0.0886172 0 0.000111877 0.386852 0.0937747 0.0490188 0.990288 0.958548 0 0 1 0.77 0.152648 0.961364 0 0.448144 0 0 0.308477 0.608519 0 0 0 0 0 0 0 0 0.409242 0 0 0 0 0 0 0.274294 0 0 
0.134959 0.0886172 0 0.000111877 0.38716 0.0937747 0.0490188 0.99106 0.958859 0 0 1 0.77 0.1516 0.952683 0 0.446805 0 0 0.308477 0.608631 0 0 0 0 0 0 0 0 0.406308 0 0 0 0 0 0 0.274294 0 0 
0.134959 0.0886172 0 0.000111877 0.387367 0.0937747 0.0490188 0.991786 0.959066 0 0 1 0.77 0.150562 0.944096 0 0.445458 0 0 0.308477 0.608129 0 0 0 0 0 0 0 0 0.403028 0 0 0 0 0 0 0.274294 0 0 
0.134959 0.0886172 0 0.000111877 0.387482 0.0937747 0.0490188 0.992471 0.959183 0 0 1 0.77 0.149527 0.935898 0 0.444143 0 0 0.308477 0.607096 0 0 0 0 0 0 0 0 0.399449 0 0 0 0 0 0 0.274294 0 0 
0.134959 0.0886172 0 0.000111877 0.387518 0.0937747 0.0490188 0.993122 0.959219 0 0 1 0.77 0.148486 0.928384 0 0.442901 0 0 0.308477 0.605616 0 0 0 0 0 0 0 0 0.395618 0 0 0 0 0 0 0.274294 0 0 
0.134959 0.0886172 0 0.000111877 0.387486 0.0937747 0.0490188 0.993741 0.959186 0 0 1 0.77 0.147432 0.921849 0 0.441771 0 0 0.308477 0.603773 0 0 0 0 0 0 0 0 0.391583 0 0 0 0 0 0 0.274294 0 0 
0.134959 0.0886172 0 0.000111877 0.387397 0.0937747 0.0490188 0.994335 0.959097 0 0 1 0.77 0.146359 0.916588 0 0.440795 0 0 0.308477 0.601651 0 0 0 0 0 0 0 0 0.38739 0 0 0 0 0 0 0.274294 0 0 
0.134959 0.0886172 0 0.000111877 0.387262 0.0937747 0.0490188 0.99491 0.958962 0 0 1 0.77 0.145281 0.912344 0 0.439873 0 0 0.308477 0.599334 0 0 0 0 0 0 0 0 0.383087 0 0 0 0 0 0 0.274294 0 0 
0.134959 0.0886172 0 0.000111877 0.387094 0.0937747 0.0490188 0.995468 0.958792 0 0 1 0.77 0.144217 0.908645 0 0.438904 0 0 0.308477 0.596905 0 0 0 0 0 0 0 0 0.378722 0 0 0 0 0 0 0.274294 0 0 
0.134959 0.0886172 0 0.000111877 0.386903 0.0937747 0.0490188 0.996017 0.9586 0 0 1 0.77 0.143165 0.905469 0 0.437921 0 0 0.308477 0.594448 0 0 0 0 0 0 0 0 0.374341 0 0 0 0 0 0 0.274294 0 0 
0.134959 0.0886172 0 0.000111877 0.3867 0.0937747 0.0490188 0.996561 0.958396 0 0 1 0.77 0.142122 0.902793 0 0.436959 0 0 0.308477 0.592048 0 0 0 0 0 0 0 0 0.369991 0 0 0 0 0 0 0.274294 0 0 
0.134959 0.0886172 0 0.000111877 0.386498 0.0937747 0.0490188 0.997104 0.958192 0 0 1 0.77 0.141085 0.900593 0 0.436052 0 0 0.308477 0.589786 0 0 0 0 0 0 0 0 0.36572 0 0 0 0 0 0 0.274294 0 0 
0.134959 0.0886172 0 0.000111877 0.386307 0.0937747 0.0490188 0.997653 0.957999 0 0 1 0.77 0.140053 0.898845 0 0.435233 0 0 0.308477 0.587748 0 0 0 0 0 0 0 0 0.361575 0 0 0 0 0 0 0.274294 0 0 
0.134959 0.0886172 0 0.000111877 0.386138 0.0937747 0.0490188 0.998212 0.95783 0 0 1 0.77 0.139023 0.897526 0 0.434537 0 0 0.308477 0.586017 0 0 0 0 0 0 0 0 0.357602 0 0 0 0 0 0 0.274294 0 0 
0.134959 0.0886172 0 0.000111877 0.386004 0.0937747 0.0490188 0.998786 0.957695 0 0 1 0.77 0.137992 0.896613 0 0.433997 0 0 0.308477 0.584677 0 0 0 0 0 0 0 0 0.35385 0 0 0 0 0 0 0.274294 0 0 
0.134959 0.0886172 0 0.000111877 0.385915 0.0937747 0.0490188 0.99938 0.957605 0 0 1 0.77 0.136957 0.896083 0 0.433649 0 0 0.308477 0.583812 0 0 0 0 0 0 0 0 0.350365 0 0 0 0 0 0 0.274294 0 0 
0.134959 0.0886172 0 0.000111877 0.385883 0.0937747 0.0490188 1 0.957573 0 0 1 0.77 0.135917 0.895911 0 0.433525 0 0 0.308477 0.583504 0 0 0 0 0 0 0 0 0.347195 0 0 0 0 0 0 0.274294 0 0 
